MANDT,MBLNR,MJAHR,ZEILE,LINE_ID,PARENT_ID,LINE_DEPTH,MAA_URZEI,BWART,XAUTO,MATNR,WERKS,LGORT,CHARG,INSMK,ZUSCH,ZUSTD,SOBKZ,LIFNR,KUNNR,KDAUF,KDPOS,KDEIN,PLPLA,SHKZG,WAERS,DMBTR,BNBTR,BUALT,SHKUM,DMBUM,BWTAR,MENGE,MEINS,ERFMG,ERFME,BPMNG,BPRME,EBELN,EBELP,LFBJA,LFBNR,LFPOS,SJAHR,SMBLN,SMBLP,ELIKZ,SGTXT,EQUNR,WEMPF,ABLAD,GSBER,KOKRS,PARGB,PARBU,KOSTL,PROJN,AUFNR,ANLN1,ANLN2,XSKST,XSAUF,XSPRO,XSERG,GJAHR,XRUEM,XRUEJ,BUKRS,BELNR,BUZEI,BELUM,BUZUM,RSNUM,RSPOS,KZEAR,PBAMG,KZSTR,UMMAT,UMWRK,UMLGO,UMCHA,UMZST,UMZUS,UMBAR,UMSOK,KZBEW,KZVBR,KZZUG,WEUNB,PALAN,LGNUM,LGTYP,LGPLA,BESTQ,BWLVS,TBNUM,TBPOS,XBLVS,VSCHN,NSCHN,DYPLA,UBNUM,TBPRI,TANUM,WEANZ,GRUND,EVERS,EVERE,IMKEY,KSTRG,PAOBJNR,PRCTR,PS_PSP_PNR,NPLNR,AUFPL,APLZL,AUFPS,VPTNR,FIPOS,SAKTO,BSTMG,BSTME,XWSBR,EMLIF,EXBWR,VKWRT,AKTNR,ZEKKN,VFDAT,CUOBJ_CH,EXVKW,PPRCTR,RSART,GEBER,FISTL,MATBF,UMMAB,BUSTM,BUSTW,MENGU,WERTU,LBKUM,SALK3,VPRSV,FKBER,DABRBZ,VKWRA,DABRZ,XBEAU,LSMNG,LSMEH,KZBWS,QINSPST,URZEI,J_1BEXBASE,MWSKZ,TXJCD,EMATN,J_1AGIRUPD,VKMWS,HSDAT,BERKZ,MAT_KDAUF,MAT_KDPOS,MAT_PSPNR,XWOFF,BEMOT,PRZNR,LLIEF,LSTAR,XOBEW,GRANT_NBR,ZUSTD_T156M,SPE_GTS_STOCK_TY,KBLNR,KBLPOS,XMACC,VGART_MKPF,BUDAT_MKPF,CPUDT_MKPF,CPUTM_MKPF,USNAM_MKPF,XBLNR_MKPF,TCODE2_MKPF,VBELN_IM,VBELP_IM,SGT_SCAT,SGT_UMSCAT,SGT_RCAT,/BEV2/ED_KZ_VER,/BEV2/ED_USER,/BEV2/ED_AEDAT,/BEV2/ED_AETIM,DISUB_OWNER,FSH_SEASON_YEAR,FSH_SEASON,FSH_COLLECTION,FSH_THEME,FSH_UMSEA_YR,FSH_UMSEA,FSH_UMCOLL,FSH_UMTHEME,SGT_CHINT,OINAVNW,OICONDCOD,CONDI,WRF_CHARSTC1,WRF_CHARSTC2,WRF_CHARSTC3
375,5000000010,2017,1,1,0,0,0,101,,KRYPTONITE,DL00,RM00,,,,,,125000,,,0,0,,S,USD,100000.00,0,106854.73,,0,,9983,LB,9983,LB,9983,LB,4500000002,10,,,0,,,0,X,,,,,,NA00,,,,,,,,,,,,2017,,,US00,,0,,0,0,0,,0,2,,,,,,,,,B,,,,0,,,,,0,0,0,,,,,0,,0,0,0,,,,,0,,,,0,0,0,,,,100,LB,,125000,0,0,,0,,0,0,,,,,KRYPTONITE,,ME01,WE01,X,X,0,0,S,,,0,,,0,,,,1,0,,,,,,,,,0,,,,,,,,,F,,,0,,WE,1/24/17,1/24/17,10:07:38 AM,GBI-085,,MIGO_GR,,0,,,,,,,12:00:00 AM,,,,,,,,,,,0,,,,,
375,5000000011,2017,1,1,0,0,0,101,,KRYPTONITE,DL00,RM00,,,,,,125000,,,0,0,,S,USD,100000.00,0,106855.00,,0,,4148,LB,4148,LB,4148,LB,4500000003,10,,,0,,,0,X,,,,,,NA00,,,,,,,,,,,,2017,,,US00,,0,,0,0,0,,0,2,,,,,,,,,B,,,,0,,,,,0,0,0,,,,,0,,0,0,0,,,,,0,,,,0,0,0,,,,100,LB,,125000,0,0,,0,,0,0,,,,,KRYPTONITE,,ME01,WE01,X,X,100,"100,000.00",S,,,0,,,0,,,,1,0,,,,,,,,,0,,,,,,,,,F,,,0,,WE,1/24/17,1/24/17,10:10:20 AM,GBI-085,,MIGO_GR,,0,,,,,,,12:00:00 AM,,,,,,,,,,,0,,,,,
375,5000000012,2017,1,1,0,0,0,101,,KRYPTONITE,DL00,RM00,,,,,,125000,,,0,0,,S,USD,200000.00,0,213710.00,,0,,4058,LB,4058,LB,4058,LB,4500000005,10,,,0,,,0,X,,,,,,NA00,,,,,,,,,,,,2017,,,US00,,0,,0,0,0,,0,2,,,,,,,,,B,,,,0,,,,,0,0,0,,,,,0,,0,0,0,,,,,0,,,,0,0,0,,,,200,LB,,125000,0,0,,0,,0,0,,,,,KRYPTONITE,,ME01,WE01,X,X,200,"200,000.00",S,,,0,,,0,,,,1,0,,,,,,,,,0,,,,,,,,,F,,,0,,WE,1/24/17,1/24/17,10:11:53 AM,GBI-085,,MIGO_GR,,0,,,,,,,12:00:00 AM,,,,,,,,,,,0,,,,,
375,5000000013,2017,1,1,0,0,0,101,,KRYPTONITE,DL00,RM00,,,,,,125000,,,0,0,,S,USD,1000000.00,0,1068550.00,,0,,17255,LB,17255,LB,17255,LB,4500000006,10,,,0,,,0,X,,,,,,NA00,,,,,,,,,,,,2017,,,US00,,0,,0,0,0,,0,2,,,,,,,,,B,,,,0,,,,,0,0,0,,,,,0,,0,0,0,,,,,0,,,,0,0,0,,,,"1,000",LB,,125000,0,0,,0,,0,0,,,,,KRYPTONITE,,ME01,WE01,X,X,400,"400,000.00",S,,,0,,,0,,,,1,0,,,,,,,,,0,,,,,,,,,F,,,0,,WE,1/24/17,1/24/17,10:30:26 AM,GBI-085,,MIGO_GR,,0,,,,,,,12:00:00 AM,,,,,,,,,,,0,,,,,
375,5000000014,2017,1,1,0,0,0,101,,ICAN HEADMASK,DL00,RM00,,,,,,125001,,,0,0,,S,USD,1000000.00,0,1399730.11,,0,,1010,EA,1010,EA,1010,EA,4500000007,10,,,0,,,0,X,,,,,,NA00,,,,,,,,,,,,2017,,,US00,,0,,0,0,0,,0,2,,,,,,,,,B,,,,0,,,,,0,0,0,,,,,0,,0,0,0,,,,,0,,,,0,0,0,,,,"1,000",EA,,125001,0,0,,0,,0,0,,,,,ICAN HEADMASK,,ME01,WE01,X,X,0,0,S,,,0,,,0,,,,1,0,,,,,,,,,0,,,,,,,,,F,,,0,,WE,1/24/17,1/24/17,11:50:30 AM,GBI-085,,MIGO_GR,,0,,,,,,,12:00:00 AM,,,,,,,,,,,0,,,,,
375,5000000015,2017,1,1,0,0,0,101,,KRYPTONITE,DL00,RM00,,,,,,125000,,,0,0,,S,USD,100000.00,0,106855.00,,0,,7890,LB,7890,LB,7890,LB,4500000009,10,,,0,,,0,X,,,,,,NA00,,,,,,,,,,,,2017,,,US00,,0,,0,0,0,,0,2,,,,,,,,,B,,,,0,,,,,0,0,0,,,,,0,,0,0,0,,,,,0,,,,0,0,0,,,,100,LB,,125000,0,0,,0,,0,0,,,,,KRYPTONITE,,ME01,WE01,X,X,"1,400","1,400,000.00",S,,,0,,,0,,,,1,0,,,,,,,,,0,,,,,,,,,F,,,0,,WE,1/24/17,1/24/17,3:37:46 PM,GBIFAC-01,,MIGO_GR,,0,,,,,,,12:00:00 AM,,,,,,,,,,,0,,,,,
375,5000000016,2017,1,1,0,0,0,101,,BOLT1000,DL00,RM00,,,,,,125002,,,0,0,,S,USD,1050.00,0,1050.00,,0,,1138,EA,1138,EA,1138,EA,4500000010,10,,,0,,,0,X,,,,,BI00,NA00,BI00,,,,,,,,,,,2017,,,US00,,0,,0,0,0,,0,2,,,,,,,,,B,,,,0,,,,,0,0,0,,,,,0,,0,0,0,,,,,0,,,,0,0,0,,,,10,EA,,125002,0,0,,0,,0,0,,,,,BOLT1000,,ME01,WE01,X,X,30,3,V,,,0,,,0,,,,1,0,,,,,,,,,0,,,,,,,,,F,,,0,,WE,1/24/17,1/24/17,6:51:53 PM,GBI-022,,MIGO_GR,,0,,,,,,,12:00:00 AM,,,,,,,,,,,0,,,,,
375,5000000017,2017,1,1,0,0,0,101,,DIAMOND,DL00,RM00,,,,,,125003,,,0,0,,S,USD,30000.00,0,30300.00,,0,,7622,LB,7622,LB,7622,LB,4500000012,10,,,0,,,0,X,,,,,,NA00,,,,,,,,,,,,2017,,,US00,,0,,0,0,0,,0,2,,,,,,,,,B,,,,0,,,,,0,0,0,,,,,0,,0,0,0,,,,,0,,,,0,0,0,,,,20,LB,,125003,0,0,,0,,0,0,,,,,DIAMOND-032,,ME01,WE01,X,X,0,0,S,,,0,,,0,,,,1,0,,,,,,,,,0,,,,,,,,,F,,,0,,WE,1/25/17,1/25/17,2:37:52 PM,GBI-032,,MIGO_GR,,0,,,,,,,12:00:00 AM,,,,,,,,,,,0,,,,,
375,5000000018,2017,1,1,0,0,0,101,,KRYPTONITE,DL00,RM00,,,,,,125004,,,0,0,,S,USD,10000.00,0,20000.00,,0,,11352,LB,11352,LB,11352,LB,4500000013,10,,,0,,,0,X,,,,,,NA00,,,,,,,,,,,,2017,,,US00,,0,,0,0,0,,0,2,,,,,,,,,B,,,,0,,,,,0,0,0,,,,,0,,0,0,0,,,,,0,,,,0,0,0,,,,10,LB,,125004,0,0,,0,,0,0,,,,,KRYPTONITE-005,,ME01,WE01,X,X,0,0,S,,,0,,,0,,,,1,0,,,,,,,,,0,,,,,,,,,F,,,0,,WE,1/25/17,1/25/17,2:53:51 PM,GBI-005,,MIGO_GR,,0,,,,,,,12:00:00 AM,,,,,,,,,,,0,,,,,
375,5000000019,2017,1,1,0,0,0,101,,KRYPTONITE,DL00,RM00,,,,,,125005,,,0,0,,S,USD,100000.00,0,20000.00,,0,,15088,LB,15088,LB,15088,LB,4500000014,10,,,0,,,0,X,,,,,,NA00,,,,,,,,,,,,2017,,,US00,,0,,0,0,0,,0,2,,,,,,,,,B,,,,0,,,,,0,0,0,,,,,0,,0,0,0,,,,,0,,,,0,0,0,,,,100,LB,,125005,0,0,,0,,0,0,,,,,KRYPTONITE-057,,ME01,WE01,X,X,0,0,S,,,0,,,0,,,,1,0,,,,,,,,,0,,,,,,,,,F,,,0,,WE,1/26/17,1/26/17,2:28:37 PM,GBI-057,,MIGO_GR,,0,,,,,,,12:00:00 AM,,,,,,,,,,,0,,,,,
375,5000000020,2017,1,1,0,0,0,101,,KRYPTONITE,DL00,RM00,,,,,,125000,,,0,0,,S,USD,100000.00,0,106855.00,,0,,8037,LB,8037,LB,8037,LB,4500000011,10,,,0,,,0,X,,,,,,NA00,,,,,,,,,,,,2017,,,US00,,0,,0,0,0,,0,2,,,,,,,,,B,,,,0,,,,,0,0,0,,,,,0,,0,0,0,,,,,0,,,,0,0,0,,,,100,LB,,125000,0,0,,0,,0,0,,,,,KRYPTONITE,,ME01,WE01,X,X,"1,500","1,500,000.00",S,,,0,,,0,,,,1,0,,,,,,,,,0,,,,,,,,,F,,,0,,WE,1/26/17,1/26/17,5:54:10 PM,GBIFAC-01,,MIGO_GR,,0,,,,,,,12:00:00 AM,,,,,,,,,,,0,,,,,
375,5000000021,2017,1,1,0,0,0,101,,ADAMANTIUM,DL00,RM00,,,,,,125008,,,0,0,,S,USD,50000.00,0,505000.00,,0,,19516,LB,19516,LB,19516,LB,4500000015,10,,,0,,,0,X,,,,,,NA00,,,,,,,,,,,,2017,,,US00,,0,,0,0,0,,0,2,,,,,,,,,B,,,,0,,,,,0,0,0,,,,,0,,0,0,0,,,,,0,,,,0,0,0,,,,100,LB,,125008,0,0,,0,,0,0,,,,,ADAMANTIUM-055,,ME01,WE01,X,X,0,0,S,,,0,,,0,,,,1,0,,,,,,,,,0,,,,,,,,,F,,,0,,WE,1/26/17,1/26/17,7:49:37 PM,GBI-055,,MIGO_GR,,0,,,,,,,12:00:00 AM,,,,,,,,,,,0,,,,,
375,5000000022,2017,1,1,0,0,0,101,,ICAN HEADMASK,DL00,RM00,,,,,,125001,,,0,0,,S,USD,1000000.00,0,1399730.11,,0,,1004,EA,1004,EA,1004,EA,4500000008,10,,,0,,,0,X,,,,,,NA00,,,,,,,,,,,,2017,,,US00,,0,,0,0,0,,0,2,,,,,,,,,B,,,,0,,,,,0,0,0,,,,,0,,0,0,0,,,,,0,,,,0,0,0,,,,"1,000",EA,,125001,0,0,,0,,0,0,,,,,ICAN HEADMASK,,ME01,WE01,X,X,"1,000","1,000,000.00",S,,,0,,,0,,,,1,0,,,,,,,,,0,,,,,,,,,F,,,0,,WE,1/27/17,1/27/17,6:23:10 PM,GBI-016,,MIGO_GR,,0,,,,,,,12:00:00 AM,,,,,,,,,,,0,,,,,
375,5000000023,2017,1,1,0,0,0,101,,KRYPTONITE,DL00,RM00,,,,,,125016,,,0,0,,S,USD,100000.00,0,92470.63,,0,,8462,LB,8462,LB,8462,LB,4500000019,10,,,0,,,0,X,,,,,,NA00,,,,,,,,,,,,2017,,,US00,,0,,0,0,0,,0,2,,,,,,,,,B,,,,0,,,,,0,0,0,,,,,0,,0,0,0,,,,,0,,,,0,0,0,,,,100,LB,,125016,0,0,,0,,0,0,,,,,KRYTONITE-029,,ME01,WE01,X,X,0,0,S,,,0,,,0,,,,1,0,,,,,,,,,0,,,,,,,,,F,,,0,,WE,1/27/17,1/27/17,10:52:27 PM,GBI-029,,MIGO_GR,,0,,,,,,,12:00:00 AM,,,,,,,,,,,0,,,,,
375,5000000024,2017,1,1,0,0,0,101,,KRYPTONITE,DL00,RM00,,,,,,125017,,,0,0,,S,USD,100000.00,0,20000.00,,0,,7441,LB,7441,LB,7441,LB,4500000020,10,,,0,,,0,X,,,,,,NA00,,,,,,,,,,,,2017,,,US00,,0,,0,0,0,,0,2,,,,,,,,,B,,,,0,,,,,0,0,0,,,,,0,,0,0,0,,,,,0,,,,0,0,0,,,,100,LB,,125017,0,0,,0,,0,0,,,,,KRYPTONITE-046,,ME01,WE01,X,X,0,0,S,,,0,,,0,,,,1,0,,,,,,,,,0,,,,,,,,,F,,,0,,WE,1/28/17,1/28/17,12:47:55 AM,GBI-046,,MIGO_GR,,0,,,,,,,12:00:00 AM,,,,,,,,,,,0,,,,,
375,5000000025,2017,1,1,0,0,0,101,,KRYPTONITE,DL00,RM00,,,,,,125014,,,0,0,,S,USD,100000.00,0,12345.68,,0,,8205,LB,8205,LB,8205,LB,4500000021,10,,,0,,,0,X,,,,,,NA00,,,,,,,,,,,,2017,,,US00,,0,,0,0,0,,0,2,,,,,,,,,B,,,,0,,,,,0,0,0,,,,,0,,0,0,0,,,,,0,,,,0,0,0,,,,100,LB,,125014,0,0,,0,,0,0,,,,,KRYPTONITE GBI-039,,ME01,WE01,X,X,0,0,S,,,0,,,0,,,,1,0,,,,,,,,,0,,,,,,,,,F,,,0,,WE,1/28/17,1/28/17,10:27:28 AM,GBI-039,,MIGO_GR,,0,,,,,,,12:00:00 AM,,,,,,,,,,,0,,,,,
375,5000000026,2017,1,1,0,0,0,101,,KRYPTONITE,DL00,RM00,,,,,,125020,,,0,0,,S,USD,10000.00,0,10100.00,,0,,4432,LB,4432,LB,4432,LB,4500000023,10,,,0,,,0,X,,,,,,NA00,,,,,,,,,,,,2017,,,US00,,0,,0,0,0,,0,2,,,,,,,,,B,,,,0,,,,,0,0,0,,,,,0,,0,0,0,,,,,0,,,,0,0,0,,,,10,LB,,125020,0,0,,0,,0,0,,,,,KRYPTONITE-019,,ME01,WE01,X,X,0,0,S,,,0,,,0,,,,1,0,,,,,,,,,0,,,,,,,,,F,,,0,,WE,1/28/17,1/28/17,3:57:05 PM,GBI-019,,MIGO_GR,,0,,,,,,,12:00:00 AM,,,,,,,,,,,0,,,,,
375,5000000027,2017,1,1,0,0,0,101,,KRYPTONITE,DL00,RM00,,,,,,125019,,,0,0,,S,USD,1000.00,0,1010.00,,0,,16295,LB,16295,LB,16295,LB,4500000022,10,,,0,,,0,X,,,,,,NA00,,,,,,,,,,,,2017,,,US00,,0,,0,0,0,,0,2,,,,,,,,,B,,,,0,,,,,0,0,0,,,,,0,,0,0,0,,,,,0,,,,0,0,0,,,,1,LB,,125019,0,0,,0,,0,0,,,,,KRYPTONITE-018,,ME01,WE01,X,X,0,0,S,,,0,,,0,,,,1,0,,,,,,,,,0,,,,,,,,,F,,,0,,WE,1/28/17,1/28/17,3:57:13 PM,GBI-018,,MIGO_GR,,0,,,,,,,12:00:00 AM,,,,,,,,,,,0,,,,,
375,5000000028,2017,1,1,0,0,0,101,,KRYPTONITE,DL00,RM00,,,,,,125018,,,0,0,,S,USD,1000000.00,0,949400.00,,0,,19379,LB,19379,LB,19379,LB,4500000024,10,,,0,,,0,X,,,,,,NA00,,,,,,,,,,,,2017,,,US00,,0,,0,0,0,,0,2,,,,,,,,,B,,,,0,,,,,0,0,0,,,,,0,,0,0,0,,,,,0,,,,0,0,0,,,,"1,000",LB,,125018,0,0,,0,,0,0,,,,,KRYPTONITE-017,,ME01,WE01,X,X,0,0,S,,,0,,,0,,,,1,0,,,,,,,,,0,,,,,,,,,F,,,0,,WE,1/28/17,1/28/17,7:01:10 PM,GBI-017,,MIGO_GR,,0,,,,,,,12:00:00 AM,,,,,,,,,,,0,,,,,
375,5000000029,2017,1,1,0,0,0,101,,KRYPTONITE,DL00,RM00,,,,,,125012,,,0,0,,S,USD,1000000.00,0,687070.58,,0,,717,LB,717,LB,717,LB,4500000027,10,,,0,,,0,X,,,,,,NA00,,,,,,,,,,,,2017,,,US00,,0,,0,0,0,,0,2,,,,,,,,,B,,,,0,,,,,0,0,0,,,,,0,,0,0,0,,,,,0,,,,0,0,0,,,,"1,000",LB,,125012,0,0,,0,,0,0,,,,,KRYPTONITE-024,,ME01,WE01,X,X,0,0,S,,,0,,,0,,,,1,0,,,,,,,,,0,,,,,,,,,F,,,0,,WE,1/29/17,1/29/17,12:58:59 PM,GBI-024,,MIGO_GR,,0,,,,,,,12:00:00 AM,,,,,,,,,,,0,,,,,
375,5000000030,2017,1,1,0,0,0,101,,CHRONIUM,DL00,RM00,,,,,,125022,,,0,0,,S,USD,5000.00,0,8400.00,,0,,2232,LB,2232,LB,2232,LB,4500000028,10,,,0,,,0,X,,,,,,NA00,,,,,,,,,,,,2017,,,US00,,0,,0,0,0,,0,2,,,,,,,,,B,,,,0,,,,,0,0,0,,,,,0,,0,0,0,,,,,0,,,,0,0,0,,,,100,LB,,125022,0,0,,0,,0,0,,,,,CHRONIUM-015,,ME01,WE01,X,X,0,0,S,,,0,,,0,,,,1,0,,,,,,,,,0,,,,,,,,,F,,,0,,WE,1/29/17,1/29/17,6:37:14 PM,GBI-015,,MIGO_GR,,0,,,,,,,12:00:00 AM,,,,,,,,,,,0,,,,,
375,5000000031,2017,1,4,0,0,0,101,,CHRONIUM,DL00,RM00,,,,,,125022,,,0,0,,S,USD,5000.00,0,3360.00,,0,,17534,LB,17534,LB,17534,LB,4500000030,10,,,0,,,0,X,,,,,,NA00,,,,,,,,,,,,2017,,,US00,,0,,0,0,0,,0,2,,,,,,,,,B,,,,0,,,,,0,0,0,,,,,0,,0,0,0,,,,,0,,,,0,0,0,,,,100,LB,,125022,0,0,,0,,0,0,,,,,CHRONIUM-015,,ME01,WE01,X,X,100,"5,000.00",S,,,0,,,0,,,,1,0,,,,,,,,,0,,,,,,,,,F,,,0,,WE,1/29/17,1/29/17,8:47:17 PM,GBI-015,,MIGO_GR,,0,,,,,,,12:00:00 AM,,,,,,,,,,,0,,,,,
375,5000000032,2017,1,1,0,0,0,101,,KRYPTONITE,DL00,RM00,,,,,,125024,,,0,0,,S,USD,1000.00,0,1020.00,,0,,8265,LB,8265,LB,8265,LB,4500000031,10,,,0,,,0,X,,,,,,NA00,,,,,,,,,,,,2017,,,US00,,0,,0,0,0,,0,2,,,,,,,,,B,,,,0,,,,,0,0,0,,,,,0,,0,0,0,,,,,0,,,,0,0,0,,,,1,LB,,125024,0,0,,0,,0,0,,,,,KRYPTONITE-010,,ME01,WE01,X,X,0,0,S,,,0,,,0,,,,1,0,,,,,,,,,0,,,,,,,,,F,,,0,,WE,1/29/17,1/29/17,8:56:54 PM,GBI-010,,MIGO_GR,,0,,,,,,,12:00:00 AM,,,,,,,,,,,0,,,,,
375,5000000033,2017,1,1,0,0,0,101,,KRYPTONITE,DL00,RM00,,,,,,125011,,,0,0,,S,USD,100000.00,0,24154.59,,0,,11295,LB,11295,LB,11295,LB,4500000017,10,,,0,,,0,X,,,,,,NA00,,,,,,,,,,,,2017,,,US00,,0,,0,0,0,,0,2,,,,,,,,,B,,,,0,,,,,0,0,0,,,,,0,,0,0,0,,,,,0,,,,0,0,0,,,,100,LB,,125011,0,0,,0,,0,0,,,,,KRYPTONITE-011,,ME01,WE01,X,X,0,0,S,,,0,,,0,,,,1,0,,,,,,,,,0,,,,,,,,,F,,,0,,WE,1/29/17,1/29/17,8:59:19 PM,GBI-011,,MIGO_GR,,0,,,,,,,12:00:00 AM,,,,,,,,,,,0,,,,,
375,5000000034,2017,1,1,0,0,0,101,,KRYPTONITE,DL00,RM00,,,,,,125007,,,0,0,,S,USD,20000.00,0,22000.00,,0,,15010,LB,15010,LB,15010,LB,4500000029,10,,,0,,,0,X,,,,,,NA00,,,,,,,,,,,,2017,,,US00,,0,,0,0,0,,0,2,,,,,,,,,B,,,,0,,,,,0,0,0,,,,,0,,0,0,0,,,,,0,,,,0,0,0,,,,20,LB,,125007,0,0,,0,,0,0,,,,,KRYPTONITE-040,,ME01,WE01,X,X,0,0,S,,,0,,,0,,,,1,0,,,,,,,,,0,,,,,,,,,F,,,0,,WE,1/30/17,1/30/17,3:33:28 PM,GBI-040,,MIGO_GR,,0,,,,,,,12:00:00 AM,,,,,,,,,,,0,,,,,
375,5000000035,2017,1,1,0,0,0,101,,KRYPTONITE,DL00,RM00,,,,,,125028,,,0,0,,S,USD,10000.00,0,10000.00,,0,,9522,LB,9522,LB,9522,LB,4500000033,10,,,0,,,0,X,,,,,,NA00,,,,,,,,,,,,2017,,,US00,,0,,0,0,0,,0,2,,,,,,,,,B,,,,0,,,,,0,0,0,,,,,0,,0,0,0,,,,,0,,,,0,0,0,,,,10,LB,,125028,0,0,,0,,0,0,,,,,KRYPTONITE-050,,ME01,WE01,X,X,0,0,S,,,0,,,0,,,,1,0,,,,,,,,,0,,,,,,,,,F,,,0,,WE,1/31/17,1/31/17,1:46:08 PM,GBI-050,,MIGO_GR,,0,,,,,,,12:00:00 AM,,,,,,,,,,,0,,,,,
375,5000000036,2017,1,1,0,0,0,101,,PALLADIUM,DL00,RM00,,,,,,125006,,,0,0,,S,USD,1000.00,0,32.13,,0,,329,G,329,G,329,G,4500000034,10,,,0,,,0,X,,,,,,NA00,,,,,,,,,,,,2017,,,US00,,0,,0,0,0,,0,2,,,,,,,,,B,,,,0,,,,,0,0,0,,,,,0,,0,0,0,,,,,0,,,,0,0,0,,,,10,G,,125006,0,0,,0,,0,0,,,,,PALLADIUM-035,,ME01,WE01,X,X,0,0,S,,,0,,,0,,,,1,0,,,,,,,,,0,,,,,,,,,F,,,0,,WE,1/31/17,1/31/17,3:57:10 PM,GBI-035,,MIGO_GR,,0,,,,,,,12:00:00 AM,,,,,,,,,,,0,,,,,
375,5000000037,2017,1,1,0,0,0,101,,KRYPTONITE,DL00,RM00,,,,,,125010,,,0,0,,S,USD,100000.00,0,107089.31,,0,,7220,LB,7220,LB,7220,LB,4500000035,10,,,0,,,0,X,,,,,,NA00,,,,,,,,,,,,2017,,,US00,,0,,0,0,0,,0,2,,,,,,,,,B,,,,0,,,,,0,0,0,,,,,0,,0,0,0,,,,,0,,,,0,0,0,,,,100,LB,,125010,0,0,,0,,0,0,,,,,KRYPTONITE-027,,ME01,WE01,X,X,0,0,S,,,0,,,0,,,,1,0,,,,,,,,,0,,,,,,,,,F,,,0,,WE,1/31/17,1/31/17,4:13:45 PM,GBI-027,,MIGO_GR,,0,,,,,,,12:00:00 AM,,,,,,,,,,,0,,,,,
375,5000000038,2017,1,1,0,0,0,101,,KRYPTONITE,DL00,RM00,,,,,,125027,,,0,0,,S,USD,10000.00,0,110.00,,0,,2355,LB,2355,LB,2355,LB,4500000037,10,,,0,,,0,X,,,,,,NA00,,,,,,,,,,,,2017,,,US00,,0,,0,0,0,,0,2,,,,,,,,,B,,,,0,,,,,0,0,0,,,,,0,,0,0,0,,,,,0,,,,0,0,0,,,,10,LB,,125027,0,0,,0,,0,0,,,,,KRYPTONITE-020,,ME01,WE01,X,X,0,0,S,,,0,,,0,,,,1,0,,,,,,,,,0,,,,,,,,,F,,,0,,WE,1/31/17,1/31/17,5:02:34 PM,GBI-020,,MIGO_GR,,0,,,,,,,12:00:00 AM,,,,,,,,,,,0,,,,,
375,5000000039,2017,1,1,0,0,0,101,,KRYPTONITE,DL00,RM00,,,,,,125025,,,0,0,,S,USD,10000000.00,0,10000000.00,,0,,8105,LB,8105,LB,8105,LB,4500000038,10,,,0,,,0,X,,,,,,NA00,,,,,,,,,,,,2017,,,US00,,0,,0,0,0,,0,2,,,,,,,,,B,,,,0,,,,,0,0,0,,,,,0,,0,0,0,,,,,0,,,,0,0,0,,,,"10,000",LB,,125025,0,0,,0,,0,0,,,,,KRYTONITE-014,,ME01,WE01,X,X,0,0,S,,,0,,,0,,,,1,0,,,,,,,,,0,,,,,,,,,F,,,0,,WE,1/31/17,1/31/17,5:42:18 PM,GBI-014,,MIGO_GR,,0,,,,,,,12:00:00 AM,,,,,,,,,,,0,,,,,
375,5000000040,2017,1,1,0,0,0,101,,KRYPTONITE,DL00,RM00,,,,,,125032,,,0,0,,S,USD,12000.00,0,15000.00,,0,,5610,LB,5610,LB,5610,LB,4500000039,10,,,0,,,0,X,,,,,,NA00,,,,,,,,,,,,2017,,,US00,,0,,0,0,0,,0,2,,,,,,,,,B,,,,0,,,,,0,0,0,,,,,0,,0,0,0,,,,,0,,,,0,0,0,,,,10,LB,,125032,0,0,,0,,0,0,,,,,KRYPTONITE-MOHIT,,ME01,WE01,X,X,0,0,S,,,0,,,0,,,,1,0,,,,,,,,,0,,,,,,,,,F,,,0,,WE,1/31/17,1/31/17,6:43:16 PM,GBI-050,,MIGO_GR,,0,,,,,,,12:00:00 AM,,,,,,,,,,,0,,,,,
375,5000000041,2017,1,1,0,0,0,101,,KRYPTONITE,DL00,RM00,,,,,,125039,,,0,0,,S,USD,1000000.00,0,1200000.00,,0,,859,LB,859,LB,859,LB,4500000041,10,,,0,,,0,X,,,,,,NA00,,,,,,,,,,,,2017,,,US00,,0,,0,0,0,,0,2,,,,,,,,,B,,,,0,,,,,0,0,0,,,,,0,,0,0,0,,,,,0,,,,0,0,0,,,,"1,000",LB,,125039,0,0,,0,,0,0,,,,,KRYPTONITE-021,,ME01,WE01,X,X,0,0,S,,,0,,,0,,,,1,0,,,,,,,,,0,,,,,,,,,F,,,0,,WE,1/31/17,1/31/17,11:02:36 PM,GBI-021,,MIGO_GR,,0,,,,,,,12:00:00 AM,,,,,,,,,,,0,,,,,
375,5000000042,2017,1,1,0,0,0,101,,KRYPTONITE,DL00,RM00,,,,,,125041,,,0,0,,S,USD,10000.00,0,120000.00,,0,,1289,LB,1289,LB,1289,LB,4500000042,10,,,0,,,0,X,,,,,,NA00,,,,,,,,,,,,2017,,,US00,,0,,0,0,0,,0,2,,,,,,,,,B,,,,0,,,,,0,0,0,,,,,0,,0,0,0,,,,,0,,,,0,0,0,,,,10,OZ,,125041,0,0,,0,,0,0,,,,,KRYPTONITE-012,,ME01,WE01,X,X,0,0,S,,,0,,,0,,,,1,0,,,,,,,,,0,,,,,,,,,F,,,0,,WE,1/31/17,1/31/17,11:19:11 PM,GBI-012,,MIGO_GR,,0,,,,,,,12:00:00 AM,,,,,,,,,,,0,,,,,
375,5000000043,2017,1,1,0,0,0,101,,KRYPTONITE,DL00,RM00,,,,,,125035,,,0,0,,S,USD,100000.00,0,120000.00,,0,,8036,LB,8036,LB,8036,LB,4500000046,10,,,0,,,0,X,,,,,,NA00,,,,,,,,,,,,2017,,,US00,,0,,0,0,0,,0,2,,,,,,,,,B,,,,0,,,,,0,0,0,,,,,0,,0,0,0,,,,,0,,,,0,0,0,,,,100,LB,,125035,0,0,,0,,0,0,,,,,KRYPTONITE GBI-034,,ME01,WE01,X,X,0,0,S,,,0,,,0,,,,1,0,,,,,,,,,0,,,,,,,,,F,,,0,,WE,2/1/17,2/1/17,1:20:17 PM,GBI-034,,MIGO_GR,,0,,,,,,,12:00:00 AM,,,,,,,,,,,0,,,,,
375,5000000044,2017,1,1,0,0,0,101,,ADAMANTIUM,DL00,RM00,,,,,,125037,,,0,0,,S,USD,6172500.00,0,18517500.00,,0,,8941,LB,8941,LB,8941,LB,4500000047,10,,,0,,,0,X,,,,,,NA00,,,,,,,,,,,,2017,,,US00,,0,,0,0,0,,0,2,,,,,,,,,B,,,,0,,,,,0,0,0,,,,,0,,0,0,0,,,,,0,,,,0,0,0,,,,"12,345",LB,,125037,0,0,,0,,0,0,,,,,ADAMANTIUM-055,,ME01,WE01,X,X,100,"50,000.00",S,,,0,,,0,,,,1,0,,,,,,,,,0,,,,,,,,,F,,,0,,WE,2/1/17,2/1/17,1:29:12 PM,GBI-025,,MIGO_GR,,0,,,,,,,12:00:00 AM,,,,,,,,,,,0,,,,,
375,5000000045,2017,1,1,0,0,0,101,,KRYPTONITE,DL00,RM00,,,,,,125043,,,0,0,,S,USD,100000.00,0,10100000.00,,0,,5905,LB,5905,LB,5905,LB,4500000048,10,,,0,,,0,X,,,,,,NA00,,,,,,,,,,,,2017,,,US00,,0,,0,0,0,,0,2,,,,,,,,,B,,,,0,,,,,0,0,0,,,,,0,,0,0,0,,,,,0,,,,0,0,0,,,,100,LB,,125043,0,0,,0,,0,0,,,,,KRYPTONITE-059,,ME01,WE01,X,X,0,0,S,,,0,,,0,,,,1,0,,,,,,,,,0,,,,,,,,,F,,,0,,WE,2/1/17,2/1/17,1:35:54 PM,GBI-059,,MIGO_GR,,0,,,,,,,12:00:00 AM,,,,,,,,,,,0,,,,,
375,5000000046,2017,1,1,0,0,0,101,,KRYPTONITE,DL00,RM00,,,,,,125043,,,0,0,,S,USD,100000.00,0,10100000.00,,0,,5562,LB,5562,LB,5562,LB,4500000049,10,,,0,,,0,X,,,,,,NA00,,,,,,,,,,,,2017,,,US00,,0,,0,0,0,,0,2,,,,,,,,,B,,,,0,,,,,0,0,0,,,,,0,,0,0,0,,,,,0,,,,0,0,0,,,,100,LB,,125043,0,0,,0,,0,0,,,,,KRYPTONITE-059,,ME01,WE01,X,X,100,"100,000.00",S,,,0,,,0,,,,1,0,,,,,,,,,0,,,,,,,,,F,,,0,,WE,2/1/17,2/1/17,2:03:11 PM,GBI-059,,MIGO_GR,,0,,,,,,,12:00:00 AM,,,,,,,,,,,0,,,,,
375,5000000047,2017,1,2,0,0,0,101,,KRYPTONITE,DL00,RM00,,,,,,125044,,,0,0,,S,USD,200000.00,0,388000.00,,0,,8934,LB,8934,LB,8934,LB,4500000050,10,,,0,,,0,X,,,,,,NA00,,,,,,,,,,,,2017,,,US00,,0,,0,0,0,,0,2,,,,,,,,,B,,,,0,,,,,0,0,0,,,,,0,,0,0,0,,,,,0,,,,0,0,0,,,,200,LB,,125044,0,0,,0,,0,0,,,,,KRYPTONITE-062,,ME01,WE01,X,X,0,0,S,,,0,,,0,,,,1,0,,,,,,,,,0,,,,,,,,,F,,,0,,WE,2/1/17,2/1/17,2:25:49 PM,GBI-062,,MIGO_GR,,0,,,,,,,12:00:00 AM,,,,,,,,,,,0,,,,,
375,5000000048,2017,1,1,0,0,0,101,,KRYPTONITE,DL00,RM00,,,,,,125010,,,0,0,,S,USD,100000.00,0,107089.31,,0,,18844,LB,18844,LB,18844,LB,4500000051,10,,,0,,,0,X,,,,,,NA00,,,,,,,,,,,,2017,,,US00,,0,,0,0,0,,0,2,,,,,,,,,B,,,,0,,,,,0,0,0,,,,,0,,0,0,0,,,,,0,,,,0,0,0,,,,100,LB,,125010,0,0,,0,,0,0,,,,,KRYPTONITE-027,,ME01,WE01,X,X,100,"100,000.00",S,,,0,,,0,,,,1,0,,,,,,,,,0,,,,,,,,,F,,,0,,WE,2/1/17,2/1/17,2:53:06 PM,GBI-027,,MIGO_GR,,0,,,,,,,12:00:00 AM,,,,,,,,,,,0,,,,,
375,5000000049,2017,1,1,0,0,0,101,,IRON,DL00,RM00,,,,,,125040,,,0,0,,S,USD,10000.00,0,2141.79,,0,,17072,LB,17072,LB,17072,LB,4500000052,10,,,0,,,0,X,,,,,,NA00,,,,,,,,,,,,2017,,,US00,,0,,0,0,0,,0,2,,,,,,,,,B,,,,0,,,,,0,0,0,,,,,0,,0,0,0,,,,,0,,,,0,0,0,,,,100,LB,,125040,0,0,,0,,0,0,,,,,IRON-085,,ME01,WE01,X,X,0,0,S,,,0,,,0,,,,1,0,,,,,,,,,0,,,,,,,,,F,,,0,,WE,2/1/17,2/1/17,3:49:34 PM,GBI-058,,MIGO_GR,,0,,,,,,,12:00:00 AM,,,,,,,,,,,0,,,,,
375,5000000050,2017,1,1,0,0,0,101,,KRYPTONITE,DL00,RM00,,,,,,125048,,,0,0,,S,USD,100000.00,0,100000.00,,0,,3538,LB,3538,LB,3538,LB,4500000053,10,,,0,,,0,X,,,,,,NA00,,,,,,,,,,,,2017,,,US00,,0,,0,0,0,,0,2,,,,,,,,,B,,,,0,,,,,0,0,0,,,,,0,,0,0,0,,,,,0,,,,0,0,0,,,,100,LB,,125048,0,0,,0,,0,0,,,,,KRYPTONITE-036,,ME01,WE01,X,X,0,0,S,,,0,,,0,,,,1,0,,,,,,,,,0,,,,,,,,,F,,,0,,WE,2/1/17,2/1/17,4:47:53 PM,GBI-036,,MIGO_GR,,0,,,,,,,12:00:00 AM,,,,,,,,,,,0,,,,,
375,5000000051,2017,1,1,0,0,0,101,,KRYPTONITE,DL00,RM00,,,,,,125045,,,0,0,,S,USD,10000.00,0,1000000.00,,0,,15821,LB,15821,LB,15821,LB,4500000054,10,,,0,,,0,X,,,,,,NA00,,,,,,,,,,,,2017,,,US00,,0,,0,0,0,,0,2,,,,,,,,,B,,,,0,,,,,0,0,0,,,,,0,,0,0,0,,,,,0,,,,0,0,0,,,,10,KG,,125045,0,0,,0,,0,0,,,,,KRYPTONITE-064,,ME01,WE01,X,X,0,0,S,,,0,,,0,,,,1,0,,,,,,,,,0,,,,,,,,,F,,,0,,WE,2/1/17,2/1/17,4:52:26 PM,GBI-064,,MIGO_GR,,0,,,,,,,12:00:00 AM,,,,,,,,,,,0,,,,,
375,5000000052,2017,1,1,0,0,0,101,,KRYPTONITE,DL00,RM00,,,,,,125047,,,0,0,,S,USD,100000.00,0,10000000.00,,0,,2581,LB,2581,LB,2581,LB,4500000058,10,,,0,,,0,X,,,,,,NA00,,,,,,,,,,,,2017,,,US00,,0,,0,0,0,,0,2,,,,,,,,,B,,,,0,,,,,0,0,0,,,,,0,,0,0,0,,,,,0,,,,0,0,0,,,,100,LB,,125047,0,0,,0,,0,0,,,,,KRYPTONITE-065,,ME01,WE01,X,X,0,0,S,,,0,,,0,,,,1,0,,,,,,,,,0,,,,,,,,,F,,,0,,WE,2/1/17,2/1/17,5:55:39 PM,GBI-065,,MIGO_GR,,0,,,,,,,12:00:00 AM,,,,,,,,,,,0,,,,,
375,5000000053,2017,1,1,0,0,0,101,,IRON,DL00,RM00,,,,,,125040,,,0,0,,S,USD,10000.00,0,214178.62,,0,,11556,LB,11556,LB,11556,LB,4500000059,10,,,0,,,0,X,,,,,,NA00,,,,,,,,,,,,2017,,,US00,,0,,0,0,0,,0,2,,,,,,,,,B,,,,0,,,,,0,0,0,,,,,0,,0,0,0,,,,,0,,,,0,0,0,,,,100,LB,,125040,0,0,,0,,0,0,,,,,IRON-085,,ME01,WE01,X,X,100,"10,000.00",S,,,0,,,0,,,,1,0,,,,,,,,,0,,,,,,,,,F,,,0,,WE,2/1/17,2/1/17,6:08:07 PM,GBI-058,,MIGO_GR,,0,,,,,,,12:00:00 AM,,,,,,,,,,,0,,,,,
375,5000000054,2017,1,1,0,0,0,101,,KRYPTONITE,DL00,RM00,,,,,,125052,,,0,0,,S,USD,10000.00,0,10100.00,,0,,18008,LB,18008,LB,18008,LB,4500000057,10,,,0,,,0,X,,,,,,NA00,,,,,,,,,,,,2017,,,US00,,0,,0,0,0,,0,2,,,,,,,,,B,,,,0,,,,,0,0,0,,,,,0,,0,0,0,,,,,0,,,,0,0,0,,,,10,LB,,125052,0,0,,0,,0,0,,,,,KRYPTONITE-041,,ME01,WE01,X,X,0,0,S,,,0,,,0,,,,1,0,,,,,,,,,0,,,,,,,,,F,,,0,,WE,2/1/17,2/1/17,6:15:10 PM,GBI-041,,MIGO_GR,,0,,,,,,,12:00:00 AM,,,,,,,,,,,0,,,,,
375,5000000055,2017,1,1,0,0,0,101,,KRYPTONITE,DL00,RM00,,,,,,125047,,,0,0,,S,USD,100000.00,0,100000.00,,0,,16111,LB,16111,LB,16111,LB,4500000060,10,,,0,,,0,X,,,,,,NA00,,,,,,,,,,,,2017,,,US00,,0,,0,0,0,,0,2,,,,,,,,,B,,,,0,,,,,0,0,0,,,,,0,,0,0,0,,,,,0,,,,0,0,0,,,,100,LB,,125047,0,0,,0,,0,0,,,,,KRYPTONITE-065,,ME01,WE01,X,X,100,"100,000.00",S,,,0,,,0,,,,1,0,,,,,,,,,0,,,,,,,,,F,,,0,,WE,2/1/17,2/1/17,6:48:08 PM,GBI-065,,MIGO_GR,,0,,,,,,,12:00:00 AM,,,,,,,,,,,0,,,,,
375,5000000056,2017,1,1,0,0,0,101,,KRYPTONITE,DL00,RM00,,,,,,125051,,,0,0,,S,USD,1000.00,0,940.00,,0,,9305,LB,9305,LB,9305,LB,4500000056,10,,,0,,,0,X,,,,,,NA00,,,,,,,,,,,,2017,,,US00,,0,,0,0,0,,0,2,,,,,,,,,B,,,,0,,,,,0,0,0,,,,,0,,0,0,0,,,,,0,,,,0,0,0,,,,1,LB,,125051,0,0,,0,,0,0,,,,,KRYPTONITE-047,,ME01,WE01,X,X,0,0,S,,,0,,,0,,,,1,0,,,,,,,,,0,,,,,,,,,F,,,0,,WE,2/1/17,2/1/17,7:33:49 PM,GBI-047,,MIGO_GR,,0,,,,,,,12:00:00 AM,,,,,,,,,,,0,,,,,
375,5000000057,2017,1,1,0,0,0,101,,KRYPTONITE,DL00,RM00,,,,,,125037,,,0,0,,S,USD,100000.00,0,150000.00,,0,,10892,LB,10892,LB,10892,LB,4500000061,10,,,0,,,0,X,,,,,,NA00,,,,,,,,,,,,2017,,,US00,,0,,0,0,0,,0,2,,,,,,,,,B,,,,0,,,,,0,0,0,,,,,0,,0,0,0,,,,,0,,,,0,0,0,,,,100,LB,,125037,0,0,,0,,0,0,,,,,KRYPTONITE,,ME01,WE01,X,X,"1,600","1,600,000.00",S,,,0,,,0,,,,1,0,,,,,,,,,0,,,,,,,,,F,,,0,,WE,2/1/17,2/1/17,8:08:05 PM,GBI-025,,MIGO_GR,,0,,,,,,,12:00:00 AM,,,,,,,,,,,0,,,,,
375,5000000058,2017,1,1,0,0,0,101,,PAPER,DL00,RM00,,,,,,125058,,,0,0,,S,USD,35.00,0,65.80,,0,,19418,LB,19418,LB,19418,LB,4500000062,10,,,0,,,0,X,,,,,,NA00,,,,,,,,,,,,2017,,,US00,,0,,0,0,0,,0,2,,,,,,,,,B,,,,0,,,,,0,0,0,,,,,0,,0,0,0,,,,,0,,,,0,0,0,,,,7,LB,,125058,0,0,,0,,0,0,,,,,PAPER-056,,ME01,WE01,X,X,0,0,S,,,0,,,0,,,,1,0,,,,,,,,,0,,,,,,,,,F,,,0,,WE,2/1/17,2/1/17,8:11:26 PM,GBI-056,,MIGO_GR,,0,,,,,,,12:00:00 AM,,,,,,,,,,,0,,,,,
375,5000000059,2017,1,1,0,0,0,101,,KRYPTONITE,DL00,RM00,,,,,,125021,,,0,0,,S,USD,100000.00,0,600000.00,,0,,2082,LB,2082,LB,2082,LB,4500000045,10,,,0,,,0,X,,,,,,NA00,,,,,,,,,,,,2017,,,US00,,0,,0,0,0,,0,2,,,,,,,,,B,,,,0,,,,,0,0,0,,,,,0,,0,0,0,,,,,0,,,,0,0,0,,,,100,LB,,125021,0,0,,0,,0,0,,,,,KRYPTONITE-030,,ME01,WE01,X,X,0,0,S,,,0,,,0,,,,1,0,,,,,,,,,0,,,,,,,,,F,,,0,,WE,2/1/17,2/1/17,8:12:51 PM,GBI-030,,MIGO_GR,,0,,,,,,,12:00:00 AM,,,,,,,,,,,0,,,,,
375,5000000060,2017,1,1,0,0,0,101,,KRYPTONITE,DL00,RM00,,,,,,125033,,,0,0,,S,USD,100000.00,0,20500.00,,0,,16582,LB,16582,LB,16582,LB,4500000063,10,,,0,,,0,X,,,,,,NA00,,,,,,,,,,,,2017,,,US00,,0,,0,0,0,,0,2,,,,,,,,,B,,,,0,,,,,0,0,0,,,,,0,,0,0,0,,,,,0,,,,0,0,0,,,,100,LB,,125033,0,0,,0,,0,0,,,,,KRYPTONITE-016,,ME01,WE01,X,X,0,0,S,,,0,,,0,,,,1,0,,,,,,,,,0,,,,,,,,,F,,,0,,WE,2/1/17,2/1/17,8:12:58 PM,GBI-052,,MIGO_GR,,0,,,,,,,12:00:00 AM,,,,,,,,,,,0,,,,,
375,5000000061,2017,1,1,0,0,0,101,,KRYPTONITE,DL00,RM00,,,,,,125055,,,0,0,,S,USD,50000.00,0,28140.00,,0,,3178,LB,3178,LB,3178,LB,4500000065,10,,,0,,,0,X,,,,,,NA00,,,,,,,,,,,,2017,,,US00,,0,,0,0,0,,0,2,,,,,,,,,B,,,,0,,,,,0,0,0,,,,,0,,0,0,0,,,,,0,,,,0,0,0,,,,50,LB,,125055,0,0,,0,,0,0,,,,,KRYPTONITE-044,,ME01,WE01,X,X,0,0,S,,,0,,,0,,,,1,0,,,,,,,,,0,,,,,,,,,F,,,0,,WE,2/1/17,2/1/17,8:24:27 PM,GBI-044,,MIGO_GR,,0,,,,,,,12:00:00 AM,,,,,,,,,,,0,,,,,
375,5000000062,2017,1,1,0,0,0,101,,KRYPTONITE,DL00,RM00,,,,,,125026,,,0,0,,S,USD,100000.00,0,12820.51,,0,,9524,LB,9524,LB,9524,LB,4500000032,10,,,0,,,0,X,,,,,,NA00,,,,,,,,,,,,2017,,,US00,,0,,0,0,0,,0,2,,,,,,,,,B,,,,0,,,,,0,0,0,,,,,0,,0,0,0,,,,,0,,,,0,0,0,,,,100,LB,,125026,0,0,,0,,0,0,,,,,KRYPTONITE-023,,ME01,WE01,X,X,0,0,S,,,0,,,0,,,,1,0,,,,,,,,,0,,,,,,,,,F,,,0,,WE,2/1/17,2/1/17,8:54:24 PM,GBI-023,,MIGO_GR,,0,,,,,,,12:00:00 AM,,,,,,,,,,,0,,,,,
375,5000000063,2017,1,1,0,0,0,101,,KRYPTONITE,DL00,RM00,,,,,,125060,,,0,0,,S,USD,100000.00,0,175000.00,,0,,10739,LB,10739,LB,10739,LB,4500000066,10,,,0,,,0,X,,,,,,NA00,,,,,,,,,,,,2017,,,US00,,0,,0,0,0,,0,2,,,,,,,,,B,,,,0,,,,,0,0,0,,,,,0,,0,0,0,,,,,0,,,,0,0,0,,,,10,OZ,,125060,0,0,,0,,0,0,,,,,KRYPTONITE-051,,ME01,WE01,X,X,0,0,S,,,0,,,0,,,,1,0,,,,,,,,,0,,,,,,,,,F,,,0,,WE,2/1/17,2/1/17,9:12:40 PM,GBI-051,,MIGO_GR,,0,,,,,,,12:00:00 AM,,,,,,,,,,,0,,,,,
375,5000000064,2017,1,1,0,0,0,101,,KRYPTONITE,DL00,RM00,,,,,,125029,,,0,0,,S,USD,5000.00,0,25000.00,,0,,9230,LB,9230,LB,9230,LB,4500000067,10,,,0,,,0,X,,,,,,NA00,,,,,,,,,,,,2017,,,US00,,0,,0,0,0,,0,2,,,,,,,,,B,,,,0,,,,,0,0,0,,,,,0,,0,0,0,,,,,0,,,,0,0,0,,,,5,LB,,125029,0,0,,0,,0,0,,,,,KRYPTONITE-049,,ME01,WE01,X,X,0,0,S,,,0,,,0,,,,1,0,,,,,,,,,0,,,,,,,,,F,,,0,,WE,2/1/17,2/1/17,9:16:33 PM,GBI-049,,MIGO_GR,,0,,,,,,,12:00:00 AM,,,,,,,,,,,0,,,,,
375,5000000065,2017,1,1,0,0,0,101,,CARBONITE,DL00,RM00,,,,,,125062,,,0,0,,S,USD,75000.00,0,75000.00,,0,,620,G,620,G,620,G,4500000068,10,,,0,,,0,X,,,,,,NA00,,,,,,,,,,,,2017,,,US00,,0,,0,0,0,,0,2,,,,,,,,,B,,,,0,,,,,0,0,0,,,,,0,,0,0,0,,,,,0,,,,0,0,0,,,,50,G,,125062,0,0,,0,,0,0,,,,,CARBONITE-042,,ME01,WE01,X,X,0,0,S,,,0,,,0,,,,1,0,,,,,,,,,0,,,,,,,,,F,,,0,,WE,2/1/17,2/1/17,10:11:01 PM,GBI-042,,MIGO_GR,,0,,,,,,,12:00:00 AM,,,,,,,,,,,0,,,,,
375,5000000066,2017,1,1,0,0,0,101,,LIQUID,DL00,RM00,,,,,,125038,,,0,0,,S,USD,200.00,0,209.15,,0,,51,FOZ,51,FOZ,51,FOZ,4500000069,10,,,0,,,0,X,,,,,,NA00,,,,,,,,,,,,2017,,,US00,,0,,0,0,0,,0,2,,,,,,,,,B,,,,0,,,,,0,0,0,,,,,0,,0,0,0,,,,,0,,,,0,0,0,,,,1,FOZ,,125038,0,0,,0,,0,0,,,,,LIQUID-054,,ME01,WE01,X,X,0,0,S,,,0,,,0,,,,1,0,,,,,,,,,0,,,,,,,,,F,,,0,,WE,2/1/17,2/1/17,10:51:17 PM,GBI-054,,MIGO_GR,,0,,,,,,,12:00:00 AM,,,,,,,,,,,0,,,,,
375,5000000066,2017,2,2,0,0,0,101,,LIQUID,DL00,RM00,,,,,,125038,,,0,0,,S,USD,20000.00,0,26143.79,,0,,99,FOZ,99,FOZ,99,FOZ,4500000069,20,,,0,,,0,X,,,,,,NA00,,,,,,,,,,,,2017,,,US00,,0,,0,0,0,,0,2,,,,,,,,,B,,,,0,,,,,0,0,0,,,,,0,,0,0,0,,,,,0,,,,0,0,0,,,,100,FOZ,,125038,0,0,,0,,0,0,,,,,LIQUID-054,,ME01,WE01,X,X,0,0,S,,,0,,,0,,,,2,0,,,,,,,,,0,,,,,,,,,F,,,0,,WE,2/1/17,2/1/17,10:51:17 PM,GBI-054,,MIGO_GR,,0,,,,,,,12:00:00 AM,,,,,,,,,,,0,,,,,
375,5000000067,2017,1,1,0,0,0,101,,MAGICDUST,DL00,RM00,,,,,,125068,,,0,0,,S,USD,150000.00,0,150500.00,,0,,3617,LB,3617,LB,3617,LB,4500000072,10,,,0,,,0,X,,,,,,NA00,,,,,,,,,,,,2017,,,US00,,0,,0,0,0,,0,2,,,,,,,,,B,,,,0,,,,,0,0,0,,,,,0,,0,0,0,,,,,0,,,,0,0,0,,,,100,LB,,125068,0,0,,0,,0,0,,,,,MAGICDUST-037,,ME01,WE01,X,X,0,0,S,,,0,,,0,,,,1,0,,,,,,,,,0,,,,,,,,,F,,,0,,WE,2/1/17,2/1/17,11:25:16 PM,GBI-037,,MIGO_GR,,0,,,,,,,12:00:00 AM,,,,,,,,,,,0,,,,,
375,5000000068,2017,1,1,0,0,0,101,,KRYPTONITE,DL00,RM00,,,,,,125030,,,0,0,,S,USD,10000.00,0,110000.00,,0,,17095,LB,17095,LB,17095,LB,4500000043,10,,,0,,,0,X,,,,,,NA00,,,,,,,,,,,,2017,,,US00,,0,,0,0,0,,0,2,,,,,,,,,B,,,,0,,,,,0,0,0,,,,,0,,0,0,0,,,,,0,,,,0,0,0,,,,10,LB,,125030,0,0,,0,,0,0,,,,,KRYPTONITE-008,,ME01,WE01,X,X,0,0,S,,,0,,,0,,,,1,0,,,,,,,,,0,,,,,,,,,F,,,0,,WE,2/1/17,2/1/17,11:37:02 PM,GBI-008,,MIGO_GR,,0,,,,,,,12:00:00 AM,,,,,,,,,,,0,,,,,
375,5000000069,2017,1,1,0,0,0,101,,ADAMANTIUM,DL00,RM00,,,,,,125057,,,0,0,,S,USD,100000.00,0,60000.00,,0,,7390,LB,7390,LB,7390,LB,4500000073,10,,,0,,,0,X,,,,,,NA00,,,,,,,,,,,,2017,,,US00,,0,,0,0,0,,0,2,,,,,,,,,B,,,,0,,,,,0,0,0,,,,,0,,0,0,0,,,,,0,,,,0,0,0,,,,100,LB,,125057,0,0,,0,,0,0,,,,,ADAMANTIUM-038,,ME01,WE01,X,X,0,0,S,,,0,,,0,,,,1,0,,,,,,,,,0,,,,,,,,,F,,,0,,WE,2/2/17,2/2/17,12:28:07 AM,GBI-038,,MIGO_GR,,0,,,,,,,12:00:00 AM,,,,,,,,,,,0,,,,,
375,5000000070,2017,1,1,0,0,0,101,,SILVER,DL00,RM00,,,,,,125071,,,0,0,,S,USD,100000.00,0,200000.00,,0,,17474,LB,17474,LB,17474,LB,4500000074,10,,,0,,,0,X,,,,,,NA00,,,,,,,,,,,,2017,,,US00,,0,,0,0,0,,0,2,,,,,,,,,B,,,,0,,,,,0,0,0,,,,,0,,0,0,0,,,,,0,,,,0,0,0,,,,100,LB,,125071,0,0,,0,,0,0,,,,,SILVER-061,,ME01,WE01,X,X,0,0,S,,,0,,,0,,,,1,0,,,,,,,,,0,,,,,,,,,F,,,0,,WE,2/2/17,2/2/17,1:07:54 AM,GBI-061,,MIGO_GR,,0,,,,,,,12:00:00 AM,,,,,,,,,,,0,,,,,
375,5000000071,2017,1,1,0,0,0,101,,IRON,DL00,RM00,,,,,,125040,,,0,0,,S,USD,1000.00,0,2143.93,,0,,7361,LB,7361,LB,7361,LB,4500000075,10,,,0,,,0,X,,,,,,NA00,,,,,,,,,,,,2017,,,US00,,0,,0,0,0,,0,2,,,,,,,,,B,,,,0,,,,,0,0,0,,,,,0,,0,0,0,,,,,0,,,,0,0,0,,,,10,LB,,125040,0,0,,0,,0,0,,,,,IRON-085,,ME01,WE01,X,X,200,"20,000.00",S,,,0,,,0,,,,1,0,,,,,,,,,0,,,,,,,,,F,,,0,,WE,2/2/17,2/2/17,1:20:37 AM,GBI-058,,MIGO_GR,,0,,,,,,,12:00:00 AM,,,,,,,,,,,0,,,,,
375,5000000072,2017,1,1,0,0,0,101,,MAGICDUST,DL00,RM00,,,,,,125074,,,0,0,,S,USD,150000.00,0,150500.00,,0,,19921,LB,19921,LB,19921,LB,4500000078,10,,,0,,,0,X,,,,,,NA00,,,,,,,,,,,,2017,,,US00,,0,,0,0,0,,0,2,,,,,,,,,B,,,,0,,,,,0,0,0,,,,,0,,0,0,0,,,,,0,,,,0,0,0,,,,100,LB,,125074,0,0,,0,,0,0,,,,,MAGICDUST2-037,,ME01,WE01,X,X,0,0,S,,,0,,,0,,,,1,0,,,,,,,,,0,,,,,,,,,F,,,0,,WE,2/2/17,2/2/17,4:06:40 AM,GBI-037,,MIGO_GR,,0,,,,,,,12:00:00 AM,,,,,,,,,,,0,,,,,
375,5000000073,2017,1,1,0,0,0,101,,KRYPTONITE,DL00,RM00,,,,,,125042,,,0,0,,S,USD,100000.00,0,100000.00,,0,,14150,LB,14150,LB,14150,LB,4500000044,10,,,0,,,0,X,,,,,,NA00,,,,,,,,,,,,2017,,,US00,,0,,0,0,0,,0,2,,,,,,,,,B,,,,0,,,,,0,0,0,,,,,0,,0,0,0,,,,,0,,,,0,0,0,,,,100,LB,,125042,0,0,,0,,0,0,,,,,KRYPTONITE-043,,ME01,WE01,X,X,0,0,S,,,0,,,0,,,,1,0,,,,,,,,,0,,,,,,,,,F,,,0,,WE,2/2/17,2/2/17,9:33:16 AM,GBI-043,,MIGO_GR,,0,,,,,,,12:00:00 AM,,,,,,,,,,,0,,,,,
375,5000000074,2017,1,1,0,0,0,101,,GOLD,DL00,RM00,,,,,,125070,,,0,0,,S,USD,80.00,0,100.80,,0,,934,G,934,G,934,G,4500000079,10,,,0,,,0,X,,,,,,NA00,,,,,,,,,,,,2017,,,US00,,0,,0,0,0,,0,2,,,,,,,,,B,,,,0,,,,,0,0,0,,,,,0,,0,0,0,,,,,0,,,,0,0,0,,,,2,G,,125070,0,0,,0,,0,0,,,,,GOLD-026,,ME01,WE01,X,X,0,0,S,,,0,,,0,,,,1,0,,,,,,,,,0,,,,,,,,,F,,,0,,WE,2/2/17,2/2/17,10:29:15 AM,GBI-026,,MIGO_GR,,0,,,,,,,12:00:00 AM,,,,,,,,,,,0,,,,,
375,5000000075,2017,1,1,0,0,0,101,,WALLET,DL00,RM00,,,,,,125075,,,0,0,,S,USD,200.00,0,2020.00,,0,,8770,LB,8770,LB,8770,LB,4500000081,10,,,0,,,0,X,,,,,,NA00,,,,,,,,,,,,2017,,,US00,,0,,0,0,0,,0,2,,,,,,,,,B,,,,0,,,,,0,0,0,,,,,0,,0,0,0,,,,,0,,,,0,0,0,,,,10,LB,,125075,0,0,,0,,0,0,,,,,WALLET-031,,ME01,WE01,X,X,0,0,S,,,0,,,0,,,,1,0,,,,,,,,,0,,,,,,,,,F,,,0,,WE,2/2/17,2/2/17,10:35:45 AM,GBI-031,,MIGO_GR,,0,,,,,,,12:00:00 AM,,,,,,,,,,,0,,,,,
375,5000000076,2017,1,1,0,0,0,101,,KRYPTONITE,DL00,RM00,,,,,,125036,,,0,0,,S,USD,4000.00,0,40.00,,0,,8247,LB,8247,LB,8247,LB,4500000080,10,,,0,,,0,X,,,,,,NA00,,,,,,,,,,,,2017,,,US00,,0,,0,0,0,,0,2,,,,,,,,,B,,,,0,,,,,0,0,0,,,,,0,,0,0,0,,,,,0,,,,0,0,0,,,,2,KG,,125036,0,0,,0,,0,0,,,,,KRYPTONITE-053,,ME01,WE01,X,X,0,0,S,,,0,,,0,,,,1,0,,,,,,,,,0,,,,,,,,,F,,,0,,WE,2/2/17,2/2/17,10:39:17 AM,GBI-053,,MIGO_GR,,0,,,,,,,12:00:00 AM,,,,,,,,,,,0,,,,,
375,5000000077,2017,1,1,0,0,0,101,,KRYPTONITE,DL00,RM00,,,,,,125053,,,0,0,,S,USD,5000.00,0,5100.00,,0,,14629,LB,14629,LB,14629,LB,4500000082,10,,,0,,,0,X,,,,,,NA00,,,,,,,,,,,,2017,,,US00,,0,,0,0,0,,0,2,,,,,,,,,B,,,,0,,,,,0,0,0,,,,,0,,0,0,0,,,,,0,,,,0,0,0,,,,10,KG,,125053,0,0,,0,,0,0,,,,,KRYPTONITE-013,,ME01,WE01,X,X,0,0,S,,,0,,,0,,,,1,0,,,,,,,,,0,,,,,,,,,F,,,0,,WE,2/2/17,2/2/17,10:49:29 AM,GBI-013,,MIGO_GR,,0,,,,,,,12:00:00 AM,,,,,,,,,,,0,,,,,
375,5000000078,2017,1,1,0,0,0,101,,KRYPTONITE,DL00,RM00,,,,,,125078,,,0,0,,S,USD,2000.00,0,4000.00,,0,,19690,LB,19690,LB,19690,LB,4500000083,10,,,0,,,0,X,,,,,,NA00,,,,,,,,,,,,2017,,,US00,,0,,0,0,0,,0,2,,,,,,,,,B,,,,0,,,,,0,0,0,,,,,0,,0,0,0,,,,,0,,,,0,0,0,,,,2,GAL,,125078,0,0,,0,,0,0,,,,,KRYPTONITE-GBI048V,,ME01,WE01,X,X,0,0,S,,,0,,,0,,,,1,0,,,,,,,,,0,,,,,,,,,F,,,0,,WE,2/2/17,2/2/17,11:09:09 AM,GBI-048,,MIGO_GR,,0,,,,,,,12:00:00 AM,,,,,,,,,,,0,,,,,
375,5000000079,2017,1,1,0,0,0,101,,RUBY,DL00,RM00,,,,,,125046,,,0,0,,S,USD,30000.00,0,32000.00,,0,,424,G,424,G,424,G,4500000086,20,,,0,,,0,X,,,,,,NA00,,,,,,,,,,,,2017,,,US00,,0,,0,0,0,,0,2,,,,,,,,,B,,,,0,,,,,0,0,0,,,,,0,,0,0,0,,,,,0,,,,0,0,0,,,,200,G,,125046,0,0,,0,,0,0,,,,,RUBY-045,,ME01,WE01,X,X,0,0,S,,,0,,,0,,,,1,0,,,,,,,,,0,,,,,,,,,F,,,0,,WE,2/2/17,2/2/17,4:26:43 PM,GBI-045,,MIGO_GR,,0,,,,,,,12:00:00 AM,,,,,,,,,,,0,,,,,
375,5000000080,2017,1,1,0,0,0,101,,KRYPTONITE,DL00,RM00,,,,,,125054,,,0,0,,S,USD,100000.00,0,89743.59,,0,,12500,LB,12500,LB,12500,LB,4500000064,20,,,0,,,0,X,,,,,,NA00,,,,,,,,,,,,2017,,,US00,,0,,0,0,0,,0,2,,,,,,,,,B,,,,0,,,,,0,0,0,,,,,0,,0,0,0,,,,,0,,,,0,0,0,,,,100,LB,,125054,0,0,,0,,0,0,,,,,KRYPTONITE-033,,ME01,WE01,X,X,0,0,S,,,0,,,0,,,,1,0,,,,,,,,,0,,,,,,,,,F,,,0,,WE,2/2/17,2/2/17,4:27:13 PM,GBI-033,,MIGO_GR,,0,,,,,,,12:00:00 AM,,,,,,,,,,,0,,,,,
375,5000000081,2017,1,1,0,0,0,101,,KRYPTONITE,DL00,RM00,,,,,,125080,,,0,0,,S,USD,9000.00,0,9040.14,,0,,1849,LB,1849,LB,1849,LB,4500000088,10,,,0,,,0,X,,,,,,NA00,,,,,,,,,,,,2017,,,US00,,0,,0,0,0,,0,2,,,,,,,,,B,,,,0,,,,,0,0,0,,,,,0,,0,0,0,,,,,0,,,,0,0,0,,,,3,LB,,125080,0,0,,0,,0,0,,,,,KRYPTONITE-060,,ME01,WE01,X,X,0,0,S,,,0,,,0,,,,1,0,,,,,,,,,0,,,,,,,,,F,,,0,,WE,2/3/17,2/3/17,12:22:55 AM,GBI-060,,MIGO_GR,,0,,,,,,,12:00:00 AM,,,,,,,,,,,0,,,,,
375,5000000082,2017,1,1,0,0,0,101,,KRYPTONITE,DL00,RM00,,,,,,125016,,,0,0,,S,USD,100000.00,0,92470.63,,0,,11614,LB,11614,LB,11614,LB,4500000091,10,,,0,,,0,X,,,,,,NA00,,,,,,,,,,,,2017,,,US00,,0,,0,0,0,,0,2,,,,,,,,,B,,,,0,,,,,0,0,0,,,,,0,,0,0,0,,,,,0,,,,0,0,0,,,,100,LB,,125016,0,0,,0,,0,0,,,,,KRYTONITE-029,,ME01,WE01,X,X,100,"100,000.00",S,,,0,,,0,,,,1,0,,,,,,,,,0,,,,,,,,,F,,,0,,WE,2/4/17,2/4/17,7:14:17 PM,GBI-029,,MIGO_GR,,0,,,,,,,12:00:00 AM,,,,,,,,,,,0,,,,,
375,5000000083,2017,1,1,0,0,0,101,,KRYPTONITE,DL00,RM00,,,,,,125081,,,0,0,,S,USD,100000.00,0,15447.99,,0,,16718,LB,16718,LB,16718,LB,4500000096,10,,,0,,,0,X,,,,,,NA00,,,,,,,,,,,,2017,,,US00,,0,,0,0,0,,0,2,,,,,,,,,B,,,,0,,,,,0,0,0,,,,,0,,0,0,0,,,,,0,,,,0,0,0,,,,100,G,,125081,0,0,,0,,0,0,,,,,KRYPTONITE-009,,ME01,WE01,X,X,0,0,S,,,0,,,0,,,,1,0,,,,,,,,,0,,,,,,,,,F,,,0,,WE,2/6/17,2/6/17,2:47:23 PM,GBI-009,,MIGO_GR,,0,,,,,,,12:00:00 AM,,,,,,,,,,,0,,,,,
375,5000000084,2017,1,1,0,0,0,101,,KRYPTONITE,DL00,RM00,,,,,,125011,,,0,0,,S,USD,100000.00,0,24154.59,,0,,102,LB,102,LB,102,LB,4500000094,10,,,0,,,0,X,,,,,,NA00,,,,,,,,,,,,2017,,,US00,,0,,0,0,0,,0,2,,,,,,,,,B,,,,0,,,,,0,0,0,,,,,0,,0,0,0,,,,,0,,,,0,0,0,,,,100,LB,,125011,0,0,,0,,0,0,,,,,KRYPTONITE-011,,ME01,WE01,X,X,100,"100,000.00",S,,,0,,,0,,,,1,0,,,,,,,,,0,,,,,,,,,F,,,0,,WE,2/6/17,2/6/17,5:00:12 PM,GBI-011,,MIGO_GR,,0,,,,,,,12:00:00 AM,,,,,,,,,,,0,,,,,
375,5000000085,2017,1,1,0,0,0,101,,KRYPTONITE,DL00,RM00,,,,,,125053,,,0,0,,S,USD,5000.00,0,5000.00,,0,,18559,LB,18559,LB,18559,LB,4500000098,10,,,0,,,0,X,,,,,,NA00,,,,,,,,,,,,2017,,,US00,,0,,0,0,0,,0,2,,,,,,,,,B,,,,0,,,,,0,0,0,,,,,0,,0,0,0,,,,,0,,,,0,0,0,,,,10,KG,,125053,0,0,,0,,0,0,,,,,KRYPTONITE-013,,ME01,WE01,X,X,10,"5,000.00",S,,,0,,,0,,,,1,0,,,,,,,,,0,,,,,,,,,F,,,0,,WE,2/6/17,2/6/17,10:26:43 PM,GBI-013,,MIGO_GR,,0,,,,,,,12:00:00 AM,,,,,,,,,,,0,,,,,
375,5000000086,2017,1,1,0,0,0,101,,KRYPTONITE,DL00,RM00,,,,,,125031,,,0,0,,S,USD,500000.00,0,2000000.00,,0,,883,LB,883,LB,883,LB,4500000099,10,,,0,,,0,X,,,,,,NA00,,,,,,,,,,,,2017,,,US00,,0,,0,0,0,,0,2,,,,,,,,,B,,,,0,,,,,0,0,0,,,,,0,,0,0,0,,,,,0,,,,0,0,0,,,,500,LB,,125031,0,0,,0,,0,0,,,,,KRYPTONITE-006,,ME01,WE01,X,X,0,0,S,,,0,,,0,,,,1,0,,,,,,,,,0,,,,,,,,,F,,,0,,WE,2/7/17,2/7/17,10:29:37 AM,GBI-006,,MIGO_GR,,0,,,,,,,12:00:00 AM,,,,,,,,,,,0,,,,,
375,5000000087,2017,1,1,0,0,0,101,,ADAMANTIUM,DL00,RM00,,,,,,125008,,,0,0,,S,USD,25000.00,0,250000.00,,0,,16170,LB,16170,LB,16170,LB,4500000104,10,,,0,,,0,X,,,,,,NA00,,,,,,,,,,,,2017,,,US00,,0,,0,0,0,,0,2,,,,,,,,,B,,,,0,,,,,0,0,0,,,,,0,,0,0,0,,,,,0,,,,0,0,0,,,,50,LB,,125008,0,0,,0,,0,0,,,,,ADAMANTIUM-055,,ME01,WE01,X,X,"12,445","6,222,500.00",S,,,0,,,0,,,,1,0,,,,,,,,,0,,,,,,,,,F,,,0,,WE,2/7/17,2/7/17,9:06:38 PM,GBI-055,,MIGO_GR,,0,,,,,,,12:00:00 AM,,,,,,,,,,,0,,,,,
375,5000000088,2017,1,1,0,0,0,101,,IRON,DL00,RM00,,,,,,125040,,,0,0,,S,USD,2000.00,0,4285.71,,0,,13290,LB,13290,LB,13290,LB,4500000109,10,,,0,,,0,X,,,,,,NA00,,,,,,,,,,,,2017,,,US00,,0,,0,0,0,,0,2,,,,,,,,,B,,,,0,,,,,0,0,0,,,,,0,,0,0,0,,,,,0,,,,0,0,0,,,,20,LB,,125040,0,0,,0,,0,0,,,,,IRON-085,,ME01,WE01,X,X,210,"21,000.00",S,,,0,,,0,,,,1,0,,,,,,,,,0,,,,,,,,,F,,,0,,WE,2/7/17,2/7/17,10:36:42 PM,GBI-058,,MIGO_GR,,0,,,,,,,12:00:00 AM,,,,,,,,,,,0,,,,,
375,5000000089,2017,1,1,0,0,0,101,,KRYPTONITE,DL00,RM00,,,,,,125043,,,0,0,,S,USD,200000.00,0,20200000.00,,0,,12919,LB,12919,LB,12919,LB,4500000110,10,,,0,,,0,X,,,,,,NA00,,,,,,,,,,,,2017,,,US00,,0,,0,0,0,,0,2,,,,,,,,,B,,,,0,,,,,0,0,0,,,,,0,,0,0,0,,,,,0,,,,0,0,0,,,,200,LB,,125043,0,0,,0,,0,0,,,,,KRYPTONITE-059,,ME01,WE01,X,X,200,"200,000.00",S,,,0,,,0,,,,1,0,,,,,,,,,0,,,,,,,,,F,,,0,,WE,2/7/17,2/7/17,10:45:51 PM,GBI-059,,MIGO_GR,,0,,,,,,,12:00:00 AM,,,,,,,,,,,0,,,,,
375,5000000090,2017,1,1,0,0,0,101,,KRYPTONITE,DL00,RM00,,,,,,125010,,,0,0,,S,USD,100000.00,0,107089.31,,0,,3767,LB,3767,LB,3767,LB,4500000111,10,,,0,,,0,X,,,,,,NA00,,,,,,,,,,,,2017,,,US00,,0,,0,0,0,,0,2,,,,,,,,,B,,,,0,,,,,0,0,0,,,,,0,,0,0,0,,,,,0,,,,0,0,0,,,,100,LB,,125010,0,0,,0,,0,0,,,,,KRYPTONITE-027,,ME01,WE01,X,X,200,"200,000.00",S,,,0,,,0,,,,1,0,,,,,,,,,0,,,,,,,,,F,,,0,,WE,2/7/17,2/7/17,10:46:12 PM,GBI-027,,MIGO_GR,,0,,,,,,,12:00:00 AM,,,,,,,,,,,0,,,,,
375,5000000091,2017,1,1,0,0,0,101,,MAGICDUST,DL00,RM00,,,,,,125074,,,0,0,,S,USD,150000.00,0,150000.00,,0,,12138,LB,12138,LB,12138,LB,4500000112,10,,,0,,,0,X,,,,,,NA00,,,,,,,,,,,,2017,,,US00,,0,,0,0,0,,0,2,,,,,,,,,B,,,,0,,,,,0,0,0,,,,,0,,0,0,0,,,,,0,,,,0,0,0,,,,100,LB,,125074,0,0,,0,,0,0,,,,,MAGICDUST-037,,ME01,WE01,X,X,100,"150,000.00",S,,,0,,,0,,,,1,0,,,,,,,,,0,,,,,,,,,F,,,0,,WE,2/8/17,2/8/17,4:16:19 AM,GBI-037,,MIGO_GR,,0,,,,,,,12:00:00 AM,,,,,,,,,,,0,,,,,
375,5000000092,2017,1,1,0,0,0,101,,SILVER,DL00,RM00,,,,,,125071,,,0,0,,S,USD,100000.00,0,100000.00,,0,,3686,LB,3686,LB,3686,LB,4500000113,10,,,0,,,0,X,,,,,,NA00,,,,,,,,,,,,2017,,,US00,,0,,0,0,0,,0,2,,,,,,,,,B,,,,0,,,,,0,0,0,,,,,0,,0,0,0,,,,,0,,,,0,0,0,,,,100,LB,,125071,0,0,,0,,0,0,,,,,SILVER-061,,ME01,WE01,X,X,100,"100,000.00",S,,,0,,,0,,,,1,0,,,,,,,,,0,,,,,,,,,F,,,0,,WE,2/8/17,2/8/17,10:54:35 AM,GBI-061,,MIGO_GR,,0,,,,,,,12:00:00 AM,,,,,,,,,,,0,,,,,
375,5000000093,2017,1,1,0,0,0,101,,KRYPTONITE,DL00,RM00,,,,,,125017,,,0,0,,S,USD,20000.00,0,4000.00,,0,,8840,LB,8840,LB,8840,LB,4500000114,10,,,0,,,0,X,,,,,,NA00,,,,,,,,,,,,2017,,,US00,,0,,0,0,0,,0,2,,,,,,,,,B,,,,0,,,,,0,0,0,,,,,0,,0,0,0,,,,,0,,,,0,0,0,,,,20,LB,,125017,0,0,,0,,0,0,,,,,KRYPTONITE-046,,ME01,WE01,X,X,100,"100,000.00",S,,,0,,,0,,,,1,0,,,,,,,,,0,,,,,,,,,F,,,0,,WE,2/8/17,2/8/17,2:01:34 PM,GBI-046,,MIGO_GR,,0,,,,,,,12:00:00 AM,,,,,,,,,,,0,,,,,
375,5000000094,2017,1,1,0,0,0,101,,KRYPTONITE,DL00,RM00,,,,,,125035,,,0,0,,S,USD,140000.00,0,168000.00,,0,,13794,LB,13794,LB,13794,LB,4500000115,10,,,0,,,0,X,,,,,,NA00,,,,,,,,,,,,2017,,,US00,,0,,0,0,0,,0,2,,,,,,,,,B,,,,0,,,,,0,0,0,,,,,0,,0,0,0,,,,,0,,,,0,0,0,,,,140,LB,,125035,0,0,,0,,0,0,,,,,KRYPTONITE GBI-034,,ME01,WE01,X,X,100,"100,000.00",S,,,0,,,0,,,,1,0,,,,,,,,,0,,,,,,,,,F,,,0,,WE,2/8/17,2/8/17,2:25:22 PM,GBI-034,,MIGO_GR,,0,,,,,,,12:00:00 AM,,,,,,,,,,,0,,,,,
375,5000000095,2017,1,1,0,0,0,101,,KRYPTONITE,DL00,RM00,,,,,,125035,,,0,0,,S,USD,180000.00,0,216000.00,,0,,8572,LB,8572,LB,8572,LB,4500000123,10,,,0,,,0,X,,,,,,NA00,,,,,,,,,,,,2017,,,US00,,0,,0,0,0,,0,2,,,,,,,,,B,,,,0,,,,,0,0,0,,,,,0,,0,0,0,,,,,0,,,,0,0,0,,,,180,LB,,125035,0,0,,0,,0,0,,,,,KRYPTONITE GBI-034,,ME01,WE01,X,X,240,"240,000.00",S,,,0,,,0,,,,1,0,,,,,,,,,0,,,,,,,,,F,,,0,,WE,2/8/17,2/8/17,2:47:29 PM,GBI-034,,MIGO_GR,,0,,,,,,,12:00:00 AM,,,,,,,,,,,0,,,,,
375,5000000096,2017,1,1,0,0,0,101,,DIAMOND,DL00,RM00,,,,,,125003,,,0,0,,S,USD,150000.00,0,150000.00,,0,,8797,LB,8797,LB,8797,LB,4500000122,10,,,0,,,0,X,,,,,,NA00,,,,,,,,,,,,2017,,,US00,,0,,0,0,0,,0,2,,,,,,,,,B,,,,0,,,,,0,0,0,,,,,0,,0,0,0,,,,,0,,,,0,0,0,,,,100,LB,,125003,0,0,,0,,0,0,,,,,DIAMOND-032,,ME01,WE01,X,X,20,"30,000.00",S,,,0,,,0,,,,1,0,,,,,,,,,0,,,,,,,,,F,,,0,,WE,2/8/17,2/8/17,2:47:31 PM,GBI-032,,MIGO_GR,,0,,,,,,,12:00:00 AM,,,,,,,,,,,0,,,,,
375,5000000097,2017,1,1,0,0,0,101,,KRYPTONITE,DL00,RM00,,,,,,125007,,,0,0,,S,USD,20000.00,0,22000.00,,0,,15364,LB,15364,LB,15364,LB,4500000128,10,,,0,,,0,X,,,,,,NA00,,,,,,,,,,,,2017,,,US00,,0,,0,0,0,,0,2,,,,,,,,,B,,,,0,,,,,0,0,0,,,,,0,,0,0,0,,,,,0,,,,0,0,0,,,,20,LB,,125007,0,0,,0,,0,0,,,,,KRYPTONITE-040,,ME01,WE01,X,X,20,"20,000.00",S,,,0,,,0,,,,1,0,,,,,,,,,0,,,,,,,,,F,,,0,,WE,2/8/17,2/8/17,5:00:36 PM,GBI-040,,MIGO_GR,,0,,,,,,,12:00:00 AM,,,,,,,,,,,0,,,,,
375,5000000098,2017,1,1,0,0,0,101,,KRYPTONITE,DL00,RM00,,,,,,125027,,,0,0,,S,USD,100000.00,0,1000.00,,0,,10548,LB,10548,LB,10548,LB,4500000100,10,,,0,,,0,X,,,,,,NA00,,,,,,,,,,,,2017,,,US00,,0,,0,0,0,,0,2,,,,,,,,,B,,,,0,,,,,0,0,0,,,,,0,,0,0,0,,,,,0,,,,0,0,0,,,,100,LB,,125027,0,0,,0,,0,0,,,,,KRYPTONITE-020,,ME01,WE01,X,X,10,"10,000.00",S,,,0,,,0,,,,1,0,,,,,,,,,0,,,,,,,,,F,,,0,,WE,2/8/17,2/8/17,7:30:32 PM,GBI-020,,MIGO_GR,,0,,,,,,,12:00:00 AM,,,,,,,,,,,0,,,,,
375,5000000099,2017,1,1,0,0,0,101,,KRYPTONITE,DL00,RM00,,,,,,125024,,,0,0,,S,USD,1000.00,0,1000.00,,0,,11431,LB,11431,LB,11431,LB,4500000132,10,,,0,,,0,X,,,,,,NA00,,,,,,,,,,,,2017,,,US00,,0,,0,0,0,,0,2,,,,,,,,,B,,,,0,,,,,0,0,0,,,,,0,,0,0,0,,,,,0,,,,0,0,0,,,,1,LB,,125024,0,0,,0,,0,0,,,,,KRYPTONITE-010,,ME01,WE01,X,X,1,"1,000.00",S,,,0,,,0,,,,1,0,,,,,,,,,0,,,,,,,,,F,,,0,,WE,2/8/17,2/8/17,7:54:31 PM,GBI-010,,MIGO_GR,,0,,,,,,,12:00:00 AM,,,,,,,,,,,0,,,,,
375,5000000100,2017,1,1,0,0,0,101,,LIQUID,DL00,RM00,,,,,,125038,,,0,0,,S,USD,200.00,0,217.86,,0,,27,FOZ,27,FOZ,27,FOZ,4500000138,10,,,0,,,0,X,,,,,,NA00,,,,,,,,,,,,2017,,,US00,,0,,0,0,0,,0,2,,,,,,,,,B,,,,0,,,,,0,0,0,,,,,0,,0,0,0,,,,,0,,,,0,0,0,,,,1,FOZ,,125038,0,0,,0,,0,0,,,,,LIQUID-054,,ME01,WE01,X,X,101,"20,200.00",S,,,0,,,0,,,,1,0,,,,,,,,,0,,,,,,,,,F,,,0,,WE,2/8/17,2/8/17,8:54:34 PM,GBI-054,,MIGO_GR,,0,,,,,,,12:00:00 AM,,,,,,,,,,,0,,,,,
375,5000000101,2017,1,1,0,0,0,101,,KRYPTONITE,DL00,RM00,,,,,,125036,,,0,0,,S,USD,4000.00,0,40.00,,0,,2829,LB,2829,LB,2829,LB,4500000137,10,,,0,,,0,X,,,,,,NA00,,,,,,,,,,,,2017,,,US00,,0,,0,0,0,,0,2,,,,,,,,,B,,,,0,,,,,0,0,0,,,,,0,,0,0,0,,,,,0,,,,0,0,0,,,,2,KG,,125036,0,0,,0,,0,0,,,,,KRYPTONITE-053,,ME01,WE01,X,X,2,"4,000.00",S,,,0,,,0,,,,1,0,,,,,,,,,0,,,,,,,,,F,,,0,,WE,2/8/17,2/8/17,8:55:09 PM,GBI-053,,MIGO_GR,,0,,,,,,,12:00:00 AM,,,,,,,,,,,0,,,,,
375,5000000102,2017,1,1,0,0,0,101,,KRYPTONITE,DL00,RM00,,,,,,125078,,,0,0,,S,USD,10000.00,0,20000.00,,0,,13499,LB,13499,LB,13499,LB,4500000142,10,,,0,,,0,X,,,,,,NA00,,,,,,,,,,,,2017,,,US00,,0,,0,0,0,,0,2,,,,,,,,,B,,,,0,,,,,0,0,0,,,,,0,,0,0,0,,,,,0,,,,0,0,0,,,,10,GAL,,125078,0,0,,0,,0,0,,,,,KRYPTONITE-GBI048V,,ME01,WE01,X,X,2,"2,000.00",S,,,0,,,0,,,,1,0,,,,,,,,,0,,,,,,,,,F,,,0,,WE,2/8/17,2/8/17,10:03:31 PM,GBI-048,,MIGO_GR,,0,,,,,,,12:00:00 AM,,,,,,,,,,,0,,,,,
375,5000000103,2017,1,1,0,0,0,101,,KRYPTONITE,DL00,RM00,,,,,,125018,,,0,0,,S,USD,1000000.00,0,949400.00,,0,,13308,LB,13308,LB,13308,LB,4500000117,10,,,0,,,0,X,,,,,,NA00,,,,,,,,,,,,2017,,,US00,,0,,0,0,0,,0,2,,,,,,,,,B,,,,0,,,,,0,0,0,,,,,0,,0,0,0,,,,,0,,,,0,0,0,,,,"1,000",LB,,125018,0,0,,0,,0,0,,,,,KRYPTONITE-017,,ME01,WE01,X,X,"1,000","1,000,000.00",S,,,0,,,0,,,,1,0,,,,,,,,,0,,,,,,,,,F,,,0,,WE,2/8/17,2/8/17,10:03:58 PM,GBI-017,,MIGO_GR,,0,,,,,,,12:00:00 AM,,,,,,,,,,,0,,,,,
375,5000000104,2017,1,1,0,0,0,101,,KRYPTONITE,DL00,RM00,,,,,,125032,,,0,0,,S,USD,12000.00,0,12000.00,,0,,7893,LB,7893,LB,7893,LB,4500000143,10,,,0,,,0,X,,,,,,NA00,,,,,,,,,,,,2017,,,US00,,0,,0,0,0,,0,2,,,,,,,,,B,,,,0,,,,,0,0,0,,,,,0,,0,0,0,,,,,0,,,,0,0,0,,,,10,LB,,125032,0,0,,0,,0,0,,,,,KRYPTONITE-MOHIT,,ME01,WE01,X,X,10,"12,000.00",S,,,0,,,0,,,,1,0,,,,,,,,,0,,,,,,,,,F,,,0,,WE,2/8/17,2/8/17,10:16:27 PM,GBI-050,,MIGO_GR,,0,,,,,,,12:00:00 AM,,,,,,,,,,,0,,,,,
375,5000000105,2017,1,1,0,0,0,101,,KRYPTONITE,DL00,RM00,,,,,,125039,,,0,0,,S,USD,1000000.00,0,1200000.00,,0,,6660,LB,6660,LB,6660,LB,4500000139,10,,,0,,,0,X,,,,,,NA00,,,,,,,,,,,,2017,,,US00,,0,,0,0,0,,0,2,,,,,,,,,B,,,,0,,,,,0,0,0,,,,,0,,0,0,0,,,,,0,,,,0,0,0,,,,"1,000",LB,,125039,0,0,,0,,0,0,,,,,KRYPTONITE-021,,ME01,WE01,X,X,"1,000","1,000,000.00",S,,,0,,,0,,,,1,0,,,,,,,,,0,,,,,,,,,F,,,0,,WE,2/8/17,2/8/17,10:34:33 PM,GBI-021,,MIGO_GR,,0,,,,,,,12:00:00 AM,,,,,,,,,,,0,,,,,
375,5000000106,2017,1,1,0,0,0,101,,KRYPTONITE,DL00,RM00,,,,,,125080,,,0,0,,S,USD,30000.00,0,30133.80,,0,,17980,LB,17980,LB,17980,LB,4500000141,10,,,0,,,0,X,,,,,,NA00,,,,,,,,,,,,2017,,,US00,,0,,0,0,0,,0,2,,,,,,,,,B,,,,0,,,,,0,0,0,,,,,0,,0,0,0,,,,,0,,,,0,0,0,,,,10,LB,,125080,0,0,,0,,0,0,,,,,KRYPTONITE-060,,ME01,WE01,X,X,3,"9,000.00",S,,,0,,,0,,,,1,0,,,,,,,,,0,,,,,,,,,F,,,0,,WE,2/8/17,2/8/17,10:48:52 PM,GBI-060,,MIGO_GR,,0,,,,,,,12:00:00 AM,,,,,,,,,,,0,,,,,
375,5000000107,2017,1,1,0,0,0,101,,KRYPTONITE,DL00,RM00,,,,,,125060,,,0,0,,S,USD,10000.00,0,10000.00,,0,,14828,LB,14828,LB,14828,LB,4500000147,10,,,0,,,0,X,,,,,,NA00,,,,,,,,,,,,2017,,,US00,,0,,0,0,0,,0,2,,,,,,,,,B,,,,0,,,,,0,0,0,,,,,0,,0,0,0,,,,,0,,,,0,0,0,,,,10,LB,,125060,0,0,,0,,0,0,,,,,KRYPTONITE,,ME01,WE01,X,X,"1,700","1,700,000.00",S,,,0,,,0,,,,1,0,,,,,,,,,0,,,,,,,,,F,,,0,,WE,2/8/17,2/8/17,10:58:15 PM,GBI-051,,MIGO_GR,,0,,,,,,,12:00:00 AM,,,,,,,,,,,0,,,,,
375,5000000108,2017,1,1,0,0,0,101,,KRYPTONITE,DL00,RM00,,,,,,125080,,,0,0,,S,USD,30000.00,0,30000.00,,0,,2262,LB,2262,LB,2262,LB,4500000148,10,,,0,,,0,X,,,,,,NA00,,,,,,,,,,,,2017,,,US00,,0,,0,0,0,,0,2,,,,,,,,,B,,,,0,,,,,0,0,0,,,,,0,,0,0,0,,,,,0,,,,0,0,0,,,,10,LB,,125080,0,0,,0,,0,0,,,,,KRYPTONITE-060,,ME01,WE01,X,X,13,"39,000.00",S,,,0,,,0,,,,1,0,,,,,,,,,0,,,,,,,,,F,,,0,,WE,2/8/17,2/8/17,11:01:23 PM,GBI-060,,MIGO_GR,,0,,,,,,,12:00:00 AM,,,,,,,,,,,0,,,,,
375,5000000109,2017,1,1,0,0,0,101,,KRYPTONITE,DL00,RM00,,,,,,125026,,,0,0,,S,USD,10000.00,0,1282.05,,0,,15143,LB,15143,LB,15143,LB,4500000149,10,,,0,,,0,X,,,,,,NA00,,,,,,,,,,,,2017,,,US00,,0,,0,0,0,,0,2,,,,,,,,,B,,,,0,,,,,0,0,0,,,,,0,,0,0,0,,,,,0,,,,0,0,0,,,,10,LB,,125026,0,0,,0,,0,0,,,,,KRYPTONITE-023,,ME01,WE01,X,X,100,"100,000.00",S,,,0,,,0,,,,1,0,,,,,,,,,0,,,,,,,,,F,,,0,,WE,2/8/17,2/8/17,11:12:06 PM,GBI-023,,MIGO_GR,,0,,,,,,,12:00:00 AM,,,,,,,,,,,0,,,,,
375,5000000110,2017,1,1,0,0,0,101,,KRYPTONITE,DL00,RM00,,,,,,125018,,,0,0,,S,USD,1000000.00,0,940000.00,,0,,4065,LB,4065,LB,4065,LB,4500000150,10,,,0,,,0,X,,,,,,NA00,,,,,,,,,,,,2017,,,US00,,0,,0,0,0,,0,2,,,,,,,,,B,,,,0,,,,,0,0,0,,,,,0,,0,0,0,,,,,0,,,,0,0,0,,,,"1,000",LB,,125018,0,0,,0,,0,0,,,,,KRYPTONITE-017,,ME01,WE01,X,X,"2,000","2,000,000.00",S,,,0,,,0,,,,1,0,,,,,,,,,0,,,,,,,,,F,,,0,,WE,2/8/17,2/8/17,11:17:44 PM,GBI-017,,MIGO_GR,,0,,,,,,,12:00:00 AM,,,,,,,,,,,0,,,,,
375,5000000111,2017,1,1,0,0,0,101,,KRYPTONITE,DL00,RM00,,,,,,125018,,,0,0,,S,USD,1000000.00,0,940000.00,,0,,15022,LB,15022,LB,15022,LB,4500000151,10,,,0,,,0,X,,,,,,NA00,,,,,,,,,,,,2017,,,US00,,0,,0,0,0,,0,2,,,,,,,,,B,,,,0,,,,,0,0,0,,,,,0,,0,0,0,,,,,0,,,,0,0,0,,,,"1,000",LB,,125018,0,0,,0,,0,0,,,,,KRYPTONITE-017,,ME01,WE01,X,X,"3,000","3,000,000.00",S,,,0,,,0,,,,1,0,,,,,,,,,0,,,,,,,,,F,,,0,,WE,2/8/17,2/8/17,11:28:41 PM,GBI-017,,MIGO_GR,,0,,,,,,,12:00:00 AM,,,,,,,,,,,0,,,,,
375,5000000112,2017,1,1,0,0,0,101,,KRYPTONITE,DL00,RM00,,,,,,125083,,,0,0,,S,USD,10000.00,0,10100.00,,0,,3758,LB,3758,LB,3758,LB,4500000153,10,,,0,,,0,X,,,,,,NA00,,,,,,,,,,,,2017,,,US00,,0,,0,0,0,,0,2,,,,,,,,,B,,,,0,,,,,0,0,0,,,,,0,,0,0,0,,,,,0,,,,0,0,0,,,,10,LB,,125083,0,0,,0,,0,0,,,,,KRYPTONITE-031,,ME01,WE01,X,X,0,0,S,,,0,,,0,,,,1,0,,,,,,,,,0,,,,,,,,,F,,,0,,WE,2/9/17,2/9/17,2:03:44 AM,GBI-031,,MIGO_GR,,0,,,,,,,12:00:00 AM,,,,,,,,,,,0,,,,,
375,5000000113,2017,1,1,0,0,0,101,,RUBY,DL00,RM00,,,,,,125046,,,0,0,,S,USD,45000.00,0,48000.00,,0,,870,G,870,G,870,G,4500000155,10,,,0,,,0,X,,,,,,NA00,,,,,,,,,,,,2017,,,US00,,0,,0,0,0,,0,2,,,,,,,,,B,,,,0,,,,,0,0,0,,,,,0,,0,0,0,,,,,0,,,,0,0,0,,,,300,G,,125046,0,0,,0,,0,0,,,,,RUBY-045,,ME01,WE01,X,X,200,"30,000.00",S,,,0,,,0,,,,1,0,,,,,,,,,0,,,,,,,,,F,,,0,,WE,2/9/17,2/9/17,9:07:32 AM,GBI-045,,MIGO_GR,,0,,,,,,,12:00:00 AM,,,,,,,,,,,0,,,,,
375,5000000114,2017,1,1,0,0,0,101,,KRYPTONITE,DL00,RM00,,,,,,125042,,,0,0,,S,USD,50000.00,0,50000.00,,0,,1503,LB,1503,LB,1503,LB,4500000157,10,,,0,,,0,X,,,,,,NA00,,,,,,,,,,,,2017,,,US00,,0,,0,0,0,,0,2,,,,,,,,,B,,,,0,,,,,0,0,0,,,,,0,,0,0,0,,,,,0,,,,0,0,0,,,,50,LB,,125042,0,0,,0,,0,0,,,,,KRYPTONITE-043,,ME01,WE01,X,X,100,"100,000.00",S,,,0,,,0,,,,1,0,,,,,,,,,0,,,,,,,,,F,,,0,,WE,2/9/17,2/9/17,9:49:03 AM,GBI-043,,MIGO_GR,,0,,,,,,,12:00:00 AM,,,,,,,,,,,0,,,,,
375,5000000115,2017,1,1,0,0,0,101,,PALLADIUM,DL00,RM00,,,,,,125006,,,0,0,,S,USD,4000.00,0,128.51,,0,,42,G,42,G,42,G,4500000131,10,,,0,,,0,X,,,,,,NA00,,,,,,,,,,,,2017,,,US00,,0,,0,0,0,,0,2,,,,,,,,,B,,,,0,,,,,0,0,0,,,,,0,,0,0,0,,,,,0,,,,0,0,0,,,,40,G,,125006,0,0,,0,,0,0,,,,,PALLADIUM-035,,ME01,WE01,X,X,10,"1,000.00",S,,,0,,,0,,,,1,0,,,,,,,,,0,,,,,,,,,F,,,0,,WE,2/9/17,2/9/17,10:34:28 AM,GBI-035,,MIGO_GR,,0,,,,,,,12:00:00 AM,,,,,,,,,,,0,,,,,
375,5000000116,2017,1,1,0,0,0,101,,KRYPTONITE,DL00,RM00,,,,,,125029,,,0,0,,S,USD,2000.00,0,400.00,,0,,14446,LB,14446,LB,14446,LB,4500000158,10,,,0,,,0,X,,,,,,NA00,,,,,,,,,,,,2017,,,US00,,0,,0,0,0,,0,2,,,,,,,,,B,,,,0,,,,,0,0,0,,,,,0,,0,0,0,,,,,0,,,,0,0,0,,,,2,LB,,125029,0,0,,0,,0,0,,,,,KRYPTONITE-049,,ME01,WE01,X,X,5,"5,000.00",S,,,0,,,0,,,,1,0,,,,,,,,,0,,,,,,,,,F,,,0,,WE,2/9/17,2/9/17,11:14:50 AM,GBI-049,,MIGO_GR,,0,,,,,,,12:00:00 AM,,,,,,,,,,,0,,,,,
375,5000000117,2017,1,1,0,0,0,101,,PALLADIUM,DL00,RM00,,,,,,125006,,,0,0,,S,USD,5000.00,0,160.63,,0,,56,G,56,G,56,G,4500000160,10,,,0,,,0,X,,,,,,NA00,,,,,,,,,,,,2017,,,US00,,0,,0,0,0,,0,2,,,,,,,,,B,,,,0,,,,,0,0,0,,,,,0,,0,0,0,,,,,0,,,,0,0,0,,,,50,G,,125006,0,0,,0,,0,0,,,,,PALLADIUM-035,,ME01,WE01,X,X,50,"5,000.00",S,,,0,,,0,,,,1,0,,,,,,,,,0,,,,,,,,,F,,,0,,WE,2/9/17,2/9/17,11:19:32 AM,GBI-035,,MIGO_GR,,0,,,,,,,12:00:00 AM,,,,,,,,,,,0,,,,,
375,5000000118,2017,1,1,0,0,0,101,,KRYPTONITE,DL00,RM00,,,,,,125082,,,0,0,,S,USD,100000.00,0,100000.00,,0,,3868,LB,3868,LB,3868,LB,4500000101,10,,,0,,,0,X,,,,,,NA00,,,,,,,,,,,,2017,,,US00,,0,,0,0,0,,0,2,,,,,,,,,B,,,,0,,,,,0,0,0,,,,,0,,0,0,0,,,,,0,,,,0,0,0,,,,100,LB,,125082,0,0,,0,,0,0,,,,,KRYPTONITE,,ME01,WE01,X,X,"1,710","1,710,000.00",S,,,0,,,0,,,,1,0,,,,,,,,,0,,,,,,,,,F,,,0,,WE,2/10/17,2/10/17,6:28:30 PM,GBI-039,,MIGO_GR,,0,,,,,,,12:00:00 AM,,,,,,,,,,,0,,,,,
375,5000000119,2017,1,1,0,0,0,101,,TEST,DL00,RM00,,,,,,125047,,,0,0,,S,USD,9000.00,0,900000.00,,0,,13123,LB,13123,LB,13123,LB,4500000171,10,,,0,,,0,X,,,,,,NA00,,,,,,,,,,,,2017,,,US00,,0,,0,0,0,,0,2,,,,,,,,,B,,,,0,,,,,0,0,0,,,,,0,,0,0,0,,,,,0,,,,0,0,0,,,,90,LB,,125047,0,0,,0,,0,0,,,,,TEST1,,ME01,WE01,X,X,0,0,S,,,0,,,90,LB,,,1,0,,,,,,,,,0,,,,,,,,,F,,,0,,WE,2/13/17,2/13/17,3:03:38 PM,GBI-065,,MIGO_GR,,0,,,,,,,12:00:00 AM,,,,,,,,,,,0,,,,,
375,5000000120,2017,1,1,0,0,0,101,,TEST,DL00,RM00,,,,,,125047,,,0,0,,S,USD,8000.00,0,800000.00,,0,,10908,LB,10908,LB,10908,LB,4500000172,10,,,0,,,0,,,,,,,NA00,,,,,,,,,,,,2017,,,US00,,0,,0,0,0,,0,2,,,,,,,,,B,,,,0,,,,,0,0,0,,,,,0,,0,0,0,,,,,0,,,,0,0,0,,,,80,LB,,125047,0,0,,0,,0,0,,,,,TEST1,,ME01,WE01,X,X,90,"9,000.00",S,,,0,,,0,,,,1,0,,,,,,,,,0,,,,,,,,,F,,,0,,WE,2/13/17,2/13/17,3:21:16 PM,GBI-065,,MIGO_GR,,0,,,,,,,12:00:00 AM,,,,,,,,,,,0,,,,,
375,5000000121,2017,1,1,0,0,0,101,,KRYPTONITE,DL00,RM00,,,,,,125000,,,0,0,,S,USD,98000.00,0,2617.58,,0,,7870,LB,7870,LB,7870,LB,4500000173,10,,,0,,,0,,,,,,,NA00,,,,,,,,,,,,2017,,,US00,,0,,0,0,0,,0,2,,,,,,,,,B,,,,0,,,,,0,0,0,,,,,0,,0,0,0,,,,,0,,,,0,0,0,,,,98,LB,,125000,0,0,,0,,0,0,,,,,KRYPTONITE,,ME01,WE01,X,X,"1,810","1,810,000.00",S,,,0,,,0,,,,1,0,,,,,,,,,0,,,,,,,,,F,,,0,,WE,2/13/17,2/13/17,3:41:36 PM,GBIFAC-01,,MIGO_GR,,0,,,,,,,12:00:00 AM,,,,,,,,,,,0,,,,,
375,5000000122,2017,1,1,0,0,0,101,,KRYPTONITE,DL00,RM00,,,,,,125000,,,0,0,,S,USD,98000.00,0,2617.58,,0,,13459,LB,13459,LB,13459,LB,4500000174,10,,,0,,,0,X,,,,,,NA00,,,,,,,,,,,,2017,,,US00,,0,,0,0,0,,0,2,,,,,,,,,B,,,,0,,,,,0,0,0,,,,,0,,0,0,0,,,,,0,,,,0,0,0,,,,98,LB,,125000,0,0,,0,,0,0,,,,,KRYPTONITE,,ME01,WE01,X,X,"1,908","1,908,000.00",S,,,0,,,0,,,,1,0,,,,,,,,,0,,,,,,,,,F,,,0,,WE,2/13/17,2/13/17,3:55:25 PM,GBIFAC-01,,MIGO_GR,,0,,,,,,,12:00:00 AM,,,,,,,,,,,0,,,,,
375,5000000123,2017,1,1,0,0,0,101,,KRYPTONITE,DL00,RM00,,,,,,125000,,,0,0,,S,USD,50000.00,0,1335.50,,0,,8393,LB,8393,LB,8393,LB,4500000175,10,,,0,,,0,X,,,,,,NA00,,,,,,,,,,,,2017,,,US00,,0,,0,0,0,,0,2,,,,,,,,,B,,,,0,,,,,0,0,0,,,,,0,,0,0,0,,,,,0,,,,0,0,0,,,,50,LB,,125000,0,0,,0,,0,0,,,,,KRYPTONITE,,ME01,WE01,X,X,"2,006","2,006,000.00",S,,,0,,,0,,,,1,0,,,,,,,,,0,,,,,,,,,F,,,0,,WE,2/13/17,2/13/17,3:59:49 PM,GBIFAC-01,,MIGO_GR,,0,,,,,,,12:00:00 AM,,,,,,,,,,,0,,,,,
375,5000000124,2017,1,1,0,0,0,101,,KRYPTONITE,DL00,RM00,,,,,,125000,,,0,0,,S,USD,98000.00,0,2617.58,,0,,18182,LB,18182,LB,18182,LB,4500000185,10,,,0,,,0,X,,,,,,NA00,,,,,,,,,,,,2017,,,US00,,0,,0,0,0,,0,2,,,,,,,,,B,,,,0,,,,,0,0,0,,,,,0,,0,0,0,,,,,0,,,,0,0,0,,,,98,LB,,125000,0,0,,0,,0,0,,,,,KRYPTONITE,,ME01,WE01,X,X,"2,056","2,056,000.00",S,,,0,,,0,,,,1,0,,,,,,,,,0,,,,,,,,,F,,,0,,WE,2/14/17,2/14/17,7:19:13 PM,GBIFAC-01,,MIGO_GR,,0,,,,,,,12:00:00 AM,,,,,,,,,,,0,,,,,
375,5000000125,2017,1,1,0,0,0,101,,HEXNT,DL00,RM00,,,,,,125094,,,0,0,,S,USD,12300.00,0,12200.00,,0,,3225,LB,3225,LB,3225,LB,4500000186,10,,,0,,,0,X,,,,,,NA00,,,,,,,,,,,,2017,,,US00,,0,,0,0,0,,0,2,,,,,,,,,B,,,,0,,,,,0,0,0,,,,,0,,0,0,0,,,,,0,,,,0,0,0,,,,"10,000",LB,,125094,0,0,,0,,0,0,,,,,HEXNT-01,,ME01,WE01,X,X,0,0,S,,,0,,,0,,,,1,0,,,,,,,,,0,,,,,,,,,F,,,0,,WE,2/14/17,2/14/17,7:58:17 PM,GBI-050,,MIGO_GR,,0,,,,,,,12:00:00 AM,,,,,,,,,,,0,,,,,
375,5000000126,2017,1,1,0,0,0,101,,HEXNT,DL00,RM00,,,,,,125094,,,0,0,,S,USD,12300.00,0,12300.00,,0,,13335,LB,13335,LB,13335,LB,4500000187,10,,,0,,,0,X,,,,,,NA00,,,,,,,,,,,,2017,,,US00,,0,,0,0,0,,0,2,,,,,,,,,B,,,,0,,,,,0,0,0,,,,,0,,0,0,0,,,,,0,,,,0,0,0,,,,"10,000",LB,,125094,0,0,,0,,0,0,,,,,HEXNT-01,,ME01,WE01,X,X,"10,000","12,300.00",S,,,0,,,0,,,,1,0,,,,,,,,,0,,,,,,,,,F,,,0,,WE,2/14/17,2/14/17,8:00:11 PM,GBI-050,,MIGO_GR,,0,,,,,,,12:00:00 AM,,,,,,,,,,,0,,,,,
375,5000000127,2017,1,1,0,0,0,101,,HEXNT,DL00,RM00,,,,,,125094,,,0,0,,S,USD,12300.00,0,12300.00,,0,,12398,LB,12398,LB,12398,LB,4500000188,10,,,0,,,0,X,,,,,,NA00,,,,,,,,,,,,2017,,,US00,,0,,0,0,0,,0,2,,,,,,,,,B,,,,0,,,,,0,0,0,,,,,0,,0,0,0,,,,,0,,,,0,0,0,,,,"10,000",LB,,125094,0,0,,0,,0,0,,,,,HEXNT-01,,ME01,WE01,X,X,"20,000","24,600.00",S,,,0,,,0,,,,1,0,,,,,,,,,0,,,,,,,,,F,,,0,,WE,2/14/17,2/14/17,8:00:47 PM,GBI-050,,MIGO_GR,,0,,,,,,,12:00:00 AM,,,,,,,,,,,0,,,,,
375,5000000128,2017,1,1,0,0,0,101,,HEXNT,DL00,RM00,,,,,,125094,,,0,0,,S,USD,12300.00,0,12300.00,,0,,15134,LB,15134,LB,15134,LB,4500000189,10,,,0,,,0,X,,,,,,NA00,,,,,,,,,,,,2017,,,US00,,0,,0,0,0,,0,2,,,,,,,,,B,,,,0,,,,,0,0,0,,,,,0,,0,0,0,,,,,0,,,,0,0,0,,,,"10,000",LB,,125094,0,0,,0,,0,0,,,,,HEXNT-01,,ME01,WE01,X,X,"30,000","36,900.00",S,,,0,,,0,,,,1,0,,,,,,,,,0,,,,,,,,,F,,,0,,WE,2/14/17,2/14/17,8:01:15 PM,GBI-050,,MIGO_GR,,0,,,,,,,12:00:00 AM,,,,,,,,,,,0,,,,,
375,5000000129,2017,1,1,0,0,0,101,,HEXNT,DL00,RM00,,,,,,125094,,,0,0,,S,USD,12300.00,0,12400.00,,0,,15370,LB,15370,LB,15370,LB,4500000190,10,,,0,,,0,X,,,,,,NA00,,,,,,,,,,,,2017,,,US00,,0,,0,0,0,,0,2,,,,,,,,,B,,,,0,,,,,0,0,0,,,,,0,,0,0,0,,,,,0,,,,0,0,0,,,,"10,000",LB,,125094,0,0,,0,,0,0,,,,,HEXNT-01,,ME01,WE01,X,X,"40,000","49,200.00",S,,,0,,,0,,,,1,0,,,,,,,,,0,,,,,,,,,F,,,0,,WE,2/14/17,2/14/17,8:01:43 PM,GBI-050,,MIGO_GR,,0,,,,,,,12:00:00 AM,,,,,,,,,,,0,,,,,
375,5000000130,2017,1,1,0,0,0,101,,HEXNT,DL00,RM00,,,,,,125094,,,0,0,,S,USD,12300.00,0,12200.00,,0,,9179,LB,9179,LB,9179,LB,4500000191,10,,,0,,,0,X,,,,,,NA00,,,,,,,,,,,,2017,,,US00,,0,,0,0,0,,0,2,,,,,,,,,B,,,,0,,,,,0,0,0,,,,,0,,0,0,0,,,,,0,,,,0,0,0,,,,"10,000",LB,,125094,0,0,,0,,0,0,,,,,HEXNT-01,,ME01,WE01,X,X,"50,000","61,500.00",S,,,0,,,0,,,,1,0,,,,,,,,,0,,,,,,,,,F,,,0,,WE,2/14/17,2/14/17,8:02:08 PM,GBI-050,,MIGO_GR,,0,,,,,,,12:00:00 AM,,,,,,,,,,,0,,,,,
375,5000000131,2017,1,3,0,0,0,101,,GOLD,DL00,RM00,,,,,,125070,,,0,0,,S,USD,800.00,0,1008.00,,0,,265,G,265,G,265,G,4500000121,10,,,0,,,0,X,,,,,,NA00,,,,,,,,,,,,2017,,,US00,,0,,0,0,0,,0,2,,,,,,,,,B,,,,0,,,,,0,0,0,,,,,0,,0,0,0,,,,,0,,,,0,0,0,,,,20,G,,125070,0,0,,0,,0,0,,,,,GOLD-026,,ME01,WE01,X,X,2,80,S,,,0,,,0,,,,1,0,,,,,,,,,0,,,,,,,,,F,,,0,,WE,2/14/17,2/14/17,9:45:16 PM,GBI-026,,MIGO_GR,,0,,,,,,,12:00:00 AM,,,,,,,,,,,0,,,,,
375,5000000132,2017,1,1,0,0,0,101,,HEXNT,DL00,RM00,,,,,,125094,,,0,0,,S,USD,12300.00,0,12300.00,,0,,17247,LB,17247,LB,17247,LB,4500000192,10,,,0,,,0,X,,,,,,NA00,,,,,,,,,,,,2017,,,US00,,0,,0,0,0,,0,2,,,,,,,,,B,,,,0,,,,,0,0,0,,,,,0,,0,0,0,,,,,0,,,,0,0,0,,,,"10,000",LB,,125094,0,0,,0,,0,0,,,,,HEXNT-01,,ME01,WE01,X,X,"60,000","73,800.00",S,,,0,,,0,,,,1,0,,,,,,,,,0,,,,,,,,,F,,,0,,WE,2/14/17,2/14/17,10:13:28 PM,GBI-046,,MIGO_GR,,0,,,,,,,12:00:00 AM,,,,,,,,,,,0,,,,,
375,5000000133,2017,1,1,0,0,0,101,,HEXNT,DL00,RM00,,,,,,125094,,,0,0,,S,USD,12300.00,0,12300.00,,0,,1843,LB,1843,LB,1843,LB,4500000193,10,,,0,,,0,X,,,,,,NA00,,,,,,,,,,,,2017,,,US00,,0,,0,0,0,,0,2,,,,,,,,,B,,,,0,,,,,0,0,0,,,,,0,,0,0,0,,,,,0,,,,0,0,0,,,,"10,000",LB,,125094,0,0,,0,,0,0,,,,,HEXNT-01,,ME01,WE01,X,X,"70,000","86,100.00",S,,,0,,,0,,,,1,0,,,,,,,,,0,,,,,,,,,F,,,0,,WE,2/14/17,2/14/17,10:14:24 PM,GBI-046,,MIGO_GR,,0,,,,,,,12:00:00 AM,,,,,,,,,,,0,,,,,
375,5000000134,2017,1,1,0,0,0,101,,HEXNT,DL00,RM00,,,,,,125094,,,0,0,,S,USD,12300.00,0,12200.00,,0,,18727,LB,18727,LB,18727,LB,4500000194,10,,,0,,,0,X,,,,,,NA00,,,,,,,,,,,,2017,,,US00,,0,,0,0,0,,0,2,,,,,,,,,B,,,,0,,,,,0,0,0,,,,,0,,0,0,0,,,,,0,,,,0,0,0,,,,"10,000",LB,,125094,0,0,,0,,0,0,,,,,HEXNT-01,,ME01,WE01,X,X,"80,000","98,400.00",S,,,0,,,0,,,,1,0,,,,,,,,,0,,,,,,,,,F,,,0,,WE,2/14/17,2/14/17,10:14:59 PM,GBI-046,,MIGO_GR,,0,,,,,,,12:00:00 AM,,,,,,,,,,,0,,,,,
375,5000000135,2017,1,1,0,0,0,101,,HEXNT,DL00,RM00,,,,,,125094,,,0,0,,S,USD,12300.00,0,12200.00,,0,,7387,LB,7387,LB,7387,LB,4500000195,10,,,0,,,0,X,,,,,,NA00,,,,,,,,,,,,2017,,,US00,,0,,0,0,0,,0,2,,,,,,,,,B,,,,0,,,,,0,0,0,,,,,0,,0,0,0,,,,,0,,,,0,0,0,,,,"10,000",LB,,125094,0,0,,0,,0,0,,,,,HEXNT-01,,ME01,WE01,X,X,"90,000","110,700.00",S,,,0,,,0,,,,1,0,,,,,,,,,0,,,,,,,,,F,,,0,,WE,2/14/17,2/14/17,10:15:25 PM,GBI-046,,MIGO_GR,,0,,,,,,,12:00:00 AM,,,,,,,,,,,0,,,,,
375,5000000136,2017,1,1,0,0,0,101,,HEXNT,DL00,RM00,,,,,,125094,,,0,0,,S,USD,12300.00,0,12300.00,,0,,6487,LB,6487,LB,6487,LB,4500000196,10,,,0,,,0,X,,,,,,NA00,,,,,,,,,,,,2017,,,US00,,0,,0,0,0,,0,2,,,,,,,,,B,,,,0,,,,,0,0,0,,,,,0,,0,0,0,,,,,0,,,,0,0,0,,,,"10,000",LB,,125094,0,0,,0,,0,0,,,,,HEXNT-01,,ME01,WE01,X,X,"100,000","123,000.00",S,,,0,,,0,,,,1,0,,,,,,,,,0,,,,,,,,,F,,,0,,WE,2/14/17,2/14/17,10:15:47 PM,GBI-046,,MIGO_GR,,0,,,,,,,12:00:00 AM,,,,,,,,,,,0,,,,,
375,5000000137,2017,1,1,0,0,0,101,,HEXNT,DL00,RM00,,,,,,125094,,,0,0,,S,USD,12300.00,0,12200.00,,0,,11737,LB,11737,LB,11737,LB,4500000197,10,,,0,,,0,X,,,,,,NA00,,,,,,,,,,,,2017,,,US00,,0,,0,0,0,,0,2,,,,,,,,,B,,,,0,,,,,0,0,0,,,,,0,,0,0,0,,,,,0,,,,0,0,0,,,,"10,000",LB,,125094,0,0,,0,,0,0,,,,,HEXNT-01,,ME01,WE01,X,X,"110,000","135,300.00",S,,,0,,,0,,,,1,0,,,,,,,,,0,,,,,,,,,F,,,0,,WE,2/14/17,2/14/17,10:16:09 PM,GBI-046,,MIGO_GR,,0,,,,,,,12:00:00 AM,,,,,,,,,,,0,,,,,
375,5000000138,2017,1,1,0,0,0,101,,HEXNT,DL00,RM00,,,,,,125094,,,0,0,,S,USD,12300.00,0,12300.00,,0,,6677,LB,6677,LB,6677,LB,4500000199,10,,,0,,,0,X,,,,,,NA00,,,,,,,,,,,,2017,,,US00,,0,,0,0,0,,0,2,,,,,,,,,B,,,,0,,,,,0,0,0,,,,,0,,0,0,0,,,,,0,,,,0,0,0,,,,"10,000",LB,,125094,0,0,,0,,0,0,,,,,HEXNT-01,,ME01,WE01,X,X,"120,000","147,600.00",S,,,0,,,0,,,,1,0,,,,,,,,,0,,,,,,,,,F,,,0,,WE,2/14/17,2/14/17,11:01:06 PM,GBI-058,,MIGO_GR,,0,,,,,,,12:00:00 AM,,,,,,,,,,,0,,,,,
375,5000000139,2017,1,1,0,0,0,101,,HEXNT,DL00,RM00,,,,,,125094,,,0,0,,S,USD,12300.00,0,12300.00,,0,,13813,LB,13813,LB,13813,LB,4500000200,10,,,0,,,0,X,,,,,,NA00,,,,,,,,,,,,2017,,,US00,,0,,0,0,0,,0,2,,,,,,,,,B,,,,0,,,,,0,0,0,,,,,0,,0,0,0,,,,,0,,,,0,0,0,,,,"10,000",LB,,125094,0,0,,0,,0,0,,,,,HEXNT-01,,ME01,WE01,X,X,"130,000","159,900.00",S,,,0,,,0,,,,1,0,,,,,,,,,0,,,,,,,,,F,,,0,,WE,2/14/17,2/14/17,11:01:58 PM,GBI-058,,MIGO_GR,,0,,,,,,,12:00:00 AM,,,,,,,,,,,0,,,,,
375,5000000140,2017,1,1,0,0,0,101,,HEXNT,DL00,RM00,,,,,,125094,,,0,0,,S,USD,12300.00,0,12400.00,,0,,7022,LB,7022,LB,7022,LB,4500000201,10,,,0,,,0,X,,,,,,NA00,,,,,,,,,,,,2017,,,US00,,0,,0,0,0,,0,2,,,,,,,,,B,,,,0,,,,,0,0,0,,,,,0,,0,0,0,,,,,0,,,,0,0,0,,,,"10,000",LB,,125094,0,0,,0,,0,0,,,,,HEXNT-01,,ME01,WE01,X,X,"140,000","172,200.00",S,,,0,,,0,,,,1,0,,,,,,,,,0,,,,,,,,,F,,,0,,WE,2/14/17,2/14/17,11:02:35 PM,GBI-058,,MIGO_GR,,0,,,,,,,12:00:00 AM,,,,,,,,,,,0,,,,,
375,5000000141,2017,1,1,0,0,0,101,,HEXNT,DL00,RM00,,,,,,125094,,,0,0,,S,USD,12300.00,0,12300.00,,0,,11258,LB,11258,LB,11258,LB,4500000202,10,,,0,,,0,X,,,,,,NA00,,,,,,,,,,,,2017,,,US00,,0,,0,0,0,,0,2,,,,,,,,,B,,,,0,,,,,0,0,0,,,,,0,,0,0,0,,,,,0,,,,0,0,0,,,,"10,000",LB,,125094,0,0,,0,,0,0,,,,,HEXNT-01,,ME01,WE01,X,X,"150,000","184,500.00",S,,,0,,,0,,,,1,0,,,,,,,,,0,,,,,,,,,F,,,0,,WE,2/14/17,2/14/17,11:03:32 PM,GBI-058,,MIGO_GR,,0,,,,,,,12:00:00 AM,,,,,,,,,,,0,,,,,
375,5000000142,2017,1,1,0,0,0,101,,HEXNT,DL00,RM00,,,,,,125094,,,0,0,,S,USD,12300.00,0,12400.00,,0,,6077,LB,6077,LB,6077,LB,4500000203,10,,,0,,,0,X,,,,,,NA00,,,,,,,,,,,,2017,,,US00,,0,,0,0,0,,0,2,,,,,,,,,B,,,,0,,,,,0,0,0,,,,,0,,0,0,0,,,,,0,,,,0,0,0,,,,"10,000",LB,,125094,0,0,,0,,0,0,,,,,HEXNT-01,,ME01,WE01,X,X,"160,000","196,800.00",S,,,0,,,0,,,,1,0,,,,,,,,,0,,,,,,,,,F,,,0,,WE,2/14/17,2/14/17,11:04:02 PM,GBI-058,,MIGO_GR,,0,,,,,,,12:00:00 AM,,,,,,,,,,,0,,,,,
375,5000000143,2017,1,1,0,0,0,101,,HEXNT,DL00,RM00,,,,,,125094,,,0,0,,S,USD,12300.00,0,12200.00,,0,,8948,LB,8948,LB,8948,LB,4500000204,10,,,0,,,0,X,,,,,,NA00,,,,,,,,,,,,2017,,,US00,,0,,0,0,0,,0,2,,,,,,,,,B,,,,0,,,,,0,0,0,,,,,0,,0,0,0,,,,,0,,,,0,0,0,,,,"10,000",LB,,125094,0,0,,0,,0,0,,,,,HEXNT-01,,ME01,WE01,X,X,"170,000","209,100.00",S,,,0,,,0,,,,1,0,,,,,,,,,0,,,,,,,,,F,,,0,,WE,2/14/17,2/14/17,11:04:45 PM,GBI-058,,MIGO_GR,,0,,,,,,,12:00:00 AM,,,,,,,,,,,0,,,,,
375,5000000144,2017,1,1,0,0,0,101,,TEST,DL00,RM00,,,,,,125045,,,0,0,,S,USD,9000.00,0,90000.00,,0,,92,FT3,92,FT3,92,FT3,4500000205,10,,,0,,,0,X,,,,,,NA00,,,,,,,,,,,,2017,,,US00,,0,,0,0,0,,0,2,,,,,,,,,B,,,,0,,,,,0,0,0,,,,,0,,0,0,0,,,,,0,,,,0,0,0,,,,9,FT3,,125045,0,0,,0,,0,0,,,,,TEST11,,ME01,WE01,X,X,0,0,S,,,0,,,0,,,,1,0,,,,,,,,,0,,,,,,,,,F,,,0,,WE,2/15/17,2/15/17,12:23:06 AM,GBI-064,,MIGO_GR,,0,,,,,,,12:00:00 AM,,,,,,,,,,,0,,,,,
375,5000000145,2017,1,1,0,0,0,101,,TEST,DL00,RM00,,,,,,125045,,,0,0,,S,USD,91000.00,0,91000.00,,0,,54,FT3,54,FT3,54,FT3,4500000206,10,,,0,,,0,X,,,,,,NA00,,,,,,,,,,,,2017,,,US00,,0,,0,0,0,,0,2,,,,,,,,,B,,,,0,,,,,0,0,0,,,,,0,,0,0,0,,,,,0,,,,0,0,0,,,,91,FT3,,125045,0,0,,0,,0,0,,,,,TEST11,,ME01,WE01,X,X,9,"9,000.00",S,,,0,,,0,,,,1,0,,,,,,,,,0,,,,,,,,,F,,,0,,WE,2/15/17,2/15/17,12:47:07 AM,GBI-064,,MIGO_GR,,0,,,,,,,12:00:00 AM,,,,,,,,,,,0,,,,,
375,5000000146,2017,1,1,0,0,0,101,,TEST,DL00,RM00,,,,,,125045,,,0,0,,S,USD,97000.00,0,97000.00,,0,,68,FT3,68,FT3,68,FT3,4500000207,10,,,0,,,0,X,,,,,,NA00,,,,,,,,,,,,2017,,,US00,,0,,0,0,0,,0,2,,,,,,,,,B,,,,0,,,,,0,0,0,,,,,0,,0,0,0,,,,,0,,,,0,0,0,,,,97,FT3,,125045,0,0,,0,,0,0,,,,,TEST11,,ME01,WE01,X,X,100,"100,000.00",S,,,0,,,0,,,,1,0,,,,,,,,,0,,,,,,,,,F,,,0,,WE,2/15/17,2/15/17,12:53:45 AM,GBI-064,,MIGO_GR,,0,,,,,,,12:00:00 AM,,,,,,,,,,,0,,,,,
375,5000000147,2017,1,1,0,0,0,101,,HEXNT,DL00,RM00,,,,,,125094,,,0,0,,S,USD,12300.00,0,12400.00,,0,,13379,LB,13379,LB,13379,LB,4500000208,10,,,0,,,0,X,,,,,,NA00,,,,,,,,,,,,2017,,,US00,,0,,0,0,0,,0,2,,,,,,,,,B,,,,0,,,,,0,0,0,,,,,0,,0,0,0,,,,,0,,,,0,0,0,,,,"10,000",LB,,125094,0,0,,0,,0,0,,,,,HEXNT-01,,ME01,WE01,X,X,"180,000","221,400.00",S,,,0,,,0,,,,1,0,,,,,,,,,0,,,,,,,,,F,,,0,,WE,2/15/17,2/15/17,12:08:26 PM,GBI-027,,MIGO_GR,,0,,,,,,,12:00:00 AM,,,,,,,,,,,0,,,,,
375,5000000148,2017,1,1,0,0,0,101,,HEXNT,DL00,RM00,,,,,,125094,,,0,0,,S,USD,12300.00,0,12400.00,,0,,12009,LB,12009,LB,12009,LB,4500000209,10,,,0,,,0,X,,,,,,NA00,,,,,,,,,,,,2017,,,US00,,0,,0,0,0,,0,2,,,,,,,,,B,,,,0,,,,,0,0,0,,,,,0,,0,0,0,,,,,0,,,,0,0,0,,,,"10,000",LB,,125094,0,0,,0,,0,0,,,,,HEXNT-01,,ME01,WE01,X,X,"190,000","233,700.00",S,,,0,,,0,,,,1,0,,,,,,,,,0,,,,,,,,,F,,,0,,WE,2/15/17,2/15/17,12:09:36 PM,GBI-027,,MIGO_GR,,0,,,,,,,12:00:00 AM,,,,,,,,,,,0,,,,,
375,5000000149,2017,1,1,0,0,0,101,,HEXNT,DL00,RM00,,,,,,125094,,,0,0,,S,USD,12300.00,0,12400.00,,0,,5555,LB,5555,LB,5555,LB,4500000210,10,,,0,,,0,X,,,,,,NA00,,,,,,,,,,,,2017,,,US00,,0,,0,0,0,,0,2,,,,,,,,,B,,,,0,,,,,0,0,0,,,,,0,,0,0,0,,,,,0,,,,0,0,0,,,,"10,000",LB,,125094,0,0,,0,,0,0,,,,,HEXNT-01,,ME01,WE01,X,X,"200,000","246,000.00",S,,,0,,,0,,,,1,0,,,,,,,,,0,,,,,,,,,F,,,0,,WE,2/15/17,2/15/17,12:10:15 PM,GBI-027,,MIGO_GR,,0,,,,,,,12:00:00 AM,,,,,,,,,,,0,,,,,
375,5000000150,2017,1,1,0,0,0,101,,HEXNT,DL00,RM00,,,,,,125094,,,0,0,,S,USD,12300.00,0,12400.00,,0,,13923,LB,13923,LB,13923,LB,4500000211,10,,,0,,,0,X,,,,,,NA00,,,,,,,,,,,,2017,,,US00,,0,,0,0,0,,0,2,,,,,,,,,B,,,,0,,,,,0,0,0,,,,,0,,0,0,0,,,,,0,,,,0,0,0,,,,"10,000",LB,,125094,0,0,,0,,0,0,,,,,HEXNT-01,,ME01,WE01,X,X,"210,000","258,300.00",S,,,0,,,0,,,,1,0,,,,,,,,,0,,,,,,,,,F,,,0,,WE,2/15/17,2/15/17,12:10:50 PM,GBI-027,,MIGO_GR,,0,,,,,,,12:00:00 AM,,,,,,,,,,,0,,,,,
375,5000000151,2017,1,1,0,0,0,101,,HEXNT,DL00,RM00,,,,,,125094,,,0,0,,S,USD,12300.00,0,12400.00,,0,,3249,LB,3249,LB,3249,LB,4500000212,10,,,0,,,0,X,,,,,,NA00,,,,,,,,,,,,2017,,,US00,,0,,0,0,0,,0,2,,,,,,,,,B,,,,0,,,,,0,0,0,,,,,0,,0,0,0,,,,,0,,,,0,0,0,,,,"10,000",LB,,125094,0,0,,0,,0,0,,,,,HEXNT-01,,ME01,WE01,X,X,"220,000","270,600.00",S,,,0,,,0,,,,1,0,,,,,,,,,0,,,,,,,,,F,,,0,,WE,2/15/17,2/15/17,12:11:26 PM,GBI-027,,MIGO_GR,,0,,,,,,,12:00:00 AM,,,,,,,,,,,0,,,,,
375,5000000152,2017,1,1,0,0,0,101,,HEXNT,DL00,RM00,,,,,,125094,,,0,0,,S,USD,12300.00,0,12400.00,,0,,14610,LB,14610,LB,14610,LB,4500000213,10,,,0,,,0,X,,,,,,NA00,,,,,,,,,,,,2017,,,US00,,0,,0,0,0,,0,2,,,,,,,,,B,,,,0,,,,,0,0,0,,,,,0,,0,0,0,,,,,0,,,,0,0,0,,,,"10,000",LB,,125094,0,0,,0,,0,0,,,,,HEXNT-01,,ME01,WE01,X,X,"230,000","282,900.00",S,,,0,,,0,,,,1,0,,,,,,,,,0,,,,,,,,,F,,,0,,WE,2/15/17,2/15/17,12:11:59 PM,GBI-027,,MIGO_GR,,0,,,,,,,12:00:00 AM,,,,,,,,,,,0,,,,,
375,5000000153,2017,1,1,0,0,0,101,,HEXNT,DL00,RM00,,,,,,125094,,,0,0,,S,USD,12300.00,0,12200.00,,0,,5836,LB,5836,LB,5836,LB,4500000215,10,,,0,,,0,X,,,,,,NA00,,,,,,,,,,,,2017,,,US00,,0,,0,0,0,,0,2,,,,,,,,,B,,,,0,,,,,0,0,0,,,,,0,,0,0,0,,,,,0,,,,0,0,0,,,,"10,000",LB,,125094,0,0,,0,,0,0,,,,,HEXNT-01,,ME01,WE01,X,X,"240,000","295,200.00",S,,,0,,,0,,,,1,0,,,,,,,,,0,,,,,,,,,F,,,0,,WE,2/15/17,2/15/17,12:32:27 PM,GBI-027,,MIGO_GR,,0,,,,,,,12:00:00 AM,,,,,,,,,,,0,,,,,
375,5000000154,2017,1,1,0,0,0,101,,HEXNT,DL00,RM00,,,,,,125094,,,0,0,,S,USD,12300.00,0,12200.00,,0,,19851,LB,19851,LB,19851,LB,4500000217,10,,,0,,,0,X,,,,,,NA00,,,,,,,,,,,,2017,,,US00,,0,,0,0,0,,0,2,,,,,,,,,B,,,,0,,,,,0,0,0,,,,,0,,0,0,0,,,,,0,,,,0,0,0,,,,"10,000",LB,,125094,0,0,,0,,0,0,,,,,HEXNT-01,,ME01,WE01,X,X,"250,000","307,500.00",S,,,0,,,0,,,,1,0,,,,,,,,,0,,,,,,,,,F,,,0,,WE,2/15/17,2/15/17,12:40:36 PM,GBI-027,,MIGO_GR,,0,,,,,,,12:00:00 AM,,,,,,,,,,,0,,,,,
375,5000000155,2017,1,1,0,0,0,101,,HEXNT,DL00,RM00,,,,,,125094,,,0,0,,S,USD,12300.00,0,12200.00,,0,,3582,LB,3582,LB,3582,LB,4500000218,10,,,0,,,0,X,,,,,,NA00,,,,,,,,,,,,2017,,,US00,,0,,0,0,0,,0,2,,,,,,,,,B,,,,0,,,,,0,0,0,,,,,0,,0,0,0,,,,,0,,,,0,0,0,,,,"10,000",LB,,125094,0,0,,0,,0,0,,,,,HEXNT-01,,ME01,WE01,X,X,"260,000","319,800.00",S,,,0,,,0,,,,1,0,,,,,,,,,0,,,,,,,,,F,,,0,,WE,2/15/17,2/15/17,12:44:59 PM,GBI-027,,MIGO_GR,,0,,,,,,,12:00:00 AM,,,,,,,,,,,0,,,,,
375,5000000156,2017,1,1,0,0,0,101,,HEXNT,DL00,RM00,,,,,,125094,,,0,0,,S,USD,12300.00,0,12300.00,,0,,4710,LB,4710,LB,4710,LB,4500000219,10,,,0,,,0,X,,,,,,NA00,,,,,,,,,,,,2017,,,US00,,0,,0,0,0,,0,2,,,,,,,,,B,,,,0,,,,,0,0,0,,,,,0,,0,0,0,,,,,0,,,,0,0,0,,,,"10,000",LB,,125094,0,0,,0,,0,0,,,,,HEXNT-01,,ME01,WE01,X,X,"270,000","332,100.00",S,,,0,,,0,,,,1,0,,,,,,,,,0,,,,,,,,,F,,,0,,WE,2/15/17,2/15/17,12:52:28 PM,GBI-027,,MIGO_GR,,0,,,,,,,12:00:00 AM,,,,,,,,,,,0,,,,,
375,5000000157,2017,1,1,0,0,0,101,,KRYPTONITE,DL00,RM00,,,,,,125000,,,0,0,,S,USD,100000.00,0,2671.00,,0,,2585,LB,2585,LB,2585,LB,4500000220,10,,,0,,,0,X,,,,,,NA00,,,,,,,,,,,,2017,,,US00,,0,,0,0,0,,0,2,,,,,,,,,B,,,,0,,,,,0,0,0,,,,,0,,0,0,0,,,,,0,,,,0,0,0,,,,100,LB,,125000,0,0,,0,,0,0,,,,,KRYPTONITE,,ME01,WE01,X,X,"2,154","2,154,000.00",S,,,0,,,0,,,,1,0,,,,,,,,,0,,,,,,,,,F,,,0,,WE,2/15/17,2/15/17,12:57:18 PM,GBIFAC-01,,MIGO_GR,,0,,,,,,,12:00:00 AM,,,,,,,,,,,0,,,,,
375,5000000158,2017,1,1,0,0,0,101,,KRYPTONITE,DL00,RM00,,,,,,125000,,,0,0,,S,USD,98000.00,0,2617.58,,0,,15904,LB,15904,LB,15904,LB,4500000222,10,,,0,,,0,X,,,,,,NA00,,,,,,,,,,,,2017,,,US00,,0,,0,0,0,,0,2,,,,,,,,,B,,,,0,,,,,0,0,0,,,,,0,,0,0,0,,,,,0,,,,0,0,0,,,,98,LB,,125000,0,0,,0,,0,0,,,,,KRYPTONITE,,ME01,WE01,X,X,"2,254","2,254,000.00",S,,,0,,,0,,,,1,0,,,,,,,,,0,,,,,,,,,F,,,0,,WE,2/15/17,2/15/17,1:43:11 PM,GBIFAC-01,,MIGO_GR,,0,,,,,,,12:00:00 AM,,,,,,,,,,,0,,,,,
375,5000000159,2017,1,1,0,0,0,101,,HEXNT,DL00,RM00,,,,,,125094,,,0,0,,S,USD,12300.00,0,12800.00,,0,,4637,LB,4637,LB,4637,LB,4500000232,10,,,0,,,0,X,,,,,,NA00,,,,,,,,,,,,2017,,,US00,,0,,0,0,0,,0,2,,,,,,,,,B,,,,0,,,,,0,0,0,,,,,0,,0,0,0,,,,,0,,,,0,0,0,,,,"10,000",LB,,125094,0,0,,0,,0,0,,,,,HEXNT-01,,ME01,WE01,X,X,"280,000","344,400.00",S,,,0,,,0,,,,1,0,,,,,,,,,0,,,,,,,,,F,,,0,,WE,2/16/17,2/16/17,11:03:50 AM,GBI-035,,MIGO_GR,,0,,,,,,,12:00:00 AM,,,,,,,,,,,0,,,,,
375,5000000160,2017,1,1,0,0,0,101,,HEXNT,DL00,RM00,,,,,,125094,,,0,0,,S,USD,12300.00,0,12800.00,,0,,6615,LB,6615,LB,6615,LB,4500000233,10,,,0,,,0,X,,,,,,NA00,,,,,,,,,,,,2017,,,US00,,0,,0,0,0,,0,2,,,,,,,,,B,,,,0,,,,,0,0,0,,,,,0,,0,0,0,,,,,0,,,,0,0,0,,,,"10,000",LB,,125094,0,0,,0,,0,0,,,,,HEXNT-01,,ME01,WE01,X,X,"290,000","356,700.00",S,,,0,,,0,,,,1,0,,,,,,,,,0,,,,,,,,,F,,,0,,WE,2/16/17,2/16/17,11:41:25 AM,GBI-035,,MIGO_GR,,0,,,,,,,12:00:00 AM,,,,,,,,,,,0,,,,,
375,5000000161,2017,1,1,0,0,0,101,,HEXNT,DL00,RM00,,,,,,125094,,,0,0,,S,USD,12300.00,0,12800.00,,0,,14029,LB,14029,LB,14029,LB,4500000234,10,,,0,,,0,X,,,,,,NA00,,,,,,,,,,,,2017,,,US00,,0,,0,0,0,,0,2,,,,,,,,,B,,,,0,,,,,0,0,0,,,,,0,,0,0,0,,,,,0,,,,0,0,0,,,,"10,000",LB,,125094,0,0,,0,,0,0,,,,,HEXNT-01,,ME01,WE01,X,X,"300,000","369,000.00",S,,,0,,,0,,,,1,0,,,,,,,,,0,,,,,,,,,F,,,0,,WE,2/16/17,2/16/17,12:23:22 PM,GBI-035,,MIGO_GR,,0,,,,,,,12:00:00 AM,,,,,,,,,,,0,,,,,
375,5000000162,2017,1,1,0,0,0,101,,HEXNT,DL00,RM00,,,,,,125094,,,0,0,,S,USD,12300.00,0,12700.00,,0,,13033,LB,13033,LB,13033,LB,4500000235,10,,,0,,,0,X,,,,,,NA00,,,,,,,,,,,,2017,,,US00,,0,,0,0,0,,0,2,,,,,,,,,B,,,,0,,,,,0,0,0,,,,,0,,0,0,0,,,,,0,,,,0,0,0,,,,"10,000",LB,,125094,0,0,,0,,0,0,,,,,HEXNT-01,,ME01,WE01,X,X,"310,000","381,300.00",S,,,0,,,0,,,,1,0,,,,,,,,,0,,,,,,,,,F,,,0,,WE,2/16/17,2/16/17,12:30:26 PM,GBI-035,,MIGO_GR,,0,,,,,,,12:00:00 AM,,,,,,,,,,,0,,,,,
375,5000000163,2017,1,1,0,0,0,101,,HEXNT,DL00,RM00,,,,,,125094,,,0,0,,S,USD,12300.00,0,12200.00,,0,,18630,LB,18630,LB,18630,LB,4500000236,10,,,0,,,0,X,,,,,,NA00,,,,,,,,,,,,2017,,,US00,,0,,0,0,0,,0,2,,,,,,,,,B,,,,0,,,,,0,0,0,,,,,0,,0,0,0,,,,,0,,,,0,0,0,,,,"10,000",LB,,125094,0,0,,0,,0,0,,,,,HEXNT-01,,ME01,WE01,X,X,"320,000","393,600.00",S,,,0,,,0,,,,1,0,,,,,,,,,0,,,,,,,,,F,,,0,,WE,2/16/17,2/16/17,12:34:26 PM,GBI-035,,MIGO_GR,,0,,,,,,,12:00:00 AM,,,,,,,,,,,0,,,,,
375,5000000164,2017,1,1,0,0,0,101,,HEXNT,DL00,RM00,,,,,,125094,,,0,0,,S,USD,12300.00,0,12200.00,,0,,5002,LB,5002,LB,5002,LB,4500000237,10,,,0,,,0,X,,,,,,NA00,,,,,,,,,,,,2017,,,US00,,0,,0,0,0,,0,2,,,,,,,,,B,,,,0,,,,,0,0,0,,,,,0,,0,0,0,,,,,0,,,,0,0,0,,,,"10,000",LB,,125094,0,0,,0,,0,0,,,,,HEXNT-01,,ME01,WE01,X,X,"330,000","405,900.00",S,,,0,,,0,,,,1,0,,,,,,,,,0,,,,,,,,,F,,,0,,WE,2/16/17,2/16/17,12:39:39 PM,GBI-035,,MIGO_GR,,0,,,,,,,12:00:00 AM,,,,,,,,,,,0,,,,,
375,5000000165,2017,1,1,0,0,0,101,,HEXNT,DL00,RM00,,,,,,125094,,,0,0,,S,USD,12300.00,0,12800.00,,0,,5683,LB,5683,LB,5683,LB,4500000238,10,,,0,,,0,X,,,,,,NA00,,,,,,,,,,,,2017,,,US00,,0,,0,0,0,,0,2,,,,,,,,,B,,,,0,,,,,0,0,0,,,,,0,,0,0,0,,,,,0,,,,0,0,0,,,,"10,000",LB,,125094,0,0,,0,,0,0,,,,,HEXNT-01,,ME01,WE01,X,X,"340,000","418,200.00",S,,,0,,,0,,,,1,0,,,,,,,,,0,,,,,,,,,F,,,0,,WE,2/16/17,2/16/17,12:46:24 PM,GBI-035,,MIGO_GR,,0,,,,,,,12:00:00 AM,,,,,,,,,,,0,,,,,
375,5000000166,2017,1,1,0,0,0,101,,HEXNT,DL00,RM00,,,,,,125094,,,0,0,,S,USD,12300.00,0,12800.00,,0,,10245,LB,10245,LB,10245,LB,4500000239,10,,,0,,,0,X,,,,,,NA00,,,,,,,,,,,,2017,,,US00,,0,,0,0,0,,0,2,,,,,,,,,B,,,,0,,,,,0,0,0,,,,,0,,0,0,0,,,,,0,,,,0,0,0,,,,"10,000",LB,,125094,0,0,,0,,0,0,,,,,HEXNT-01,,ME01,WE01,X,X,"350,000","430,500.00",S,,,0,,,0,,,,1,0,,,,,,,,,0,,,,,,,,,F,,,0,,WE,2/16/17,2/16/17,12:49:00 PM,GBI-035,,MIGO_GR,,0,,,,,,,12:00:00 AM,,,,,,,,,,,0,,,,,
375,5000000167,2017,1,1,0,0,0,101,,ROSE ESSENTIAL OIL,DL00,RM00,,,,,,125087,,,0,0,,S,USD,1590.00,0,1620.00,,0,,1064,L,1064,L,1064,L,4500000176,10,,,0,,,0,X,,,,,,NA00,,,,,,,,,,,,2017,,,US00,,0,,0,0,0,,0,2,,,,,,,,,B,,,,0,,,,,0,0,0,,,,,0,,0,0,0,,,,,0,,,,0,0,0,,,,30,L,,125087,0,0,,0,,0,0,,,,,ROSE ESSENTIAL OIL,,ME01,WE01,X,X,0,0,S,,,0,,,0,,,,1,0,,,,,,,,,0,,,,,,,,,F,,,0,,WE,2/16/17,2/16/17,2:22:47 PM,GBI-057,,MIGO_GR,,0,,,,,,,12:00:00 AM,,,,,,,,,,,0,,,,,
375,5000000168,2017,1,1,0,0,0,101,,ROSE ESSENTIAL OIL,DL00,RM00,,,,,,125087,,,0,0,,S,USD,2650.00,0,2700.00,,0,,6,L,6,L,6,L,4500000161,10,,,0,,,0,X,,,,,,NA00,,,,,,,,,,,,2017,,,US00,,0,,0,0,0,,0,2,,,,,,,,,B,,,,0,,,,,0,0,0,,,,,0,,0,0,0,,,,,0,,,,0,0,0,,,,50,L,,125087,0,0,,0,,0,0,,,,,ROSE ESSENTIAL OIL,,ME01,WE01,X,X,30,"1,590.00",S,,,0,,,0,,,,1,0,,,,,,,,,0,,,,,,,,,F,,,0,,WE,2/16/17,2/16/17,2:27:17 PM,GBI-057,,MIGO_GR,,0,,,,,,,12:00:00 AM,,,,,,,,,,,0,,,,,
375,5000000169,2017,1,1,0,0,0,101,,ROSE ESSENTIAL OIL,DL00,RM00,,,,,,125087,,,0,0,,S,USD,2120.00,0,2160.00,,0,,643,L,643,L,643,L,4500000177,10,,,0,,,0,X,,,,,,NA00,,,,,,,,,,,,2017,,,US00,,0,,0,0,0,,0,2,,,,,,,,,B,,,,0,,,,,0,0,0,,,,,0,,0,0,0,,,,,0,,,,0,0,0,,,,40,L,,125087,0,0,,0,,0,0,,,,,ROSE ESSENTIAL OIL,,ME01,WE01,X,X,80,"4,240.00",S,,,0,,,0,,,,1,0,,,,,,,,,0,,,,,,,,,F,,,0,,WE,2/16/17,2/16/17,2:28:04 PM,GBI-057,,MIGO_GR,,0,,,,,,,12:00:00 AM,,,,,,,,,,,0,,,,,
375,5000000170,2017,1,1,0,0,0,101,,ROSE ESSENTIAL OIL,DL00,RM00,,,,,,125087,,,0,0,,S,USD,1325.00,0,1350.00,,0,,602,L,602,L,602,L,4500000178,10,,,0,,,0,X,,,,,,NA00,,,,,,,,,,,,2017,,,US00,,0,,0,0,0,,0,2,,,,,,,,,B,,,,0,,,,,0,0,0,,,,,0,,0,0,0,,,,,0,,,,0,0,0,,,,25,L,,125087,0,0,,0,,0,0,,,,,ROSE ESSENTIAL OIL,,ME01,WE01,X,X,120,"6,360.00",S,,,0,,,0,,,,1,0,,,,,,,,,0,,,,,,,,,F,,,0,,WE,2/16/17,2/16/17,2:28:38 PM,GBI-057,,MIGO_GR,,0,,,,,,,12:00:00 AM,,,,,,,,,,,0,,,,,
375,5000000171,2017,1,1,0,0,0,101,,ROSE ESSENTIAL OIL,DL00,RM00,,,,,,125087,,,0,0,,S,USD,2385.00,0,2430.00,,0,,922,L,922,L,922,L,4500000179,10,,,0,,,0,X,,,,,,NA00,,,,,,,,,,,,2017,,,US00,,0,,0,0,0,,0,2,,,,,,,,,B,,,,0,,,,,0,0,0,,,,,0,,0,0,0,,,,,0,,,,0,0,0,,,,45,L,,125087,0,0,,0,,0,0,,,,,ROSE ESSENTIAL OIL,,ME01,WE01,X,X,145,"7,685.00",S,,,0,,,0,,,,1,0,,,,,,,,,0,,,,,,,,,F,,,0,,WE,2/16/17,2/16/17,2:29:04 PM,GBI-057,,MIGO_GR,,0,,,,,,,12:00:00 AM,,,,,,,,,,,0,,,,,
375,5000000172,2017,1,1,0,0,0,101,,ROSE ESSENTIAL OIL,DL00,RM00,,,,,,125085,,,0,0,,S,USD,530.00,0,530.00,,0,,750,L,750,L,750,L,4500000169,10,,,0,,,0,X,,,,,,NA00,,,,,,,,,,,,2017,,,US00,,0,,0,0,0,,0,2,,,,,,,,,B,,,,0,,,,,0,0,0,,,,,0,,0,0,0,,,,,0,,,,0,0,0,,,,10,L,,125085,0,0,,0,,0,0,,,,,ROSE ESSENTIAL OIL,,ME01,WE01,X,X,190,"10,070.00",S,,,0,,,0,,,,1,0,,,,,,,,,0,,,,,,,,,F,,,0,,WE,2/16/17,2/16/17,2:29:33 PM,GBI-057,,MIGO_GR,,0,,,,,,,12:00:00 AM,,,,,,,,,,,0,,,,,
375,5000000173,2017,1,1,0,0,0,101,,ROSE ESSENTIAL OIL,DL00,RM00,,,,,,125085,,,0,0,,S,USD,2120.00,0,2120.00,,0,,100,L,100,L,100,L,4500000168,10,,,0,,,0,X,,,,,,NA00,,,,,,,,,,,,2017,,,US00,,0,,0,0,0,,0,2,,,,,,,,,B,,,,0,,,,,0,0,0,,,,,0,,0,0,0,,,,,0,,,,0,0,0,,,,40,L,,125085,0,0,,0,,0,0,,,,,ROSE ESSENTIAL OIL,,ME01,WE01,X,X,200,"10,600.00",S,,,0,,,0,,,,1,0,,,,,,,,,0,,,,,,,,,F,,,0,,WE,2/16/17,2/16/17,2:29:56 PM,GBI-057,,MIGO_GR,,0,,,,,,,12:00:00 AM,,,,,,,,,,,0,,,,,
375,5000000174,2017,1,1,0,0,0,101,,ROSE ESSENTIAL OIL,DL00,RM00,,,,,,125085,,,0,0,,S,USD,2650.00,0,2750.00,,0,,917,L,917,L,917,L,4500000167,10,,,0,,,0,X,,,,,,NA00,,,,,,,,,,,,2017,,,US00,,0,,0,0,0,,0,2,,,,,,,,,B,,,,0,,,,,0,0,0,,,,,0,,0,0,0,,,,,0,,,,0,0,0,,,,50,L,,125085,0,0,,0,,0,0,,,,,ROSE ESSENTIAL OIL,,ME01,WE01,X,X,240,"12,720.00",S,,,0,,,0,,,,1,0,,,,,,,,,0,,,,,,,,,F,,,0,,WE,2/16/17,2/16/17,2:30:23 PM,GBI-057,,MIGO_GR,,0,,,,,,,12:00:00 AM,,,,,,,,,,,0,,,,,
375,5000000175,2017,1,1,0,0,0,101,,ROSE ESSENTIAL OIL,DL00,RM00,,,,,,125085,,,0,0,,S,USD,1590.00,0,1650.00,,0,,269,L,269,L,269,L,4500000164,10,,,0,,,0,X,,,,,,NA00,,,,,,,,,,,,2017,,,US00,,0,,0,0,0,,0,2,,,,,,,,,B,,,,0,,,,,0,0,0,,,,,0,,0,0,0,,,,,0,,,,0,0,0,,,,30,L,,125085,0,0,,0,,0,0,,,,,ROSE ESSENTIAL OIL,,ME01,WE01,X,X,290,"15,370.00",S,,,0,,,0,,,,1,0,,,,,,,,,0,,,,,,,,,F,,,0,,WE,2/16/17,2/16/17,2:30:45 PM,GBI-057,,MIGO_GR,,0,,,,,,,12:00:00 AM,,,,,,,,,,,0,,,,,
375,5000000176,2017,1,1,0,0,0,101,,ROSE ESSENTIAL OIL,DL00,RM00,,,,,,125085,,,0,0,,S,USD,2650.00,0,2750.00,,0,,1051,L,1051,L,1051,L,4500000165,10,,,0,,,0,X,,,,,,NA00,,,,,,,,,,,,2017,,,US00,,0,,0,0,0,,0,2,,,,,,,,,B,,,,0,,,,,0,0,0,,,,,0,,0,0,0,,,,,0,,,,0,0,0,,,,50,L,,125085,0,0,,0,,0,0,,,,,ROSE ESSENTIAL OIL,,ME01,WE01,X,X,320,"16,960.00",S,,,0,,,0,,,,1,0,,,,,,,,,0,,,,,,,,,F,,,0,,WE,2/16/17,2/16/17,2:31:07 PM,GBI-057,,MIGO_GR,,0,,,,,,,12:00:00 AM,,,,,,,,,,,0,,,,,
375,5000000177,2017,1,1,0,0,0,101,,ROSE ESSENTIAL OIL,DL00,RM00,,,,,,125086,,,0,0,,S,USD,2650.00,0,2900.00,,0,,761,L,761,L,761,L,4500000180,10,,,0,,,0,X,,,,,,NA00,,,,,,,,,,,,2017,,,US00,,0,,0,0,0,,0,2,,,,,,,,,B,,,,0,,,,,0,0,0,,,,,0,,0,0,0,,,,,0,,,,0,0,0,,,,50,L,,125086,0,0,,0,,0,0,,,,,ROSE ESSENTIAL OIL,,ME01,WE01,X,X,370,"19,610.00",S,,,0,,,0,,,,1,0,,,,,,,,,0,,,,,,,,,F,,,0,,WE,2/16/17,2/16/17,2:31:39 PM,GBI-057,,MIGO_GR,,0,,,,,,,12:00:00 AM,,,,,,,,,,,0,,,,,
375,5000000178,2017,1,1,0,0,0,101,,ROSE ESSENTIAL OIL,DL00,RM00,,,,,,125086,,,0,0,,S,USD,2385.00,0,2619.00,,0,,84,L,84,L,84,L,4500000181,10,,,0,,,0,X,,,,,,NA00,,,,,,,,,,,,2017,,,US00,,0,,0,0,0,,0,2,,,,,,,,,B,,,,0,,,,,0,0,0,,,,,0,,0,0,0,,,,,0,,,,0,0,0,,,,45,L,,125086,0,0,,0,,0,0,,,,,ROSE ESSENTIAL OIL,,ME01,WE01,X,X,420,"22,260.00",S,,,0,,,0,,,,1,0,,,,,,,,,0,,,,,,,,,F,,,0,,WE,2/16/17,2/16/17,2:32:28 PM,GBI-057,,MIGO_GR,,0,,,,,,,12:00:00 AM,,,,,,,,,,,0,,,,,
375,5000000179,2017,1,1,0,0,0,101,,ROSE ESSENTIAL OIL,DL00,RM00,,,,,,125086,,,0,0,,S,USD,1855.00,0,2038.75,,0,,639,L,639,L,639,L,4500000182,10,,,0,,,0,X,,,,,,NA00,,,,,,,,,,,,2017,,,US00,,0,,0,0,0,,0,2,,,,,,,,,B,,,,0,,,,,0,0,0,,,,,0,,0,0,0,,,,,0,,,,0,0,0,,,,35,L,,125086,0,0,,0,,0,0,,,,,ROSE ESSENTIAL OIL,,ME01,WE01,X,X,465,"24,645.00",S,,,0,,,0,,,,1,0,,,,,,,,,0,,,,,,,,,F,,,0,,WE,2/16/17,2/16/17,2:32:58 PM,GBI-057,,MIGO_GR,,0,,,,,,,12:00:00 AM,,,,,,,,,,,0,,,,,
375,5000000180,2017,1,1,0,0,0,101,,ROSE ESSENTIAL OIL,DL00,RM00,,,,,,125086,,,0,0,,S,USD,3180.00,0,3483.00,,0,,932,L,932,L,932,L,4500000183,10,,,0,,,0,X,,,,,,NA00,,,,,,,,,,,,2017,,,US00,,0,,0,0,0,,0,2,,,,,,,,,B,,,,0,,,,,0,0,0,,,,,0,,0,0,0,,,,,0,,,,0,0,0,,,,60,L,,125086,0,0,,0,,0,0,,,,,ROSE ESSENTIAL OIL,,ME01,WE01,X,X,500,"26,500.00",S,,,0,,,0,,,,1,0,,,,,,,,,0,,,,,,,,,F,,,0,,WE,2/16/17,2/16/17,2:33:29 PM,GBI-057,,MIGO_GR,,0,,,,,,,12:00:00 AM,,,,,,,,,,,0,,,,,
375,5000000181,2017,1,1,0,0,0,101,,ROSE ESSENTIAL OIL,DL00,RM00,,,,,,125086,,,0,0,,S,USD,2120.00,0,2332.00,,0,,998,L,998,L,998,L,4500000184,10,,,0,,,0,X,,,,,,NA00,,,,,,,,,,,,2017,,,US00,,0,,0,0,0,,0,2,,,,,,,,,B,,,,0,,,,,0,0,0,,,,,0,,0,0,0,,,,,0,,,,0,0,0,,,,40,L,,125086,0,0,,0,,0,0,,,,,ROSE ESSENTIAL OIL,,ME01,WE01,X,X,560,"29,680.00",S,,,0,,,0,,,,1,0,,,,,,,,,0,,,,,,,,,F,,,0,,WE,2/16/17,2/16/17,2:33:50 PM,GBI-057,,MIGO_GR,,0,,,,,,,12:00:00 AM,,,,,,,,,,,0,,,,,
375,5000000182,2017,1,1,0,0,0,101,,TEST,DL00,RM00,,,,,,125000,,,0,0,,S,USD,80000.00,0,80000.00,,0,,109,FT3,109,FT3,109,FT3,4500000242,10,,,0,,,0,X,,,,,,NA00,,,,,,,,,,,,2017,,,US00,,0,,0,0,0,,0,2,,,,,,,,,B,,,,0,,,,,0,0,0,,,,,0,,0,0,0,,,,,0,,,,0,0,0,,,,80,FT3,,125000,0,0,,0,,0,0,,,,,TEST11,,ME01,WE01,X,X,197,"197,000.00",S,,,0,,,0,,,,1,0,,,,,,,,,0,,,,,,,,,F,,,0,,WE,2/16/17,2/16/17,4:37:31 PM,GBIFAC-01,,MIGO_GR,,0,,,,,,,12:00:00 AM,,,,,,,,,,,0,,,,,
375,5000000183,2017,1,1,0,0,0,101,,GOLD,DL00,RM00,,,,,,125070,,,0,0,,S,USD,80.00,0,94.08,,0,,513,G,513,G,513,G,4500000243,10,,,0,,,0,X,,,,,,NA00,,,,,,,,,,,,2017,,,US00,,0,,0,0,0,,0,2,,,,,,,,,B,,,,0,,,,,0,0,0,,,,,0,,0,0,0,,,,,0,,,,0,0,0,,,,2,G,,125070,0,0,,0,,0,0,,,,,GOLD-026,,ME01,WE01,X,X,22,880,S,,,0,,,0,,,,1,0,,,,,,,,,0,,,,,,,,,F,,,0,,WE,2/16/17,2/16/17,5:11:51 PM,GBI-026,,MIGO_GR,,0,,,,,,,12:00:00 AM,,,,,,,,,,,0,,,,,
375,5000000184,2017,1,1,0,0,0,101,,GOLD,DL00,RM00,,,,,,125070,,,0,0,,S,USD,80.00,0,94.08,,0,,19,G,19,G,19,G,4500000243,10,,,0,,,0,,,,,,,NA00,,,,,,,,,,,,2017,,,US00,,0,,0,0,0,,0,2,,,,,,,,,B,,,,0,,,,,0,0,0,,,,,0,,0,0,1,,,,,0,,,,0,0,0,,,,2,G,,125070,0,0,,0,,0,0,,,,,GOLD-026,,ME01,WE01,X,X,24,960,S,,,0,,,0,,,,1,0,,,,,,,,,0,,,,,,,,,F,,,0,,WE,2/16/17,2/16/17,9:30:16 PM,GBI-026,,MIGO_GR,,0,,,,,,,12:00:00 AM,,,,,,,,,,,0,,,,,
375,5000000185,2017,1,1,0,0,0,101,,GOLD,DL00,RM00,,,,,,125070,,,0,0,,S,USD,120.00,0,141.12,,0,,688,G,688,G,688,G,4500000246,10,,,0,,,0,X,,,,,,NA00,,,,,,,,,,,,2017,,,US00,,0,,0,0,0,,0,2,,,,,,,,,B,,,,0,,,,,0,0,0,,,,,0,,0,0,0,,,,,0,,,,0,0,0,,,,3,G,,125070,0,0,,0,,0,0,,,,,GOLD-026,,ME01,WE01,X,X,22,880,S,,,0,,,0,,,,1,0,,,,,,,,,0,,,,,,,,,F,,,0,,WE,2/16/17,2/16/17,11:29:34 PM,GBI-026,,MIGO_GR,,0,,,,,,,12:00:00 AM,,,,,,,,,,,0,,,,,
375,5000000186,2017,1,1,0,0,0,101,,GOLD,DL00,RM00,,,,,,125070,,,0,0,,S,USD,120.00,0,141.12,,0,,272,G,272,G,272,G,4500000247,10,,,0,,,0,X,,,,,,NA00,,,,,,,,,,,,2017,,,US00,,0,,0,0,0,,0,2,,,,,,,,,B,,,,0,,,,,0,0,0,,,,,0,,0,0,0,,,,,0,,,,0,0,0,,,,3,G,,125070,0,0,,0,,0,0,,,,,GOLD-026,,ME01,WE01,X,X,25,"1,000.00",S,,,0,,,0,,,,1,0,,,,,,,,,0,,,,,,,,,F,,,0,,WE,2/16/17,2/16/17,11:56:19 PM,GBI-026,,MIGO_GR,,0,,,,,,,12:00:00 AM,,,,,,,,,,,0,,,,,
375,5000000187,2017,1,1,0,0,0,101,,KRYPTONITE,DL00,RM00,,,,,,125000,,,0,0,,S,USD,5000.00,0,133.55,,0,,15892,LB,15892,LB,15892,LB,4500000249,10,,,0,,,0,X,,,,,,NA00,,,,,,,,,,,,2017,,,US00,,0,,0,0,0,,0,2,,,,,,,,,B,,,,0,,,,,0,0,0,,,,,0,,0,0,0,,,,,0,,,,0,0,0,,,,5,LB,,125000,0,0,,0,,0,0,,,,,KRYPTONITE,,ME01,WE01,X,X,"2,352","2,352,000.00",S,,,0,,,0,,,,1,0,,,,,,,,,0,,,,,,,,,F,,,0,,WE,2/17/17,2/17/17,8:46:51 AM,GBIFAC-01,,MIGO_GR,,0,,,,,,,12:00:00 AM,,,,,,,,,,,0,,,,,
375,5000000188,2017,1,1,0,0,0,101,,KRYPTONITE,DL00,RM00,,,,,,125000,,,0,0,,S,USD,11000.00,0,11000.00,,0,,7025,LB,7025,LB,7025,LB,4500000250,10,2017,1000000002,1,,,0,,,,,,,NA00,BI00,,NAIS1000,,,,,,,,,2017,,,US00,,0,,0,0,0,,0,2,,,,,,,,,B,V,,,0,,,,,0,0,0,,,,,0,,0,1,0,,,,,0,,,,0,0,0,,,770000,1,AU,,,0,0,,1,,0,0,,,,,,,ME02,WE06,,,0,0,,,,0,,,0,,,,1,0,,,,,,,,,0,,,,,,,,,F,,,0,,WE,2/17/17,2/17/17,9:28:01 AM,GBIFAC-01,,ML81N,,0,,,,,,,12:00:00 AM,,,,,,,,,,,0,,,,,
375,5000000189,2017,1,1,0,0,0,101,,KRYPTONITE,DL00,RM00,,,,,,125000,,,0,0,,S,USD,12000.00,0,12000.00,,0,,1946,LB,1946,LB,1946,LB,4500000251,10,2017,1000000003,1,,,0,,,,,,,NA00,BI00,,NAIS1000,,,,,,,,,2017,,,US00,,0,,0,0,0,,0,2,,,,,,,,,B,V,,,0,,,,,0,0,0,,,,,0,,0,1,0,,,,,0,,,,0,0,0,,,770000,1,AU,,,0,0,,1,,0,0,,,,,,,ME02,WE06,,,0,0,,,,0,,,0,,,,1,0,,,,,,,,,0,,,,,,,,,F,,,0,,WE,2/17/17,2/17/17,10:11:48 AM,GBIFAC-01,,ML81N,,0,,,,,,,12:00:00 AM,,,,,,,,,,,0,,,,,
375,5000000190,2017,1,1,0,0,0,101,,KRYPTONITE,DL00,RM00,,,,,,125000,,,0,0,,S,USD,10000.00,0,10000.00,,0,,17983,LB,17983,LB,17983,LB,4500000253,10,2017,1000000005,1,,,0,,,,,,,NA00,BI00,,NAIS1000,,,,,,,,,2017,,,US00,,0,,0,0,0,,0,2,,,,,,,,,B,V,,,0,,,,,0,0,0,,,,,0,,0,1,0,,,,,0,,,,0,0,0,,,770000,1,AU,,,0,0,,1,,0,0,,,,,,,ME02,WE06,,,0,0,,,,0,,,0,,,,1,0,,,,,,,,,0,,,,,,,,,F,,,0,,WE,2/17/17,2/17/17,10:29:58 AM,GBIFAC-01,,ML81N,,0,,,,,,,12:00:00 AM,,,,,,,,,,,0,,,,,
375,5000000191,2017,1,1,0,0,0,101,,KRYPTONITE,DL00,RM00,,,,,,125000,,,0,0,,S,USD,2000.00,0,2000.00,,0,,13532,LB,13532,LB,13532,LB,4500000253,10,2017,1000000006,1,,,0,,,,,,,NA00,BI00,,NAIS1000,,,,,,,,,2017,,,US00,,0,,0,0,0,,0,2,,,,,,,,,B,V,,,0,,,,,0,0,0,,,,,0,,0,1,0,,,,,0,,,,0,0,0,,,770000,1,AU,,,0,0,,1,,0,0,,,,,,,ME02,WE06,,,0,0,,,,0,,,0,,,,1,0,,,,,,,,,0,,,,,,,,,F,,,0,,WE,2/17/17,2/17/17,10:31:51 AM,GBIFAC-01,,ML81N,,0,,,,,,,12:00:00 AM,,,,,,,,,,,0,,,,,
375,5000000192,2017,1,1,0,0,0,101,,KRYPTONITE,DL00,RM00,,,,,,125098,,,0,0,,S,USD,5450.00,0,5450.00,,0,,15464,LB,15464,LB,15464,LB,4500000223,10,2017,1000000008,1,,,0,,,,,,,NA00,BI00,,NAIS1000,,,,,,,,,2017,,,US00,,0,,0,0,0,,0,2,,,,,,,,,B,V,,,0,,,,,0,0,0,,,,,0,,0,1,0,,,,,0,,,,0,0,0,,,770000,1,AU,,,0,0,,1,,0,0,,,,,,,ME02,WE06,,,0,0,,,,0,,,0,,,,1,0,,,,,,,,,0,,,,,,,,,F,,,0,,WE,2/17/17,2/17/17,10:38:54 AM,GBI-013,,ML81N,,0,,,,,,,12:00:00 AM,,,,,,,,,,,0,,,,,
375,5000000193,2017,1,1,0,0,0,101,,KRYPTONITE,DL00,RM00,,,,,,125000,,,0,0,,S,USD,5000.00,0,133.55,,0,,19963,LB,19963,LB,19963,LB,4500000256,10,,,0,,,0,X,,,,,,NA00,,,,,,,,,,,,2017,,,US00,,0,,0,0,0,,0,2,,,,,,,,,B,,,,0,,,,,0,0,0,,,,,0,,0,0,0,,,,,0,,,,0,0,0,,,,5,LB,,125000,0,0,,0,,0,0,,,,,KRYPTONITE,,ME01,WE01,X,X,"2,347","2,347,000.00",S,,,0,,,0,,,,1,0,,,,,,,,,0,,,,,,,,,F,,,0,,WE,2/17/17,2/17/17,10:52:24 AM,GBIFAC-01,,MIGO_GR,,0,,,,,,,12:00:00 AM,,,,,,,,,,,0,,,,,
375,5000000194,2017,1,1,0,0,0,101,,KRYPTONITE,DL00,RM00,,,,,,125110,,,0,0,,S,USD,9000.00,0,9000.00,,0,,4538,LB,4538,LB,4538,LB,4500000255,10,2017,1000000012,1,,,0,,,,,,,NA00,BI00,,NAIS1000,,,,,,,,,2017,,,US00,,0,,0,0,0,,0,2,,,,,,,,,B,V,,,0,,,,,0,0,0,,,,,0,,0,1,0,,,,,0,,,,0,0,0,,,770000,1,AU,,,0,0,,1,,0,0,,,,,,,ME02,WE06,,,0,0,,,,0,,,0,,,,1,0,,,,,,,,,0,,,,,,,,,F,,,0,,WE,2/17/17,2/17/17,11:10:56 AM,GBI-018,,ML81N,,0,,,,,,,12:00:00 AM,,,,,,,,,,,0,,,,,
375,5000000195,2017,1,1,0,0,0,101,,KRYPTONITE,DL00,RM00,,,,,,125110,,,0,0,,S,USD,14250.00,0,14250.00,,0,,5304,LB,5304,LB,5304,LB,4500000258,10,2017,1000000013,1,,,0,,,,,,,NA00,BI00,,NAIS1000,,,,,,,,,2017,,,US00,,0,,0,0,0,,0,2,,,,,,,,,B,V,,,0,,,,,0,0,0,,,,,0,,0,1,0,,,,,0,,,,0,0,0,,,770000,1,AU,,,0,0,,1,,0,0,,,,,,,ME02,WE06,,,0,0,,,,0,,,0,,,,1,0,,,,,,,,,0,,,,,,,,,F,,,0,,WE,2/17/17,2/17/17,11:11:22 AM,GBI-018,,ML81N,,0,,,,,,,12:00:00 AM,,,,,,,,,,,0,,,,,
375,5000000196,2017,1,1,0,0,0,101,,KRYPTONITE,DL00,RM00,,,,,,125109,,,0,0,,S,USD,7500.00,0,7500.00,,0,,186,LB,186,LB,186,LB,4500000254,10,2017,1000000009,1,,,0,,,,,,,NA00,BI00,,NAIS1000,,,,,,,,,2017,,,US00,,0,,0,0,0,,0,2,,,,,,,,,B,V,,,0,,,,,0,0,0,,,,,0,,0,1,0,,,,,0,,,,0,0,0,,,770000,1,AU,,,0,0,,1,,0,0,,,,,,,ME02,WE06,,,0,0,,,,0,,,0,,,,1,0,,,,,,,,,0,,,,,,,,,F,,,0,,WE,2/17/17,2/17/17,11:18:14 AM,GBI-018,,ML81N,,0,,,,,,,12:00:00 AM,,,,,,,,,,,0,,,,,
375,5000000197,2017,1,1,0,0,0,101,,KRYPTONITE,DL00,RM00,,,,,,125098,,,0,0,,S,USD,15000.00,0,15000.00,,0,,8769,LB,8769,LB,8769,LB,4500000260,10,2017,1000000019,1,,,0,,,,,,,NA00,BI00,,NAIS1000,,,,,,,,,2017,,,US00,,0,,0,0,0,,0,2,,,,,,,,,B,V,,,0,,,,,0,0,0,,,,,0,,0,1,0,,,,,0,,,,0,0,0,,,770000,1,AU,,,0,0,,1,,0,0,,,,,,,ME02,WE06,,,0,0,,,,0,,,0,,,,1,0,,,,,,,,,0,,,,,,,,,F,,,0,,WE,2/17/17,2/17/17,11:18:55 AM,GBI-018,,ML81N,,0,,,,,,,12:00:00 AM,,,,,,,,,,,0,,,,,
375,5000000198,2017,1,1,0,0,0,101,,KRYPTONITE,DL00,RM00,,,,,,125109,,,0,0,,S,USD,7500.00,0,7500.00,,0,,12741,LB,12741,LB,12741,LB,4500000257,10,2017,1000000010,1,,,0,,,,,,,NA00,BI00,,NAIS1000,,,,,,,,,2017,,,US00,,0,,0,0,0,,0,2,,,,,,,,,B,V,,,0,,,,,0,0,0,,,,,0,,0,1,0,,,,,0,,,,0,0,0,,,770000,1,AU,,,0,0,,1,,0,0,,,,,,,ME02,WE06,,,0,0,,,,0,,,0,,,,1,0,,,,,,,,,0,,,,,,,,,F,,,0,,WE,2/17/17,2/17/17,11:20:48 AM,GBI-018,,ML81N,,0,,,,,,,12:00:00 AM,,,,,,,,,,,0,,,,,
375,5000000199,2017,1,1,0,0,0,101,,KRYPTONITE,DL00,RM00,,,,,,125098,,,0,0,,S,USD,11250.00,0,11250.00,,0,,638,LB,638,LB,638,LB,4500000228,10,2017,1000000022,1,,,0,,,,,,,NA00,BI00,,NAIS1000,,,,,,,,,2017,,,US00,,0,,0,0,0,,0,2,,,,,,,,,B,V,,,0,,,,,0,0,0,,,,,0,,0,1,0,,,,,0,,,,0,0,0,,,770000,1,AU,,,0,0,,1,,0,0,,,,,,,ME02,WE06,,,0,0,,,,0,,,0,,,,1,0,,,,,,,,,0,,,,,,,,,F,,,0,,WE,2/17/17,2/17/17,11:24:19 AM,GBI-018,,ML81N,,0,,,,,,,12:00:00 AM,,,,,,,,,,,0,,,,,
375,5000000200,2017,1,1,0,0,0,101,,RUSSIAN RUBY,DL00,RM00,,,,,,125101,,,0,0,,S,USD,15000000.00,0,1578116.78,,0,,307,G,307,G,307,G,4500000261,10,,,0,,,0,X,,,,,,NA00,,,,,,,,,,,,2017,,,US00,,0,,0,0,0,,0,2,,,,,,,,,B,,,,0,,,,,0,0,0,,,,,0,,0,0,0,,,,,0,,,,0,0,0,,,,100,G,,125101,0,0,,0,,0,0,,,,,RUSSIAN RUBY,,ME01,WE01,X,X,0,0,S,,,0,,,0,,,,1,0,,,,,,,,,0,,,,,,,,,F,,,0,,WE,2/17/17,2/17/17,11:30:08 AM,GBI-024,,MIGO_GR,,0,,,,,,,12:00:00 AM,,,,,,,,,,,0,,,,,
375,5000000201,2017,1,1,0,0,0,101,,RUSSIAN RUBY,DL00,RM00,,,,,,125098,,,0,0,,S,USD,1950.00,0,1950.00,,0,,942,G,942,G,942,G,4500000223,10,2017,1000000015,1,,,0,,,,,,,NA00,BI00,,NAIS1000,,,,,,,,,2017,,,US00,,0,,0,0,0,,0,2,,,,,,,,,B,V,,,0,,,,,0,0,0,,,,,0,,0,1,0,,,,,0,,,,0,0,0,,,770000,1,AU,,,0,0,,1,,0,0,,,,,,,ME02,WE06,,,0,0,,,,0,,,0,,,,1,0,,,,,,,,,0,,,,,,,,,F,,,0,,WE,2/17/17,2/17/17,11:33:01 AM,GBI-018,,ML81N,,0,,,,,,,12:00:00 AM,,,,,,,,,,,0,,,,,
375,5000000202,2017,1,1,0,0,0,101,,RUSSIAN RUBY,DL00,RM00,,,,,,125098,,,0,0,,S,USD,2000.00,0,2000.00,,0,,404,G,404,G,404,G,4500000223,10,2017,1000000016,1,,,0,,,,,,,NA00,BI00,,NAIS1000,,,,,,,,,2017,,,US00,,0,,0,0,0,,0,2,,,,,,,,,B,V,,,0,,,,,0,0,0,,,,,0,,0,1,0,,,,,0,,,,0,0,0,,,770000,1,AU,,,0,0,,1,,0,0,,,,,,,ME02,WE06,,,0,0,,,,0,,,0,,,,1,0,,,,,,,,,0,,,,,,,,,F,,,0,,WE,2/17/17,2/17/17,11:34:22 AM,GBI-018,,ML81N,,0,,,,,,,12:00:00 AM,,,,,,,,,,,0,,,,,
375,5000000202,2017,2,2,0,0,0,101,,RUSSIAN RUBY,DL00,RM00,,,,,,125098,,,0,0,,S,USD,4750.00,0,4750.00,,0,,686,G,686,G,686,G,4500000223,10,2017,1000000017,1,,,0,,,,,,,NA00,BI00,,NAIS1000,,,,,,,,,2017,,,US00,,0,,0,0,0,,0,2,,,,,,,,,B,V,,,0,,,,,0,0,0,,,,,0,,0,1,0,,,,,0,,,,0,0,0,,,770000,1,AU,,,0,0,,1,,0,0,,,,,,,ME02,WE06,,,0,0,,,,0,,,0,,,,2,0,,,,,,,,,0,,,,,,,,,F,,,0,,WE,2/17/17,2/17/17,11:34:22 AM,GBI-018,,ML81N,,0,,,,,,,12:00:00 AM,,,,,,,,,,,0,,,,,
375,5000000202,2017,3,3,0,0,0,101,,RUSSIAN RUBY,DL00,RM00,,,,,,125098,,,0,0,,S,USD,4600.00,0,4600.00,,0,,407,G,407,G,407,G,4500000223,10,2017,1000000018,1,,,0,,,,,,,NA00,BI00,,NAIS1000,,,,,,,,,2017,,,US00,,0,,0,0,0,,0,2,,,,,,,,,B,V,,,0,,,,,0,0,0,,,,,0,,0,1,0,,,,,0,,,,0,0,0,,,770000,1,AU,,,0,0,,1,,0,0,,,,,,,ME02,WE06,,,0,0,,,,0,,,0,,,,3,0,,,,,,,,,0,,,,,,,,,F,,,0,,WE,2/17/17,2/17/17,11:34:22 AM,GBI-018,,ML81N,,0,,,,,,,12:00:00 AM,,,,,,,,,,,0,,,,,
375,5000000203,2017,1,1,0,0,0,101,,AUSTRALIAN AMETHYST,DL00,RM00,,,,,,125112,,,0,0,,S,USD,7000000.00,0,511285600.00,,0,,734,G,734,G,734,G,4500000262,10,,,0,,,0,X,,,,,,NA00,,,,,,,,,,,,2017,,,US00,,0,,0,0,0,,0,2,,,,,,,,,B,,,,0,,,,,0,0,0,,,,,0,,0,0,0,,,,,0,,,,0,0,0,,,,100,G,,125112,0,0,,0,,0,0,,,,,AUSTRALIANAMETHYST,,ME01,WE01,X,X,0,0,S,,,0,,,0,,,,1,0,,,,,,,,,0,,,,,,,,,F,,,0,,WE,2/17/17,2/17/17,12:43:24 PM,GBI-024,,MIGO_GR,,0,,,,,,,12:00:00 AM,,,,,,,,,,,0,,,,,
375,5000000204,2017,1,1,0,0,0,101,,BRITAIN BLACK PEAR,DL00,RM00,,,,,,125114,,,0,0,,S,USD,50000000.00,0,6039000000.00,,0,,824,G,824,G,824,G,4500000264,10,,,0,,,0,X,,,,,,NA00,,,,,,,,,,,,2017,,,US00,,0,,0,0,0,,0,2,,,,,,,,,B,,,,0,,,,,0,0,0,,,,,0,,0,0,0,,,,,0,,,,0,0,0,,,,100,G,,125114,0,0,,0,,0,0,,,,,BRITAIN BLACK PEAR,,ME01,WE01,X,X,0,0,S,,,0,,,0,,,,1,0,,,,,,,,,0,,,,,,,,,F,,,0,,WE,2/17/17,2/17/17,12:53:39 PM,GBI-024,,MIGO_GR,,0,,,,,,,12:00:00 AM,,,,,,,,,,,0,,,,,
375,5000000205,2017,1,1,0,0,0,101,,CANADIAN CRYSTAL,DL00,RM00,,,,,,125113,,,0,0,,S,USD,20000000.00,0,4378843582.89,,0,,732,G,732,G,732,G,4500000263,10,,,0,,,0,X,,,,,,NA00,,,,,,,,,,,,2017,,,US00,,0,,0,0,0,,0,2,,,,,,,,,B,,,,0,,,,,0,0,0,,,,,0,,0,0,0,,,,,0,,,,0,0,0,,,,100,G,,125113,0,0,,0,,0,0,,,,,CANADIAN CRYSTAL,,ME01,WE01,X,X,0,0,S,,,0,,,0,,,,1,0,,,,,,,,,0,,,,,,,,,F,,,0,,WE,2/17/17,2/17/17,12:56:09 PM,GBI-024,,MIGO_GR,,0,,,,,,,12:00:00 AM,,,,,,,,,,,0,,,,,
375,5000000206,2017,1,1,0,0,0,101,,SWISS SAPPHIRE,DL00,RM00,,,,,,125116,,,0,0,,S,USD,10000000.00,0,624609618.99,,0,,672,G,672,G,672,G,4500000265,10,,,0,,,0,X,,,,,,NA00,,,,,,,,,,,,2017,,,US00,,0,,0,0,0,,0,2,,,,,,,,,B,,,,0,,,,,0,0,0,,,,,0,,0,0,0,,,,,0,,,,0,0,0,,,,100,G,,125116,0,0,,0,,0,0,,,,,SWISS SAPPHIRE,,ME01,WE01,X,X,0,0,S,,,0,,,0,,,,1,0,,,,,,,,,0,,,,,,,,,F,,,0,,WE,2/17/17,2/17/17,1:04:46 PM,GBI-024,,MIGO_GR,,0,,,,,,,12:00:00 AM,,,,,,,,,,,0,,,,,
375,5000000207,2017,1,1,0,0,0,101,,RUSSIAN RUBY,DL00,RM00,,,,,,125101,,,0,0,,S,USD,750000.00,0,78905.84,,0,,532,G,532,G,532,G,4500000267,10,,,0,,,0,X,,,,,,NA00,,,,,,,,,,,,2017,,,US00,,0,,0,0,0,,0,2,,,,,,,,,B,,,,0,,,,,0,0,0,,,,,0,,0,0,0,,,,,0,,,,0,0,0,,,,5,G,,125101,0,0,,0,,0,0,,,,,RUSSIAN RUBY,,ME01,WE01,X,X,100,"15,000,000.00",S,,,0,,,0,,,,1,0,,,,,,,,,0,,,,,,,,,F,,,0,,WE,2/17/17,2/17/17,1:55:18 PM,GBI-024,,MIGO_GR,,0,,,,,,,12:00:00 AM,,,,,,,,,,,0,,,,,
375,5000000208,2017,1,1,0,0,0,101,,SA SAPPHIRE,DL00,RM00,,,,,,125100,,,0,0,,S,USD,1000000.00,0,132257.64,,0,,166,G,166,G,166,G,4500000268,10,,,0,,,0,X,,,,,,NA00,,,,,,,,,,,,2017,,,US00,,0,,0,0,0,,0,2,,,,,,,,,B,,,,0,,,,,0,0,0,,,,,0,,0,0,0,,,,,0,,,,0,0,0,,,,10,G,,125100,0,0,,0,,0,0,,,,,SA SAPPHIRE,,ME01,WE01,X,X,0,0,S,,,0,,,0,,,,1,0,,,,,,,,,0,,,,,,,,,F,,,0,,WE,2/17/17,2/17/17,2:07:45 PM,GBI-023,,MIGO_GR,,0,,,,,,,12:00:00 AM,,,,,,,,,,,0,,,,,
375,5000000209,2017,1,1,0,0,0,101,,RUSSIAN RUBY,DL00,RM00,,,,,,125101,,,0,0,,S,USD,750000.00,0,78905.84,,0,,145,G,145,G,145,G,4500000269,10,,,0,,,0,X,,,,,,NA00,,,,,,,,,,,,2017,,,US00,,0,,0,0,0,,0,2,,,,,,,,,B,,,,0,,,,,0,0,0,,,,,0,,0,0,0,,,,,0,,,,0,0,0,,,,5,G,,125101,0,0,,0,,0,0,,,,,RUSSIAN RUBY,,ME01,WE01,X,X,95,"14,250,000.00",S,,,0,,,0,,,,1,0,,,,,,,,,0,,,,,,,,,F,,,0,,WE,2/17/17,2/17/17,2:44:08 PM,GBIFAC-01,,MIGO_GR,,0,,,,,,,12:00:00 AM,,,,,,,,,,,0,,,,,
375,5000000210,2017,1,1,0,0,0,101,,RUSSIAN RUBY,DL00,RM00,,,,,,125101,,,0,0,,S,USD,93750.00,0,93750.00,,0,,992,G,992,G,992,G,4500000270,10,,,0,,,0,X,,,,,,NA00,BI00,,NAIS1000,,,,,,,,,2017,,,US00,,0,,0,0,0,,0,2,,,,,,,,,B,V,,,0,,,,,0,0,0,,,,,0,,0,0,0,,,,,0,,,,0,0,0,,,720000,5,G,,,0,0,,0,,0,0,,,,,RUSSIAN RUBY,,ME02,WE06,X,X,90,"13,500,000.00",S,,,0,,,0,,,,1,0,,,,,,,,,0,,,,,,,,,F,,,0,,WE,2/17/17,2/17/17,3:02:38 PM,GBIFAC-01,,MIGO_GR,,0,,,,,,,12:00:00 AM,,,,,,,,,,,0,,,,,
375,5000000211,2017,1,1,0,0,0,101,,RUSSIAN RUBY,DL00,RM00,,,,,,125101,,,0,0,,S,USD,86538.46,0,86538.46,,0,,172,G,172,G,172,G,4500000271,10,,,0,,,0,X,,,,,,NA00,BI00,,NAIS1000,,,,,,,,,2017,,,US00,,0,,0,0,0,,0,2,,,,,,,,,B,V,,,0,,,,,0,0,0,,,,,0,,0,0,0,,,,,0,,,,0,0,0,,,720000,5,G,,,0,0,,0,,0,0,,,,,RUSSIAN RUBY,,ME02,WE06,X,X,90,"13,500,000.00",S,,,0,,,0,,,,1,0,,,,,,,,,0,,,,,,,,,F,,,0,,WE,2/17/17,2/17/17,7:01:46 PM,GBIFAC-01,,MIGO_GR,,0,,,,,,,12:00:00 AM,,,,,,,,,,,0,,,,,
375,5000000212,2017,1,1,0,0,0,101,,GOLD,DL00,RM00,,,,,,125070,,,0,0,,S,USD,240.00,0,302.40,,0,,89,G,89,G,89,G,4500000284,10,,,0,,,0,X,,,,,,NA00,,,,,,,,,,,,2017,,,US00,,0,,0,0,0,,0,2,,,,,,,,,B,,,,0,,,,,0,0,0,,,,,0,,0,0,0,,,,,0,,,,0,0,0,,,,6,G,,125070,0,0,,0,,0,0,,,,,GOLD-026,,ME01,WE01,X,X,22,880,S,,,0,,,0,,,,1,0,,,,,,,,,0,,,,,,,,,F,,,0,,WE,2/17/17,2/17/17,11:29:31 PM,GBI-026,,MIGO_GR,,0,,,,,,,12:00:00 AM,,,,,,,,,,,0,,,,,
375,5000000213,2017,1,1,0,0,0,101,,GOLD,DL00,RM00,,,,,,125070,,,0,0,,S,USD,240.00,0,302.40,,0,,57,G,57,G,57,G,4500000293,10,,,0,,,0,X,,,,,,NA00,,,,,,,,,,,,2017,,,US00,,0,,0,0,0,,0,2,,,,,,,,,B,,,,0,,,,,0,0,0,,,,,0,,0,0,0,,,,,0,,,,0,0,0,,,,6,G,,125070,0,0,,0,,0,0,,,,,GOLD-026,,ME01,WE01,X,X,28,"1,120.00",S,,,0,,,0,,,,1,0,,,,,,,,,0,,,,,,,,,F,,,0,,WE,2/17/17,2/17/17,11:51:28 PM,GBI-026,,MIGO_GR,,0,,,,,,,12:00:00 AM,,,,,,,,,,,0,,,,,
375,5000000214,2017,1,1,0,0,0,101,,CONCRETE,DL00,RM00,,,,,,125118,,,0,0,,S,USD,11000.00,0,11000.00,,0,,141,YD3,141,YD3,141,YD3,4500000305,10,,,0,,,0,X,,,,,,NA00,,,,,,,,,,,,2017,,,US00,,0,,0,0,0,,0,2,,,,,,,,,B,,,,0,,,,,0,0,0,,,,,0,,0,0,0,,,,,0,,,,0,0,0,,,,110,YD3,,125118,0,0,,0,,0,0,,,,,CONCRETE,,ME01,WE01,X,X,0,0,S,,,0,,,0,,,,1,0,,,,,,,,,0,,,,,,,,,F,,,0,,WE,2/18/17,2/18/17,12:28:42 PM,GBI-065,,MIGO_GR,,0,,,,,,,12:00:00 AM,,,,,,,,,,,0,,,,,
375,5000000215,2017,1,1,0,0,0,101,,CONCRETE,DL00,RM00,,,,,,125119,,,0,0,,S,USD,9200.00,0,9200.00,,0,,126,YD3,126,YD3,126,YD3,4500000306,10,,,0,,,0,X,,,,,,NA00,,,,,,,,,,,,2017,,,US00,,0,,0,0,0,,0,2,,,,,,,,,B,,,,0,,,,,0,0,0,,,,,0,,0,0,0,,,,,0,,,,0,0,0,,,,92,YD3,,125119,0,0,,0,,0,0,,,,,CONCRETE,,ME01,WE01,X,X,110,"11,000.00",S,,,0,,,0,,,,1,0,,,,,,,,,0,,,,,,,,,F,,,0,,WE,2/18/17,2/18/17,12:30:02 PM,GBI-005,,MIGO_GR,,0,,,,,,,12:00:00 AM,,,,,,,,,,,0,,,,,
375,5000000216,2017,1,1,0,0,0,101,,CONCRETE,DL00,RM00,,,,,,125119,,,0,0,,S,USD,9000.00,0,9000.00,,0,,84,YD3,84,YD3,84,YD3,4500000310,10,,,0,,,0,X,,,,,,NA00,,,,,,,,,,,,2017,,,US00,,0,,0,0,0,,0,2,,,,,,,,,B,,,,0,,,,,0,0,0,,,,,0,,0,0,0,,,,,0,,,,0,0,0,,,,90,YD3,,125119,0,0,,0,,0,0,,,,,CONCRETE,,ME01,WE01,X,X,202,"20,200.00",S,,,0,,,0,,,,1,0,,,,,,,,,0,,,,,,,,,F,,,0,,WE,2/18/17,2/18/17,12:33:02 PM,GBI-005,,MIGO_GR,,0,,,,,,,12:00:00 AM,,,,,,,,,,,0,,,,,
375,5000000217,2017,1,1,0,0,0,101,,CONCRETE,DL00,RM00,,,,,,125119,,,0,0,,S,USD,9100.00,0,9100.00,,0,,98,YD3,98,YD3,98,YD3,4500000312,10,,,0,,,0,X,,,,,,NA00,,,,,,,,,,,,2017,,,US00,,0,,0,0,0,,0,2,,,,,,,,,B,,,,0,,,,,0,0,0,,,,,0,,0,0,0,,,,,0,,,,0,0,0,,,,91,YD3,,125119,0,0,,0,,0,0,,,,,CONCRETE,,ME01,WE01,X,X,292,"29,200.00",S,,,0,,,0,,,,1,0,,,,,,,,,0,,,,,,,,,F,,,0,,WE,2/18/17,2/18/17,12:33:57 PM,GBI-005,,MIGO_GR,,0,,,,,,,12:00:00 AM,,,,,,,,,,,0,,,,,
375,5000000218,2017,1,1,0,0,0,101,,CONCRETE,DL00,RM00,,,,,,125118,,,0,0,,S,USD,10800.00,0,10800.00,,0,,127,YD3,127,YD3,127,YD3,4500000307,10,,,0,,,0,X,,,,,,NA00,,,,,,,,,,,,2017,,,US00,,0,,0,0,0,,0,2,,,,,,,,,B,,,,0,,,,,0,0,0,,,,,0,,0,0,0,,,,,0,,,,0,0,0,,,,108,YD3,,125118,0,0,,0,,0,0,,,,,CONCRETE,,ME01,WE01,X,X,383,"38,300.00",S,,,0,,,0,,,,1,0,,,,,,,,,0,,,,,,,,,F,,,0,,WE,2/18/17,2/18/17,12:34:26 PM,GBI-065,,MIGO_GR,,0,,,,,,,12:00:00 AM,,,,,,,,,,,0,,,,,
375,5000000219,2017,1,1,0,0,0,101,,CONCRETE,DL00,RM00,,,,,,125119,,,0,0,,S,USD,9000.00,0,9000.00,,0,,91,YD3,91,YD3,91,YD3,4500000316,10,,,0,,,0,X,,,,,,NA00,,,,,,,,,,,,2017,,,US00,,0,,0,0,0,,0,2,,,,,,,,,B,,,,0,,,,,0,0,0,,,,,0,,0,0,0,,,,,0,,,,0,0,0,,,,90,YD3,,125119,0,0,,0,,0,0,,,,,CONCRETE,,ME01,WE01,X,X,491,"49,100.00",S,,,0,,,0,,,,1,0,,,,,,,,,0,,,,,,,,,F,,,0,,WE,2/18/17,2/18/17,12:34:48 PM,GBI-005,,MIGO_GR,,0,,,,,,,12:00:00 AM,,,,,,,,,,,0,,,,,
375,5000000220,2017,1,1,0,0,0,101,,CONCRETE,DL00,RM00,,,,,,125117,,,0,0,,S,USD,10000.00,0,10000.00,,0,,96,YD3,96,YD3,96,YD3,4500000318,10,,,0,,,0,X,,,,,,NA00,,,,,,,,,,,,2017,,,US00,,0,,0,0,0,,0,2,,,,,,,,,B,,,,0,,,,,0,0,0,,,,,0,,0,0,0,,,,,0,,,,0,0,0,,,,100,YD3,,125117,0,0,,0,,0,0,,,,,CONCRETE,,ME01,WE01,X,X,581,"58,100.00",S,,,0,,,0,,,,1,0,,,,,,,,,0,,,,,,,,,F,,,0,,WE,2/18/17,2/18/17,12:35:30 PM,GBI-039,,MIGO_GR,,0,,,,,,,12:00:00 AM,,,,,,,,,,,0,,,,,
375,5000000221,2017,1,1,0,0,0,101,,CONCRETE,DL00,RM00,,,,,,125119,,,0,0,,S,USD,9000.00,0,9000.00,,0,,109,YD3,109,YD3,109,YD3,4500000320,10,,,0,,,0,X,,,,,,NA00,,,,,,,,,,,,2017,,,US00,,0,,0,0,0,,0,2,,,,,,,,,B,,,,0,,,,,0,0,0,,,,,0,,0,0,0,,,,,0,,,,0,0,0,,,,90,YD3,,125119,0,0,,0,,0,0,,,,,CONCRETE,,ME01,WE01,X,X,681,"68,100.00",S,,,0,,,0,,,,1,0,,,,,,,,,0,,,,,,,,,F,,,0,,WE,2/18/17,2/18/17,12:35:36 PM,GBI-005,,MIGO_GR,,0,,,,,,,12:00:00 AM,,,,,,,,,,,0,,,,,
375,5000000222,2017,1,1,0,0,0,101,,CONCRETE,DL00,RM00,,,,,,125118,,,0,0,,S,USD,10000.00,0,10000.00,,0,,83,YD3,83,YD3,83,YD3,4500000309,10,,,0,,,0,X,,,,,,NA00,,,,,,,,,,,,2017,,,US00,,0,,0,0,0,,0,2,,,,,,,,,B,,,,0,,,,,0,0,0,,,,,0,,0,0,0,,,,,0,,,,0,0,0,,,,100,YD3,,125118,0,0,,0,,0,0,,,,,CONCRETE,,ME01,WE01,X,X,771,"77,100.00",S,,,0,,,0,,,,1,0,,,,,,,,,0,,,,,,,,,F,,,0,,WE,2/18/17,2/18/17,12:35:43 PM,GBI-065,,MIGO_GR,,0,,,,,,,12:00:00 AM,,,,,,,,,,,0,,,,,
375,5000000223,2017,1,1,0,0,0,101,,CONCRETE,DL00,RM00,,,,,,125121,,,0,0,,S,USD,10000.00,0,10000.00,,0,,111,YD3,111,YD3,111,YD3,4500000308,10,,,0,,,0,X,,,,,,NA00,,,,,,,,,,,,2017,,,US00,,0,,0,0,0,,0,2,,,,,,,,,B,,,,0,,,,,0,0,0,,,,,0,,0,0,0,,,,,0,,,,0,0,0,,,,100,YD3,,125121,0,0,,0,,0,0,,,,,CONCRETE,,ME01,WE01,X,X,871,"87,100.00",S,,,0,,,0,,,,1,0,,,,,,,,,0,,,,,,,,,F,,,0,,WE,2/18/17,2/18/17,12:35:43 PM,GBI-062,,MIGO_GR,,0,,,,,,,12:00:00 AM,,,,,,,,,,,0,,,,,
375,5000000224,2017,1,1,0,0,0,101,,CONCRETE,DL00,RM00,,,,,,125122,,,0,0,,S,USD,10400.00,0,10400.00,,0,,137,YD3,137,YD3,137,YD3,4500000321,10,,,0,,,0,X,,,,,,NA00,,,,,,,,,,,,2017,,,US00,,0,,0,0,0,,0,2,,,,,,,,,B,,,,0,,,,,0,0,0,,,,,0,,0,0,0,,,,,0,,,,0,0,0,,,,104,YD3,,125122,0,0,,0,,0,0,,,,,CONCRETE,,ME01,WE01,X,X,971,"97,100.00",S,,,0,,,0,,,,1,0,,,,,,,,,0,,,,,,,,,F,,,0,,WE,2/18/17,2/18/17,12:36:44 PM,GBI-005,,MIGO_GR,,0,,,,,,,12:00:00 AM,,,,,,,,,,,0,,,,,
375,5000000225,2017,1,1,0,0,0,101,,CONCRETE,DL00,RM00,,,,,,125118,,,0,0,,S,USD,9800.00,0,9800.00,,0,,143,YD3,143,YD3,143,YD3,4500000314,10,,,0,,,0,X,,,,,,NA00,,,,,,,,,,,,2017,,,US00,,0,,0,0,0,,0,2,,,,,,,,,B,,,,0,,,,,0,0,0,,,,,0,,0,0,0,,,,,0,,,,0,0,0,,,,98,YD3,,125118,0,0,,0,,0,0,,,,,CONCRETE,,ME01,WE01,X,X,"1,075","107,500.00",S,,,0,,,0,,,,1,0,,,,,,,,,0,,,,,,,,,F,,,0,,WE,2/18/17,2/18/17,12:36:52 PM,GBI-065,,MIGO_GR,,0,,,,,,,12:00:00 AM,,,,,,,,,,,0,,,,,
375,5000000226,2017,1,1,0,0,0,101,,CONCRETE,DL00,RM00,,,,,,125117,,,0,0,,S,USD,10200.00,0,10200.00,,0,,123,YD3,123,YD3,123,YD3,4500000325,10,,,0,,,0,X,,,,,,NA00,,,,,,,,,,,,2017,,,US00,,0,,0,0,0,,0,2,,,,,,,,,B,,,,0,,,,,0,0,0,,,,,0,,0,0,0,,,,,0,,,,0,0,0,,,,102,YD3,,125117,0,0,,0,,0,0,,,,,CONCRETE,,ME01,WE01,X,X,"1,173","117,300.00",S,,,0,,,0,,,,1,0,,,,,,,,,0,,,,,,,,,F,,,0,,WE,2/18/17,2/18/17,12:37:18 PM,GBI-039,,MIGO_GR,,0,,,,,,,12:00:00 AM,,,,,,,,,,,0,,,,,
375,5000000227,2017,1,1,0,0,0,101,,CONCRETE,DL00,RM00,,,,,,125120,,,0,0,,S,USD,9800.00,0,9800.00,,0,,117,YD3,117,YD3,117,YD3,4500000313,10,,,0,,,0,X,,,,,,NA00,,,,,,,,,,,,2017,,,US00,,0,,0,0,0,,0,2,,,,,,,,,B,,,,0,,,,,0,0,0,,,,,0,,0,0,0,,,,,0,,,,0,0,0,,,,98,YD3,,125120,0,0,,0,,0,0,,,,,CONCRETE,,ME01,WE01,X,X,"1,275","127,500.00",S,,,0,,,0,,,,1,0,,,,,,,,,0,,,,,,,,,F,,,0,,WE,2/18/17,2/18/17,12:37:18 PM,GBI-060,,MIGO_GR,,0,,,,,,,12:00:00 AM,,,,,,,,,,,0,,,,,
375,5000000228,2017,1,1,0,0,0,101,,CONCRETE,DL00,RM00,,,,,,125122,,,0,0,,S,USD,10100.00,0,10100.00,,0,,83,YD3,83,YD3,83,YD3,4500000324,10,,,0,,,0,X,,,,,,NA00,,,,,,,,,,,,2017,,,US00,,0,,0,0,0,,0,2,,,,,,,,,B,,,,0,,,,,0,0,0,,,,,0,,0,0,0,,,,,0,,,,0,0,0,,,,101,YD3,,125122,0,0,,0,,0,0,,,,,CONCRETE,,ME01,WE01,X,X,"1,373","137,300.00",S,,,0,,,0,,,,1,0,,,,,,,,,0,,,,,,,,,F,,,0,,WE,2/18/17,2/18/17,12:37:35 PM,GBI-005,,MIGO_GR,,0,,,,,,,12:00:00 AM,,,,,,,,,,,0,,,,,
375,5000000229,2017,1,1,0,0,0,101,,CONCRETE,DL00,RM00,,,,,,125121,,,0,0,,S,USD,10900.00,0,10900.00,,0,,121,YD3,121,YD3,121,YD3,4500000311,10,,,0,,,0,X,,,,,,NA00,,,,,,,,,,,,2017,,,US00,,0,,0,0,0,,0,2,,,,,,,,,B,,,,0,,,,,0,0,0,,,,,0,,0,0,0,,,,,0,,,,0,0,0,,,,109,YD3,,125121,0,0,,0,,0,0,,,,,CONCRETE,,ME01,WE01,X,X,"1,474","147,400.00",S,,,0,,,0,,,,1,0,,,,,,,,,0,,,,,,,,,F,,,0,,WE,2/18/17,2/18/17,12:38:00 PM,GBI-062,,MIGO_GR,,0,,,,,,,12:00:00 AM,,,,,,,,,,,0,,,,,
375,5000000230,2017,1,1,0,0,0,101,,CONCRETE,DL00,RM00,,,,,,125118,,,0,0,,S,USD,10000.00,0,10000.00,,0,,144,YD3,144,YD3,144,YD3,4500000317,10,,,0,,,0,X,,,,,,NA00,,,,,,,,,,,,2017,,,US00,,0,,0,0,0,,0,2,,,,,,,,,B,,,,0,,,,,0,0,0,,,,,0,,0,0,0,,,,,0,,,,0,0,0,,,,100,YD3,,125118,0,0,,0,,0,0,,,,,CONCRETE,,ME01,WE01,X,X,"1,583","158,300.00",S,,,0,,,0,,,,1,0,,,,,,,,,0,,,,,,,,,F,,,0,,WE,2/18/17,2/18/17,12:38:11 PM,GBI-065,,MIGO_GR,,0,,,,,,,12:00:00 AM,,,,,,,,,,,0,,,,,
375,5000000231,2017,1,1,0,0,0,101,,CONCRETE,DL00,RM00,,,,,,125122,,,0,0,,S,USD,10100.00,0,10100.00,,0,,116,YD3,116,YD3,116,YD3,4500000326,10,,,0,,,0,X,,,,,,NA00,,,,,,,,,,,,2017,,,US00,,0,,0,0,0,,0,2,,,,,,,,,B,,,,0,,,,,0,0,0,,,,,0,,0,0,0,,,,,0,,,,0,0,0,,,,101,YD3,,125122,0,0,,0,,0,0,,,,,CONCRETE,,ME01,WE01,X,X,"1,683","168,300.00",S,,,0,,,0,,,,1,0,,,,,,,,,0,,,,,,,,,F,,,0,,WE,2/18/17,2/18/17,12:38:41 PM,GBI-005,,MIGO_GR,,0,,,,,,,12:00:00 AM,,,,,,,,,,,0,,,,,
375,5000000232,2017,1,1,0,0,0,101,,CONCRETE,DL00,RM00,,,,,,125120,,,0,0,,S,USD,10100.00,0,10100.00,,0,,140,YD3,140,YD3,140,YD3,4500000322,10,,,0,,,0,X,,,,,,NA00,,,,,,,,,,,,2017,,,US00,,0,,0,0,0,,0,2,,,,,,,,,B,,,,0,,,,,0,0,0,,,,,0,,0,0,0,,,,,0,,,,0,0,0,,,,101,YD3,,125120,0,0,,0,,0,0,,,,,CONCRETE,,ME01,WE01,X,X,"1,784","178,400.00",S,,,0,,,0,,,,1,0,,,,,,,,,0,,,,,,,,,F,,,0,,WE,2/18/17,2/18/17,12:39:00 PM,GBI-060,,MIGO_GR,,0,,,,,,,12:00:00 AM,,,,,,,,,,,0,,,,,
375,5000000233,2017,1,1,0,0,0,101,,CONCRETE,DL00,RM00,,,,,,125117,,,0,0,,S,USD,10600.00,0,10600.00,,0,,91,YD3,91,YD3,91,YD3,4500000332,10,,,0,,,0,X,,,,,,NA00,,,,,,,,,,,,2017,,,US00,,0,,0,0,0,,0,2,,,,,,,,,B,,,,0,,,,,0,0,0,,,,,0,,0,0,0,,,,,0,,,,0,0,0,,,,106,YD3,,125117,0,0,,0,,0,0,,,,,CONCRETE,,ME01,WE01,X,X,"1,885","188,500.00",S,,,0,,,0,,,,1,0,,,,,,,,,0,,,,,,,,,F,,,0,,WE,2/18/17,2/18/17,12:39:05 PM,GBI-039,,MIGO_GR,,0,,,,,,,12:00:00 AM,,,,,,,,,,,0,,,,,
375,5000000234,2017,1,1,0,0,0,101,,CONCRETE,DL00,RM00,,,,,,125122,,,0,0,,S,USD,10100.00,0,10100.00,,0,,114,YD3,114,YD3,114,YD3,4500000327,10,,,0,,,0,X,,,,,,NA00,,,,,,,,,,,,2017,,,US00,,0,,0,0,0,,0,2,,,,,,,,,B,,,,0,,,,,0,0,0,,,,,0,,0,0,0,,,,,0,,,,0,0,0,,,,101,YD3,,125122,0,0,,0,,0,0,,,,,CONCRETE,,ME01,WE01,X,X,"1,991","199,100.00",S,,,0,,,0,,,,1,0,,,,,,,,,0,,,,,,,,,F,,,0,,WE,2/18/17,2/18/17,12:39:33 PM,GBI-005,,MIGO_GR,,0,,,,,,,12:00:00 AM,,,,,,,,,,,0,,,,,
375,5000000235,2017,1,1,0,0,0,101,,CONCRETE,DL00,RM00,,,,,,125117,,,0,0,,S,USD,10200.00,0,10200.00,,0,,104,YD3,104,YD3,104,YD3,4500000334,10,,,0,,,0,X,,,,,,NA00,,,,,,,,,,,,2017,,,US00,,0,,0,0,0,,0,2,,,,,,,,,B,,,,0,,,,,0,0,0,,,,,0,,0,0,0,,,,,0,,,,0,0,0,,,,102,YD3,,125117,0,0,,0,,0,0,,,,,CONCRETE,,ME01,WE01,X,X,"2,092","209,200.00",S,,,0,,,0,,,,1,0,,,,,,,,,0,,,,,,,,,F,,,0,,WE,2/18/17,2/18/17,12:40:19 PM,GBI-039,,MIGO_GR,,0,,,,,,,12:00:00 AM,,,,,,,,,,,0,,,,,
375,5000000236,2017,1,1,0,0,0,101,,CONCRETE,DL00,RM00,,,,,,125121,,,0,0,,S,USD,10100.00,0,10100.00,,0,,144,YD3,144,YD3,144,YD3,4500000319,10,,,0,,,0,X,,,,,,NA00,,,,,,,,,,,,2017,,,US00,,0,,0,0,0,,0,2,,,,,,,,,B,,,,0,,,,,0,0,0,,,,,0,,0,0,0,,,,,0,,,,0,0,0,,,,101,YD3,,125121,0,0,,0,,0,0,,,,,CONCRETE,,ME01,WE01,X,X,"2,194","219,400.00",S,,,0,,,0,,,,1,0,,,,,,,,,0,,,,,,,,,F,,,0,,WE,2/18/17,2/18/17,12:40:21 PM,GBI-062,,MIGO_GR,,0,,,,,,,12:00:00 AM,,,,,,,,,,,0,,,,,
375,5000000237,2017,1,1,0,0,0,101,,CONCRETE,DL00,RM00,,,,,,125120,,,0,0,,S,USD,10400.00,0,10400.00,,0,,92,YD3,92,YD3,92,YD3,4500000329,10,,,0,,,0,X,,,,,,NA00,,,,,,,,,,,,2017,,,US00,,0,,0,0,0,,0,2,,,,,,,,,B,,,,0,,,,,0,0,0,,,,,0,,0,0,0,,,,,0,,,,0,0,0,,,,104,YD3,,125120,0,0,,0,,0,0,,,,,CONCRETE,,ME01,WE01,X,X,"2,295","229,500.00",S,,,0,,,0,,,,1,0,,,,,,,,,0,,,,,,,,,F,,,0,,WE,2/18/17,2/18/17,12:40:28 PM,GBI-060,,MIGO_GR,,0,,,,,,,12:00:00 AM,,,,,,,,,,,0,,,,,
375,5000000238,2017,1,1,0,0,0,101,,CONCRETE,DL00,RM00,,,,,,125122,,,0,0,,S,USD,10700.00,0,10700.00,,0,,120,YD3,120,YD3,120,YD3,4500000328,10,,,0,,,0,X,,,,,,NA00,,,,,,,,,,,,2017,,,US00,,0,,0,0,0,,0,2,,,,,,,,,B,,,,0,,,,,0,0,0,,,,,0,,0,0,0,,,,,0,,,,0,0,0,,,,107,YD3,,125122,0,0,,0,,0,0,,,,,CONCRETE,,ME01,WE01,X,X,"2,399","239,900.00",S,,,0,,,0,,,,1,0,,,,,,,,,0,,,,,,,,,F,,,0,,WE,2/18/17,2/18/17,12:40:31 PM,GBI-005,,MIGO_GR,,0,,,,,,,12:00:00 AM,,,,,,,,,,,0,,,,,
375,5000000239,2017,1,1,0,0,0,101,,CONCRETE,DL00,RM00,,,,,,125120,,,0,0,,S,USD,10300.00,0,10300.00,,0,,131,YD3,131,YD3,131,YD3,4500000330,10,,,0,,,0,X,,,,,,NA00,,,,,,,,,,,,2017,,,US00,,0,,0,0,0,,0,2,,,,,,,,,B,,,,0,,,,,0,0,0,,,,,0,,0,0,0,,,,,0,,,,0,0,0,,,,103,YD3,,125120,0,0,,0,,0,0,,,,,CONCRETE,,ME01,WE01,X,X,"2,506","250,600.00",S,,,0,,,0,,,,1,0,,,,,,,,,0,,,,,,,,,F,,,0,,WE,2/18/17,2/18/17,12:41:19 PM,GBI-060,,MIGO_GR,,0,,,,,,,12:00:00 AM,,,,,,,,,,,0,,,,,
375,5000000240,2017,1,1,0,0,0,101,,CONCRETE,DL00,RM00,,,,,,125117,,,0,0,,S,USD,10000.00,0,10000.00,,0,,88,YD3,88,YD3,88,YD3,4500000331,10,,,0,,,0,X,,,,,,NA00,,,,,,,,,,,,2017,,,US00,,0,,0,0,0,,0,2,,,,,,,,,B,,,,0,,,,,0,0,0,,,,,0,,0,0,0,,,,,0,,,,0,0,0,,,,100,YD3,,125117,0,0,,0,,0,0,,,,,CONCRETE,,ME01,WE01,X,X,"2,609","260,900.00",S,,,0,,,0,,,,1,0,,,,,,,,,0,,,,,,,,,F,,,0,,WE,2/18/17,2/18/17,12:42:00 PM,GBI-039,,MIGO_GR,,0,,,,,,,12:00:00 AM,,,,,,,,,,,0,,,,,
375,5000000241,2017,1,1,0,0,0,101,,CONCRETE,DL00,RM00,,,,,,125120,,,0,0,,S,USD,9800.00,0,9800.00,,0,,86,YD3,86,YD3,86,YD3,4500000333,10,,,0,,,0,X,,,,,,NA00,,,,,,,,,,,,2017,,,US00,,0,,0,0,0,,0,2,,,,,,,,,B,,,,0,,,,,0,0,0,,,,,0,,0,0,0,,,,,0,,,,0,0,0,,,,98,YD3,,125120,0,0,,0,,0,0,,,,,CONCRETE,,ME01,WE01,X,X,"2,709","270,900.00",S,,,0,,,0,,,,1,0,,,,,,,,,0,,,,,,,,,F,,,0,,WE,2/18/17,2/18/17,12:42:08 PM,GBI-060,,MIGO_GR,,0,,,,,,,12:00:00 AM,,,,,,,,,,,0,,,,,
375,5000000242,2017,1,1,0,0,0,101,,CONCRETE,DL00,RM00,,,,,,125118,,,0,0,,S,USD,11000.00,0,11000.00,,0,,140,YD3,140,YD3,140,YD3,4500000335,10,,,0,,,0,X,,,,,,NA00,,,,,,,,,,,,2017,,,US00,,0,,0,0,0,,0,2,,,,,,,,,B,,,,0,,,,,0,0,0,,,,,0,,0,0,0,,,,,0,,,,0,0,0,,,,110,YD3,,125118,0,0,,0,,0,0,,,,,CONCRETE,,ME01,WE01,X,X,"2,807","280,700.00",S,,,0,,,0,,,,1,0,,,,,,,,,0,,,,,,,,,F,,,0,,WE,2/18/17,2/18/17,12:43:19 PM,GBI-065,,MIGO_GR,,0,,,,,,,12:00:00 AM,,,,,,,,,,,0,,,,,
375,5000000243,2017,1,1,0,0,0,101,,CONCRETE,DL00,RM00,,,,,,125119,,,0,0,,S,USD,9200.00,0,9200.00,,0,,138,YD3,138,YD3,138,YD3,4500000336,10,,,0,,,0,X,,,,,,NA00,,,,,,,,,,,,2017,,,US00,,0,,0,0,0,,0,2,,,,,,,,,B,,,,0,,,,,0,0,0,,,,,0,,0,0,0,,,,,0,,,,0,0,0,,,,92,YD3,,125119,0,0,,0,,0,0,,,,,CONCRETE,,ME01,WE01,X,X,"2,917","291,700.00",S,,,0,,,0,,,,1,0,,,,,,,,,0,,,,,,,,,F,,,0,,WE,2/18/17,2/18/17,12:44:26 PM,GBI-005,,MIGO_GR,,0,,,,,,,12:00:00 AM,,,,,,,,,,,0,,,,,
375,5000000244,2017,1,1,0,0,0,101,,CONCRETE,DL00,RM00,,,,,,125121,,,0,0,,S,USD,9500.00,0,9500.00,,0,,118,YD3,118,YD3,118,YD3,4500000323,10,,,0,,,0,X,,,,,,NA00,,,,,,,,,,,,2017,,,US00,,0,,0,0,0,,0,2,,,,,,,,,B,,,,0,,,,,0,0,0,,,,,0,,0,0,0,,,,,0,,,,0,0,0,,,,95,YD3,,125121,0,0,,0,,0,0,,,,,CONCRETE,,ME01,WE01,X,X,"3,009","300,900.00",S,,,0,,,0,,,,1,0,,,,,,,,,0,,,,,,,,,F,,,0,,WE,2/18/17,2/18/17,12:44:34 PM,GBI-062,,MIGO_GR,,0,,,,,,,12:00:00 AM,,,,,,,,,,,0,,,,,
375,5000000245,2017,1,1,0,0,0,101,,CONCRETE,DL00,RM00,,,,,,125121,,,0,0,,S,USD,10100.00,0,10100.00,,0,,129,YD3,129,YD3,129,YD3,4500000315,10,,,0,,,0,X,,,,,,NA00,,,,,,,,,,,,2017,,,US00,,0,,0,0,0,,0,2,,,,,,,,,B,,,,0,,,,,0,0,0,,,,,0,,0,0,0,,,,,0,,,,0,0,0,,,,101,YD3,,125121,0,0,,0,,0,0,,,,,CONCRETE,,ME01,WE01,X,X,"3,104","310,400.00",S,,,0,,,0,,,,1,0,,,,,,,,,0,,,,,,,,,F,,,0,,WE,2/18/17,2/18/17,12:50:34 PM,GBI-062,,MIGO_GR,,0,,,,,,,12:00:00 AM,,,,,,,,,,,0,,,,,
375,5000000246,2017,1,1,0,0,0,101,,CONCRETE,DL00,RM00,,,,,,125121,,,0,0,,S,USD,10000.00,0,10000.00,,0,,90,YD3,90,YD3,90,YD3,4500000337,10,,,0,,,0,X,,,,,,NA00,,,,,,,,,,,,2017,,,US00,,0,,0,0,0,,0,2,,,,,,,,,B,,,,0,,,,,0,0,0,,,,,0,,0,0,0,,,,,0,,,,0,0,0,,,,100,YD3,,125121,0,0,,0,,0,0,,,,,CONCRETE,,ME01,WE01,X,X,"3,205","320,500.00",S,,,0,,,0,,,,1,0,,,,,,,,,0,,,,,,,,,F,,,0,,WE,2/18/17,2/18/17,1:58:29 PM,GBI-065,,MIGO_GR,,0,,,,,,,12:00:00 AM,,,,,,,,,,,0,,,,,
375,5000000247,2017,1,1,0,0,0,101,,CONCRETE,DL00,RM00,,,,,,125121,,,0,0,,S,USD,10900.00,0,10900.00,,0,,107,YD3,107,YD3,107,YD3,4500000339,10,,,0,,,0,X,,,,,,NA00,,,,,,,,,,,,2017,,,US00,,0,,0,0,0,,0,2,,,,,,,,,B,,,,0,,,,,0,0,0,,,,,0,,0,0,0,,,,,0,,,,0,0,0,,,,109,YD3,,125121,0,0,,0,,0,0,,,,,CONCRETE,,ME01,WE01,X,X,"3,305","330,500.00",S,,,0,,,0,,,,1,0,,,,,,,,,0,,,,,,,,,F,,,0,,WE,2/18/17,2/18/17,1:58:29 PM,GBI-062,,MIGO_GR,,0,,,,,,,12:00:00 AM,,,,,,,,,,,0,,,,,
375,5000000248,2017,1,1,0,0,0,101,,CONCRETE,DL00,RM00,,,,,,125121,,,0,0,,S,USD,10200.00,0,10200.00,,0,,107,YD3,107,YD3,107,YD3,4500000340,10,,,0,,,0,X,,,,,,NA00,,,,,,,,,,,,2017,,,US00,,0,,0,0,0,,0,2,,,,,,,,,B,,,,0,,,,,0,0,0,,,,,0,,0,0,0,,,,,0,,,,0,0,0,,,,102,YD3,,125121,0,0,,0,,0,0,,,,,CONCRETE,,ME01,WE01,X,X,"3,414","341,400.00",S,,,0,,,0,,,,1,0,,,,,,,,,0,,,,,,,,,F,,,0,,WE,2/18/17,2/18/17,1:58:30 PM,GBI-064,,MIGO_GR,,0,,,,,,,12:00:00 AM,,,,,,,,,,,0,,,,,
375,5000000249,2017,1,1,0,0,0,101,,CONCRETE,DL00,RM00,,,,,,125117,,,0,0,,S,USD,10600.00,0,10600.00,,0,,134,YD3,134,YD3,134,YD3,4500000338,10,,,0,,,0,X,,,,,,NA00,,,,,,,,,,,,2017,,,US00,,0,,0,0,0,,0,2,,,,,,,,,B,,,,0,,,,,0,0,0,,,,,0,,0,0,0,,,,,0,,,,0,0,0,,,,106,YD3,,125117,0,0,,0,,0,0,,,,,CONCRETE,,ME01,WE01,X,X,"3,516","351,600.00",S,,,0,,,0,,,,1,0,,,,,,,,,0,,,,,,,,,F,,,0,,WE,2/18/17,2/18/17,1:58:31 PM,GBI-039,,MIGO_GR,,0,,,,,,,12:00:00 AM,,,,,,,,,,,0,,,,,
375,5000000250,2017,1,1,0,0,0,101,,CONCRETE,DL00,RM00,,,,,,125121,,,0,0,,S,USD,10100.00,0,10100.00,,0,,109,YD3,109,YD3,109,YD3,4500000341,10,,,0,,,0,X,,,,,,NA00,,,,,,,,,,,,2017,,,US00,,0,,0,0,0,,0,2,,,,,,,,,B,,,,0,,,,,0,0,0,,,,,0,,0,0,0,,,,,0,,,,0,0,0,,,,101,YD3,,125121,0,0,,0,,0,0,,,,,CONCRETE,,ME01,WE01,X,X,"3,622","362,200.00",S,,,0,,,0,,,,1,0,,,,,,,,,0,,,,,,,,,F,,,0,,WE,2/18/17,2/18/17,1:59:35 PM,GBI-065,,MIGO_GR,,0,,,,,,,12:00:00 AM,,,,,,,,,,,0,,,,,
375,5000000251,2017,1,1,0,0,0,101,,CONCRETE,DL00,RM00,,,,,,125121,,,0,0,,S,USD,9500.00,0,9500.00,,0,,124,YD3,124,YD3,124,YD3,4500000343,10,,,0,,,0,X,,,,,,NA00,,,,,,,,,,,,2017,,,US00,,0,,0,0,0,,0,2,,,,,,,,,B,,,,0,,,,,0,0,0,,,,,0,,0,0,0,,,,,0,,,,0,0,0,,,,95,YD3,,125121,0,0,,0,,0,0,,,,,CONCRETE,,ME01,WE01,X,X,"3,723","372,300.00",S,,,0,,,0,,,,1,0,,,,,,,,,0,,,,,,,,,F,,,0,,WE,2/18/17,2/18/17,2:12:18 PM,GBI-065,,MIGO_GR,,0,,,,,,,12:00:00 AM,,,,,,,,,,,0,,,,,
375,5000000252,2017,1,1,0,0,0,101,,GOLD,DL00,RM00,,,,,,125104,,,0,0,,S,USD,43309.00,0,43309.00,,0,,43,OZ,43,OZ,43,OZ,4500000272,10,,,0,,,0,X,,,,,,NA00,,,,,,,,,,,,2017,,,US00,,0,,0,0,0,,0,2,,,,,,,,,B,,,,0,,,,,0,0,0,,,,,0,,0,0,0,,,,,0,,,,0,0,0,,,,35,OZ,,125104,0,0,,0,,0,0,,,,,GOLD TEAM 8,,ME01,WE01,X,X,0,0,V,,,0,,,0,,,,1,0,,,,,,,,,0,,,,,,,,,F,,,0,,WE,2/18/17,2/18/17,3:54:45 PM,GBI-033,,MIGO_GR,,0,,,,,,,12:00:00 AM,,,,,,,,,,,0,,,,,
375,5000000253,2017,1,1,0,0,0,101,,GOLD,DL00,RM00,,,,,,125104,,,0,0,,S,USD,54441.20,0,54441.20,,0,,86,OZ,86,OZ,86,OZ,4500000273,10,,,0,,,0,X,,,,,,NA00,,,,,,,,,,,,2017,,,US00,,0,,0,0,0,,0,2,,,,,,,,,B,,,,0,,,,,0,0,0,,,,,0,,0,0,0,,,,,0,,,,0,0,0,,,,44,OZ,,125104,0,0,,0,,0,0,,,,,GOLD TEAM 8,,ME01,WE01,X,X,35,"43,309.00",V,,,0,,,0,,,,1,0,,,,,,,,,0,,,,,,,,,F,,,0,,WE,2/18/17,2/18/17,4:08:43 PM,GBI-033,,MIGO_GR,,0,,,,,,,12:00:00 AM,,,,,,,,,,,0,,,,,
375,5000000254,2017,1,1,0,0,0,101,,GOLD,DL00,RM00,,,,,,125104,,,0,0,,S,USD,50646.89,0,50646.89,,0,,42,OZ,42,OZ,42,OZ,4500000274,10,,,0,,,0,X,,,,,,NA00,,,,,,,,,,,,2017,,,US00,,0,,0,0,0,,0,2,,,,,,,,,B,,,,0,,,,,0,0,0,,,,,0,,0,0,0,,,,,0,,,,0,0,0,,,,41,OZ,,125104,0,0,,0,,0,0,,,,,GOLD TEAM 8,,ME01,WE01,X,X,79,"97,750.20",V,,,0,,,0,,,,1,0,,,,,,,,,0,,,,,,,,,F,,,0,,WE,2/18/17,2/18/17,4:11:01 PM,GBI-033,,MIGO_GR,,0,,,,,,,12:00:00 AM,,,,,,,,,,,0,,,,,
375,5000000255,2017,1,1,0,0,0,101,,GOLD,DL00,RM00,,,,,,125104,,,0,0,,S,USD,98823.20,0,98823.20,,0,,18,OZ,18,OZ,18,OZ,4500000275,10,,,0,,,0,X,,,,,,NA00,,,,,,,,,,,,2017,,,US00,,0,,0,0,0,,0,2,,,,,,,,,B,,,,0,,,,,0,0,0,,,,,0,,0,0,0,,,,,0,,,,0,0,0,,,,80,OZ,,125104,0,0,,0,,0,0,,,,,GOLD TEAM 8,,ME01,WE01,X,X,120,"148,397.09",V,,,0,,,0,,,,1,0,,,,,,,,,0,,,,,,,,,F,,,0,,WE,2/18/17,2/18/17,4:11:30 PM,GBI-033,,MIGO_GR,,0,,,,,,,12:00:00 AM,,,,,,,,,,,0,,,,,
375,5000000256,2017,1,1,0,0,0,101,,GOLD,DL00,RM00,,,,,,125104,,,0,0,,S,USD,70411.53,0,70411.53,,0,,7,OZ,7,OZ,7,OZ,4500000276,10,,,0,,,0,X,,,,,,NA00,,,,,,,,,,,,2017,,,US00,,0,,0,0,0,,0,2,,,,,,,,,B,,,,0,,,,,0,0,0,,,,,0,,0,0,0,,,,,0,,,,0,0,0,,,,57,OZ,,125104,0,0,,0,,0,0,,,,,GOLD TEAM 8,,ME01,WE01,X,X,200,"247,220.29",V,,,0,,,0,,,,1,0,,,,,,,,,0,,,,,,,,,F,,,0,,WE,2/18/17,2/18/17,4:11:58 PM,GBI-033,,MIGO_GR,,0,,,,,,,12:00:00 AM,,,,,,,,,,,0,,,,,
375,5000000257,2017,1,1,0,0,0,101,,GOLD,DL00,RM00,,,,,,125104,,,0,0,,S,USD,100058.49,0,100058.49,,0,,87,OZ,87,OZ,87,OZ,4500000277,10,,,0,,,0,X,,,,,,NA00,,,,,,,,,,,,2017,,,US00,,0,,0,0,0,,0,2,,,,,,,,,B,,,,0,,,,,0,0,0,,,,,0,,0,0,0,,,,,0,,,,0,0,0,,,,81,OZ,,125104,0,0,,0,,0,0,,,,,GOLD TEAM 8,,ME01,WE01,X,X,257,"317,631.82",V,,,0,,,0,,,,1,0,,,,,,,,,0,,,,,,,,,F,,,0,,WE,2/18/17,2/18/17,4:12:13 PM,GBI-033,,MIGO_GR,,0,,,,,,,12:00:00 AM,,,,,,,,,,,0,,,,,
375,5000000258,2017,1,1,0,0,0,101,,GOLD,DL00,RM00,,,,,,125104,,,0,0,,S,USD,79058.56,0,79058.56,,0,,71,OZ,71,OZ,71,OZ,4500000278,10,,,0,,,0,X,,,,,,NA00,,,,,,,,,,,,2017,,,US00,,0,,0,0,0,,0,2,,,,,,,,,B,,,,0,,,,,0,0,0,,,,,0,,0,0,0,,,,,0,,,,0,0,0,,,,64,OZ,,125104,0,0,,0,,0,0,,,,,GOLD TEAM 8,,ME01,WE01,X,X,338,"417,690.31",V,,,0,,,0,,,,1,0,,,,,,,,,0,,,,,,,,,F,,,0,,WE,2/18/17,2/18/17,4:12:28 PM,GBI-033,,MIGO_GR,,0,,,,,,,12:00:00 AM,,,,,,,,,,,0,,,,,
375,5000000259,2017,1,1,0,0,0,101,,GOLD,DL00,RM00,,,,,,125104,,,0,0,,S,USD,96352.62,0,96352.62,,0,,48,OZ,48,OZ,48,OZ,4500000279,10,,,0,,,0,X,,,,,,NA00,,,,,,,,,,,,2017,,,US00,,0,,0,0,0,,0,2,,,,,,,,,B,,,,0,,,,,0,0,0,,,,,0,,0,0,0,,,,,0,,,,0,0,0,,,,78,OZ,,125104,0,0,,0,,0,0,,,,,GOLD TEAM 8,,ME01,WE01,X,X,402,"496,748.87",V,,,0,,,0,,,,1,0,,,,,,,,,0,,,,,,,,,F,,,0,,WE,2/18/17,2/18/17,4:12:41 PM,GBI-033,,MIGO_GR,,0,,,,,,,12:00:00 AM,,,,,,,,,,,0,,,,,
375,5000000260,2017,1,1,0,0,0,101,,GOLD,DL00,RM00,,,,,,125104,,,0,0,,S,USD,53117.47,0,53117.47,,0,,65,OZ,65,OZ,65,OZ,4500000280,10,,,0,,,0,X,,,,,,NA00,,,,,,,,,,,,2017,,,US00,,0,,0,0,0,,0,2,,,,,,,,,B,,,,0,,,,,0,0,0,,,,,0,,0,0,0,,,,,0,,,,0,0,0,,,,43,OZ,,125104,0,0,,0,,0,0,,,,,GOLD TEAM 8,,ME01,WE01,X,X,480,"593,101.49",V,,,0,,,0,,,,1,0,,,,,,,,,0,,,,,,,,,F,,,0,,WE,2/18/17,2/18/17,4:12:56 PM,GBI-033,,MIGO_GR,,0,,,,,,,12:00:00 AM,,,,,,,,,,,0,,,,,
375,5000000261,2017,1,1,0,0,0,101,,GOLD,DL00,RM00,,,,,,125104,,,0,0,,S,USD,58058.63,0,58058.63,,0,,10,OZ,10,OZ,10,OZ,4500000281,10,,,0,,,0,X,,,,,,NA00,,,,,,,,,,,,2017,,,US00,,0,,0,0,0,,0,2,,,,,,,,,B,,,,0,,,,,0,0,0,,,,,0,,0,0,0,,,,,0,,,,0,0,0,,,,47,OZ,,125104,0,0,,0,,0,0,,,,,GOLD TEAM 8,,ME01,WE01,X,X,523,"646,218.96",V,,,0,,,0,,,,1,0,,,,,,,,,0,,,,,,,,,F,,,0,,WE,2/18/17,2/18/17,4:13:09 PM,GBI-033,,MIGO_GR,,0,,,,,,,12:00:00 AM,,,,,,,,,,,0,,,,,
375,5000000262,2017,1,1,0,0,0,101,,GOLD,DL00,RM00,,,,,,125104,,,0,0,,S,USD,100058.49,0,100058.49,,0,,55,OZ,55,OZ,55,OZ,4500000282,10,,,0,,,0,X,,,,,,NA00,,,,,,,,,,,,2017,,,US00,,0,,0,0,0,,0,2,,,,,,,,,B,,,,0,,,,,0,0,0,,,,,0,,0,0,0,,,,,0,,,,0,0,0,,,,81,OZ,,125104,0,0,,0,,0,0,,,,,GOLD TEAM 8,,ME01,WE01,X,X,570,"704,277.59",V,,,0,,,0,,,,1,0,,,,,,,,,0,,,,,,,,,F,,,0,,WE,2/18/17,2/18/17,4:13:23 PM,GBI-033,,MIGO_GR,,0,,,,,,,12:00:00 AM,,,,,,,,,,,0,,,,,
375,5000000263,2017,1,1,0,0,0,101,,GOLD,DL00,RM00,,,,,,125104,,,0,0,,S,USD,90176.17,0,90176.17,,0,,49,OZ,49,OZ,49,OZ,4500000283,10,,,0,,,0,X,,,,,,NA00,,,,,,,,,,,,2017,,,US00,,0,,0,0,0,,0,2,,,,,,,,,B,,,,0,,,,,0,0,0,,,,,0,,0,0,0,,,,,0,,,,0,0,0,,,,73,OZ,,125104,0,0,,0,,0,0,,,,,GOLD TEAM 8,,ME01,WE01,X,X,651,"804,336.08",V,,,0,,,0,,,,1,0,,,,,,,,,0,,,,,,,,,F,,,0,,WE,2/18/17,2/18/17,4:13:42 PM,GBI-033,,MIGO_GR,,0,,,,,,,12:00:00 AM,,,,,,,,,,,0,,,,,
375,5000000264,2017,1,1,0,0,0,101,,GOLD,DL00,RM00,,,,,,125104,,,0,0,,S,USD,97587.91,0,97587.91,,0,,77,OZ,77,OZ,77,OZ,4500000285,10,,,0,,,0,X,,,,,,NA00,,,,,,,,,,,,2017,,,US00,,0,,0,0,0,,0,2,,,,,,,,,B,,,,0,,,,,0,0,0,,,,,0,,0,0,0,,,,,0,,,,0,0,0,,,,79,OZ,,125104,0,0,,0,,0,0,,,,,GOLD TEAM 8,,ME01,WE01,X,X,724,"894,512.25",V,,,0,,,0,,,,1,0,,,,,,,,,0,,,,,,,,,F,,,0,,WE,2/18/17,2/18/17,4:13:58 PM,GBI-033,,MIGO_GR,,0,,,,,,,12:00:00 AM,,,,,,,,,,,0,,,,,
375,5000000265,2017,1,1,0,0,0,101,,GOLD,DL00,RM00,,,,,,125104,,,0,0,,S,USD,87705.59,0,87705.59,,0,,95,OZ,95,OZ,95,OZ,4500000286,10,,,0,,,0,X,,,,,,NA00,,,,,,,,,,,,2017,,,US00,,0,,0,0,0,,0,2,,,,,,,,,B,,,,0,,,,,0,0,0,,,,,0,,0,0,0,,,,,0,,,,0,0,0,,,,71,OZ,,125104,0,0,,0,,0,0,,,,,GOLD TEAM 8,,ME01,WE01,X,X,803,"992,100.16",V,,,0,,,0,,,,1,0,,,,,,,,,0,,,,,,,,,F,,,0,,WE,2/18/17,2/18/17,4:14:16 PM,GBI-033,,MIGO_GR,,0,,,,,,,12:00:00 AM,,,,,,,,,,,0,,,,,
375,5000000266,2017,1,1,0,0,0,101,,GOLD,DL00,RM00,,,,,,125104,,,0,0,,S,USD,82764.43,0,82764.43,,0,,10,OZ,10,OZ,10,OZ,4500000287,10,,,0,,,0,X,,,,,,NA00,,,,,,,,,,,,2017,,,US00,,0,,0,0,0,,0,2,,,,,,,,,B,,,,0,,,,,0,0,0,,,,,0,,0,0,0,,,,,0,,,,0,0,0,,,,67,OZ,,125104,0,0,,0,,0,0,,,,,GOLD TEAM 8,,ME01,WE01,X,X,874,"1,079,805.75",V,,,0,,,0,,,,1,0,,,,,,,,,0,,,,,,,,,F,,,0,,WE,2/18/17,2/18/17,4:14:46 PM,GBI-033,,MIGO_GR,,0,,,,,,,12:00:00 AM,,,,,,,,,,,0,,,,,
375,5000000267,2017,1,1,0,0,0,101,,GOLD,DL00,RM00,,,,,,125104,,,0,0,,S,USD,75352.69,0,75352.69,,0,,79,OZ,79,OZ,79,OZ,4500000288,10,,,0,,,0,X,,,,,,NA00,,,,,,,,,,,,2017,,,US00,,0,,0,0,0,,0,2,,,,,,,,,B,,,,0,,,,,0,0,0,,,,,0,,0,0,0,,,,,0,,,,0,0,0,,,,61,OZ,,125104,0,0,,0,,0,0,,,,,GOLD TEAM 8,,ME01,WE01,X,X,941,"1,162,570.18",V,,,0,,,0,,,,1,0,,,,,,,,,0,,,,,,,,,F,,,0,,WE,2/18/17,2/18/17,4:15:01 PM,GBI-033,,MIGO_GR,,0,,,,,,,12:00:00 AM,,,,,,,,,,,0,,,,,
375,5000000268,2017,1,1,0,0,0,101,,GOLD,DL00,RM00,,,,,,125104,,,0,0,,S,USD,85235.01,0,85235.01,,0,,61,OZ,61,OZ,61,OZ,4500000289,10,,,0,,,0,X,,,,,,NA00,,,,,,,,,,,,2017,,,US00,,0,,0,0,0,,0,2,,,,,,,,,B,,,,0,,,,,0,0,0,,,,,0,,0,0,0,,,,,0,,,,0,0,0,,,,69,OZ,,125104,0,0,,0,,0,0,,,,,GOLD TEAM 8,,ME01,WE01,X,X,"1,002","1,237,922.87",V,,,0,,,0,,,,1,0,,,,,,,,,0,,,,,,,,,F,,,0,,WE,2/18/17,2/18/17,4:15:14 PM,GBI-033,,MIGO_GR,,0,,,,,,,12:00:00 AM,,,,,,,,,,,0,,,,,
375,5000000269,2017,1,1,0,0,0,101,,GOLD,DL00,RM00,,,,,,125104,,,0,0,,S,USD,79058.56,0,79058.56,,0,,8,OZ,8,OZ,8,OZ,4500000290,10,,,0,,,0,X,,,,,,NA00,,,,,,,,,,,,2017,,,US00,,0,,0,0,0,,0,2,,,,,,,,,B,,,,0,,,,,0,0,0,,,,,0,,0,0,0,,,,,0,,,,0,0,0,,,,64,OZ,,125104,0,0,,0,,0,0,,,,,GOLD TEAM 8,,ME01,WE01,X,X,"1,071","1,323,157.88",V,,,0,,,0,,,,1,0,,,,,,,,,0,,,,,,,,,F,,,0,,WE,2/18/17,2/18/17,4:15:26 PM,GBI-033,,MIGO_GR,,0,,,,,,,12:00:00 AM,,,,,,,,,,,0,,,,,
375,5000000270,2017,1,1,0,0,0,101,,GOLD,DL00,RM00,,,,,,125104,,,0,0,,S,USD,74117.40,0,74117.40,,0,,100,OZ,100,OZ,100,OZ,4500000291,10,,,0,,,0,X,,,,,,NA00,,,,,,,,,,,,2017,,,US00,,0,,0,0,0,,0,2,,,,,,,,,B,,,,0,,,,,0,0,0,,,,,0,,0,0,0,,,,,0,,,,0,0,0,,,,60,OZ,,125104,0,0,,0,,0,0,,,,,GOLD TEAM 8,,ME01,WE01,X,X,"1,135","1,402,216.44",V,,,0,,,0,,,,1,0,,,,,,,,,0,,,,,,,,,F,,,0,,WE,2/18/17,2/18/17,4:15:39 PM,GBI-033,,MIGO_GR,,0,,,,,,,12:00:00 AM,,,,,,,,,,,0,,,,,
375,5000000271,2017,1,1,0,0,0,101,,GOLD,DL00,RM00,,,,,,125104,,,0,0,,S,USD,75352.69,0,75352.69,,0,,81,OZ,81,OZ,81,OZ,4500000292,10,,,0,,,0,X,,,,,,NA00,,,,,,,,,,,,2017,,,US00,,0,,0,0,0,,0,2,,,,,,,,,B,,,,0,,,,,0,0,0,,,,,0,,0,0,0,,,,,0,,,,0,0,0,,,,61,OZ,,125104,0,0,,0,,0,0,,,,,GOLD TEAM 8,,ME01,WE01,X,X,"1,195","1,476,333.84",V,,,0,,,0,,,,1,0,,,,,,,,,0,,,,,,,,,F,,,0,,WE,2/18/17,2/18/17,4:15:51 PM,GBI-033,,MIGO_GR,,0,,,,,,,12:00:00 AM,,,,,,,,,,,0,,,,,
375,5000000272,2017,1,1,0,0,0,101,,GOLD,DL00,RM00,,,,,,125104,,,0,0,,S,USD,71646.82,0,71646.82,,0,,32,OZ,32,OZ,32,OZ,4500000294,10,,,0,,,0,X,,,,,,NA00,,,,,,,,,,,,2017,,,US00,,0,,0,0,0,,0,2,,,,,,,,,B,,,,0,,,,,0,0,0,,,,,0,,0,0,0,,,,,0,,,,0,0,0,,,,58,OZ,,125104,0,0,,0,,0,0,,,,,GOLD TEAM 8,,ME01,WE01,X,X,"1,256","1,551,686.53",V,,,0,,,0,,,,1,0,,,,,,,,,0,,,,,,,,,F,,,0,,WE,2/18/17,2/18/17,4:16:01 PM,GBI-033,,MIGO_GR,,0,,,,,,,12:00:00 AM,,,,,,,,,,,0,,,,,
375,5000000273,2017,1,1,0,0,0,101,,GOLD,DL00,RM00,,,,,,125104,,,0,0,,S,USD,66705.66,0,66705.66,,0,,84,OZ,84,OZ,84,OZ,4500000295,10,,,0,,,0,X,,,,,,NA00,,,,,,,,,,,,2017,,,US00,,0,,0,0,0,,0,2,,,,,,,,,B,,,,0,,,,,0,0,0,,,,,0,,0,0,0,,,,,0,,,,0,0,0,,,,54,OZ,,125104,0,0,,0,,0,0,,,,,GOLD TEAM 8,,ME01,WE01,X,X,"1,314","1,623,333.35",V,,,0,,,0,,,,1,0,,,,,,,,,0,,,,,,,,,F,,,0,,WE,2/18/17,2/18/17,4:16:14 PM,GBI-033,,MIGO_GR,,0,,,,,,,12:00:00 AM,,,,,,,,,,,0,,,,,
375,5000000274,2017,1,1,0,0,0,101,,GOLD,DL00,RM00,,,,,,125104,,,0,0,,S,USD,64235.08,0,64235.08,,0,,87,OZ,87,OZ,87,OZ,4500000296,10,,,0,,,0,X,,,,,,NA00,,,,,,,,,,,,2017,,,US00,,0,,0,0,0,,0,2,,,,,,,,,B,,,,0,,,,,0,0,0,,,,,0,,0,0,0,,,,,0,,,,0,0,0,,,,52,OZ,,125104,0,0,,0,,0,0,,,,,GOLD TEAM 8,,ME01,WE01,X,X,"1,368","1,690,039.01",V,,,0,,,0,,,,1,0,,,,,,,,,0,,,,,,,,,F,,,0,,WE,2/18/17,2/18/17,4:16:24 PM,GBI-033,,MIGO_GR,,0,,,,,,,12:00:00 AM,,,,,,,,,,,0,,,,,
375,5000000275,2017,1,1,0,0,0,101,,GOLD,DL00,RM00,,,,,,125104,,,0,0,,S,USD,70411.53,0,70411.53,,0,,86,OZ,86,OZ,86,OZ,4500000297,10,,,0,,,0,X,,,,,,NA00,,,,,,,,,,,,2017,,,US00,,0,,0,0,0,,0,2,,,,,,,,,B,,,,0,,,,,0,0,0,,,,,0,,0,0,0,,,,,0,,,,0,0,0,,,,57,OZ,,125104,0,0,,0,,0,0,,,,,GOLD TEAM 8,,ME01,WE01,X,X,"1,420","1,754,274.09",V,,,0,,,0,,,,1,0,,,,,,,,,0,,,,,,,,,F,,,0,,WE,2/18/17,2/18/17,4:16:34 PM,GBI-033,,MIGO_GR,,0,,,,,,,12:00:00 AM,,,,,,,,,,,0,,,,,
375,5000000276,2017,1,1,0,0,0,101,,GOLD,DL00,RM00,,,,,,125104,,,0,0,,S,USD,44470.44,0,44470.44,,0,,97,OZ,97,OZ,97,OZ,4500000298,10,,,0,,,0,X,,,,,,NA00,,,,,,,,,,,,2017,,,US00,,0,,0,0,0,,0,2,,,,,,,,,B,,,,0,,,,,0,0,0,,,,,0,,0,0,0,,,,,0,,,,0,0,0,,,,36,OZ,,125104,0,0,,0,,0,0,,,,,GOLD TEAM 8,,ME01,WE01,X,X,"1,477","1,824,685.62",V,,,0,,,0,,,,1,0,,,,,,,,,0,,,,,,,,,F,,,0,,WE,2/18/17,2/18/17,4:16:43 PM,GBI-033,,MIGO_GR,,0,,,,,,,12:00:00 AM,,,,,,,,,,,0,,,,,
375,5000000277,2017,1,1,0,0,0,101,,GOLD,DL00,RM00,,,,,,125104,,,0,0,,S,USD,59293.92,0,59293.92,,0,,23,OZ,23,OZ,23,OZ,4500000299,10,,,0,,,0,X,,,,,,NA00,,,,,,,,,,,,2017,,,US00,,0,,0,0,0,,0,2,,,,,,,,,B,,,,0,,,,,0,0,0,,,,,0,,0,0,0,,,,,0,,,,0,0,0,,,,48,OZ,,125104,0,0,,0,,0,0,,,,,GOLD TEAM 8,,ME01,WE01,X,X,"1,513","1,869,156.06",V,,,0,,,0,,,,1,0,,,,,,,,,0,,,,,,,,,F,,,0,,WE,2/18/17,2/18/17,4:16:54 PM,GBI-033,,MIGO_GR,,0,,,,,,,12:00:00 AM,,,,,,,,,,,0,,,,,
375,5000000278,2017,1,1,0,0,0,101,,GOLD,DL00,RM00,,,,,,125104,,,0,0,,S,USD,59293.92,0,59293.92,,0,,50,OZ,50,OZ,50,OZ,4500000300,10,,,0,,,0,X,,,,,,NA00,,,,,,,,,,,,2017,,,US00,,0,,0,0,0,,0,2,,,,,,,,,B,,,,0,,,,,0,0,0,,,,,0,,0,0,0,,,,,0,,,,0,0,0,,,,48,OZ,,125104,0,0,,0,,0,0,,,,,GOLD TEAM 8,,ME01,WE01,X,X,"1,561","1,928,449.98",V,,,0,,,0,,,,1,0,,,,,,,,,0,,,,,,,,,F,,,0,,WE,2/18/17,2/18/17,4:17:04 PM,GBI-033,,MIGO_GR,,0,,,,,,,12:00:00 AM,,,,,,,,,,,0,,,,,
375,5000000279,2017,1,1,0,0,0,101,,GOLD,DL00,RM00,,,,,,125104,,,0,0,,S,USD,53117.47,0,53117.47,,0,,21,OZ,21,OZ,21,OZ,4500000301,10,,,0,,,0,X,,,,,,NA00,,,,,,,,,,,,2017,,,US00,,0,,0,0,0,,0,2,,,,,,,,,B,,,,0,,,,,0,0,0,,,,,0,,0,0,0,,,,,0,,,,0,0,0,,,,43,OZ,,125104,0,0,,0,,0,0,,,,,GOLD TEAM 8,,ME01,WE01,X,X,"1,609","1,987,743.90",V,,,0,,,0,,,,1,0,,,,,,,,,0,,,,,,,,,F,,,0,,WE,2/18/17,2/18/17,4:17:16 PM,GBI-033,,MIGO_GR,,0,,,,,,,12:00:00 AM,,,,,,,,,,,0,,,,,
375,5000000280,2017,1,1,0,0,0,101,,GOLD,DL00,RM00,,,,,,125104,,,0,0,,S,USD,65470.37,0,65470.37,,0,,99,OZ,99,OZ,99,OZ,4500000302,10,,,0,,,0,X,,,,,,NA00,,,,,,,,,,,,2017,,,US00,,0,,0,0,0,,0,2,,,,,,,,,B,,,,0,,,,,0,0,0,,,,,0,,0,0,0,,,,,0,,,,0,0,0,,,,53,OZ,,125104,0,0,,0,,0,0,,,,,GOLD TEAM 8,,ME01,WE01,X,X,"1,652","2,040,861.37",V,,,0,,,0,,,,1,0,,,,,,,,,0,,,,,,,,,F,,,0,,WE,2/18/17,2/18/17,4:17:25 PM,GBI-033,,MIGO_GR,,0,,,,,,,12:00:00 AM,,,,,,,,,,,0,,,,,
375,5000000281,2017,1,1,0,0,0,101,,GOLD,DL00,RM00,,,,,,125104,,,0,0,,S,USD,55588.05,0,55588.05,,0,,89,OZ,89,OZ,89,OZ,4500000303,10,,,0,,,0,X,,,,,,NA00,,,,,,,,,,,,2017,,,US00,,0,,0,0,0,,0,2,,,,,,,,,B,,,,0,,,,,0,0,0,,,,,0,,0,0,0,,,,,0,,,,0,0,0,,,,45,OZ,,125104,0,0,,0,,0,0,,,,,GOLD TEAM 8,,ME01,WE01,X,X,"1,705","2,106,331.74",V,,,0,,,0,,,,1,0,,,,,,,,,0,,,,,,,,,F,,,0,,WE,2/18/17,2/18/17,4:17:35 PM,GBI-033,,MIGO_GR,,0,,,,,,,12:00:00 AM,,,,,,,,,,,0,,,,,
375,5000000282,2017,1,1,0,0,0,101,,GOLD,DL00,RM00,,,,,,125104,,,0,0,,S,USD,61764.50,0,61764.50,,0,,31,OZ,31,OZ,31,OZ,4500000304,10,,,0,,,0,X,,,,,,NA00,,,,,,,,,,,,2017,,,US00,,0,,0,0,0,,0,2,,,,,,,,,B,,,,0,,,,,0,0,0,,,,,0,,0,0,0,,,,,0,,,,0,0,0,,,,50,OZ,,125104,0,0,,0,,0,0,,,,,GOLD TEAM 8,,ME01,WE01,X,X,"1,750","2,161,919.79",V,,,0,,,0,,,,1,0,,,,,,,,,0,,,,,,,,,F,,,0,,WE,2/18/17,2/18/17,4:17:47 PM,GBI-033,,MIGO_GR,,0,,,,,,,12:00:00 AM,,,,,,,,,,,0,,,,,
375,5000000283,2017,1,1,0,0,0,101,,GOLD,DL00,RM00,,,,,,125070,,,0,0,,S,USD,800.00,0,1008.00,,0,,360,G,360,G,360,G,4500000344,10,,,0,,,0,X,,,,,,NA00,,,,,,,,,,,,2017,,,US00,,0,,0,0,0,,0,2,,,,,,,,,B,,,,0,,,,,0,0,0,,,,,0,,0,0,0,,,,,0,,,,0,0,0,,,,20,G,,125070,0,0,,0,,0,0,,,,,GOLD-026,,ME01,WE01,X,X,22,880,S,,,0,,,0,,,,1,0,,,,,,,,,0,,,,,,,,,F,,,0,,WE,2/18/17,2/18/17,11:41:52 PM,GBI-026,,MIGO_GR,,0,,,,,,,12:00:00 AM,,,,,,,,,,,0,,,,,
375,5000000284,2017,1,1,0,0,0,101,,GOLD,DL00,RM00,,,,,,125098,,,0,0,,S,USD,2250.00,0,2250.00,,0,,476,G,476,G,476,G,4500000224,10,2017,1000000028,1,,,0,,,,,,,NA00,BI00,,NAIS1000,,,,,,,,,2017,,,US00,,0,,0,0,0,,0,2,,,,,,,,,B,V,,,0,,,,,0,0,0,,,,,0,,0,1,0,,,,,0,,,,0,0,0,,,770000,1,AU,,,0,0,,1,,0,0,,,,,,,ME02,WE06,,,0,0,,,,0,,,0,,,,1,0,,,,,,,,,0,,,,,,,,,F,,,0,,WE,2/17/17,2/18/17,11:52:10 PM,GBI-018,,ML81N,,0,,,,,,,12:00:00 AM,,,,,,,,,,,0,,,,,
375,5000000285,2017,1,1,0,0,0,101,,GOLD,DL00,RM00,,,,,,125098,,,0,0,,S,USD,2550.00,0,2550.00,,0,,258,G,258,G,258,G,4500000224,10,2017,1000000030,1,,,0,,,,,,,NA00,BI00,,NAIS1000,,,,,,,,,2017,,,US00,,0,,0,0,0,,0,2,,,,,,,,,B,V,,,0,,,,,0,0,0,,,,,0,,0,1,0,,,,,0,,,,0,0,0,,,770000,1,AU,,,0,0,,1,,0,0,,,,,,,ME02,WE06,,,0,0,,,,0,,,0,,,,1,0,,,,,,,,,0,,,,,,,,,F,,,0,,WE,2/17/17,2/18/17,11:52:35 PM,GBI-018,,ML81N,,0,,,,,,,12:00:00 AM,,,,,,,,,,,0,,,,,
375,5000000286,2017,1,1,0,0,0,101,,GOLD,DL00,RM00,,,,,,125098,,,0,0,,S,USD,2200.00,0,2200.00,,0,,919,G,919,G,919,G,4500000224,10,2017,1000000029,1,,,0,,,,,,,NA00,BI00,,NAIS1000,,,,,,,,,2017,,,US00,,0,,0,0,0,,0,2,,,,,,,,,B,V,,,0,,,,,0,0,0,,,,,0,,0,1,0,,,,,0,,,,0,0,0,,,770000,1,AU,,,0,0,,1,,0,0,,,,,,,ME02,WE06,,,0,0,,,,0,,,0,,,,1,0,,,,,,,,,0,,,,,,,,,F,,,0,,WE,2/17/17,2/18/17,11:52:41 PM,GBI-018,,ML81N,,0,,,,,,,12:00:00 AM,,,,,,,,,,,0,,,,,
375,5000000287,2017,1,1,0,0,0,101,,GOLD,DL00,RM00,,,,,,125098,,,0,0,,S,USD,3100.00,0,3100.00,,0,,106,G,106,G,106,G,4500000224,10,2017,1000000027,1,,,0,,,,,,,NA00,BI00,,NAIS1000,,,,,,,,,2017,,,US00,,0,,0,0,0,,0,2,,,,,,,,,B,V,,,0,,,,,0,0,0,,,,,0,,0,1,0,,,,,0,,,,0,0,0,,,770000,1,AU,,,0,0,,1,,0,0,,,,,,,ME02,WE06,,,0,0,,,,0,,,0,,,,1,0,,,,,,,,,0,,,,,,,,,F,,,0,,WE,2/17/17,2/18/17,11:52:47 PM,GBI-018,,ML81N,,0,,,,,,,12:00:00 AM,,,,,,,,,,,0,,,,,
375,5000000288,2017,1,1,0,0,0,101,,GOLD,DL00,RM00,,,,,,125098,,,0,0,,S,USD,2000.00,0,2000.00,,0,,67,G,67,G,67,G,4500000224,10,2017,1000000026,1,,,0,,,,,,,NA00,BI00,,NAIS1000,,,,,,,,,2017,,,US00,,0,,0,0,0,,0,2,,,,,,,,,B,V,,,0,,,,,0,0,0,,,,,0,,0,1,0,,,,,0,,,,0,0,0,,,770000,1,AU,,,0,0,,1,,0,0,,,,,,,ME02,WE06,,,0,0,,,,0,,,0,,,,1,0,,,,,,,,,0,,,,,,,,,F,,,0,,WE,2/17/17,2/18/17,11:52:52 PM,GBI-018,,ML81N,,0,,,,,,,12:00:00 AM,,,,,,,,,,,0,,,,,
375,5000000289,2017,1,1,0,0,0,101,,GOLD,DL00,RM00,,,,,,125098,,,0,0,,S,USD,3000.00,0,3000.00,,0,,225,G,225,G,225,G,4500000224,10,2017,1000000025,1,,,0,,,,,,,NA00,BI00,,NAIS1000,,,,,,,,,2017,,,US00,,0,,0,0,0,,0,2,,,,,,,,,B,V,,,0,,,,,0,0,0,,,,,0,,0,1,0,,,,,0,,,,0,0,0,,,770000,1,AU,,,0,0,,1,,0,0,,,,,,,ME02,WE06,,,0,0,,,,0,,,0,,,,1,0,,,,,,,,,0,,,,,,,,,F,,,0,,WE,2/17/17,2/18/17,11:52:58 PM,GBI-018,,ML81N,,0,,,,,,,12:00:00 AM,,,,,,,,,,,0,,,,,
375,5000000290,2017,1,1,0,0,0,101,,GOLD,DL00,RM00,,,,,,125098,,,0,0,,S,USD,5250.00,0,5250.00,,0,,917,G,917,G,917,G,4500000224,10,2017,1000000024,1,,,0,,,,,,,NA00,BI00,,NAIS1000,,,,,,,,,2017,,,US00,,0,,0,0,0,,0,2,,,,,,,,,B,V,,,0,,,,,0,0,0,,,,,0,,0,1,0,,,,,0,,,,0,0,0,,,770000,1,AU,,,0,0,,1,,0,0,,,,,,,ME02,WE06,,,0,0,,,,0,,,0,,,,1,0,,,,,,,,,0,,,,,,,,,F,,,0,,WE,2/17/17,2/18/17,11:53:06 PM,GBI-018,,ML81N,,0,,,,,,,12:00:00 AM,,,,,,,,,,,0,,,,,
375,5000000291,2017,1,1,0,0,0,101,,GOLD,DL00,RM00,,,,,,125098,,,0,0,,S,USD,2650.00,0,2650.00,,0,,460,G,460,G,460,G,4500000224,10,2017,1000000023,1,,,0,,,,,,,NA00,BI00,,NAIS1000,,,,,,,,,2017,,,US00,,0,,0,0,0,,0,2,,,,,,,,,B,V,,,0,,,,,0,0,0,,,,,0,,0,1,0,,,,,0,,,,0,0,0,,,770000,1,AU,,,0,0,,1,,0,0,,,,,,,ME02,WE06,,,0,0,,,,0,,,0,,,,1,0,,,,,,,,,0,,,,,,,,,F,,,0,,WE,2/17/17,2/18/17,11:53:11 PM,GBI-018,,ML81N,,0,,,,,,,12:00:00 AM,,,,,,,,,,,0,,,,,
375,5000000292,2017,1,1,0,0,0,101,,GOLD,DL00,RM00,,,,,,125070,,,0,0,,S,USD,800.00,0,940.80,,0,,523,G,523,G,523,G,4500000345,10,,,0,,,0,X,,,,,,NA00,,,,,,,,,,,,2017,,,US00,,0,,0,0,0,,0,2,,,,,,,,,B,,,,0,,,,,0,0,0,,,,,0,,0,0,0,,,,,0,,,,0,0,0,,,,20,G,,125070,0,0,,0,,0,0,,,,,GOLD-026,,ME01,WE01,X,X,42,"1,680.00",S,,,0,,,0,,,,1,0,,,,,,,,,0,,,,,,,,,F,,,0,,WE,2/19/17,2/19/17,12:06:18 AM,GBI-026,,MIGO_GR,,0,,,,,,,12:00:00 AM,,,,,,,,,,,0,,,,,
375,5000000293,2017,1,1,0,0,0,101,,RUSSIAN RUBY,DL00,RM00,,,,,,125101,,,0,0,,S,USD,36000.00,0,36000.00,,0,,8,G,8,G,8,G,4500000376,10,,,0,,,0,X,,,,,,NA00,BI00,,NAIS1000,,,,,,,,,2017,,,US00,,0,,0,0,0,,0,2,,,,,,,,,B,V,,,0,,,,,0,0,0,,,,,0,,0,0,0,,,,,0,,,,0,0,0,,,720000,2,G,,,0,0,,0,,0,0,,,,,RUSSIAN RUBY,,ME02,WE06,X,X,90,"13,500,000.00",S,,,0,,,0,,,,1,0,,,,,,,,,0,,,,,,,,,F,,,0,,WE,2/19/17,2/19/17,3:35:52 PM,GBI-024,,MIGO_GR,,0,,,,,,,12:00:00 AM,,,,,,,,,,,0,,,,,
375,5000000294,2017,1,1,0,0,0,101,,ORANGE,DL00,RM00,,,,,,125123,,,0,0,,S,USD,300000.00,0,300000.00,,0,,1645,TO,1645,TO,1645,TO,4500000346,10,,,0,,,0,X,,,,,,NA00,,,,,,,,,,,,2017,,,US00,,0,,0,0,0,,0,2,,,,,,,,,B,,,,0,,,,,0,0,0,,,,,0,,0,0,0,,,,,0,,,,0,0,0,,,,300,TO,,125123,0,0,,0,,0,0,,,,,ORANGE-040,,ME01,WE01,X,X,0,0,S,,,0,,,0,,,,1,0,,,,,,,,,0,,,,,,,,,F,,,0,,WE,2/19/17,2/19/17,4:38:41 PM,GBI-031,,MIGO_GR,,0,,,,,,,12:00:00 AM,,,,,,,,,,,0,,,,,
375,5000000295,2017,1,1,0,0,0,101,,ORANGE,DL00,RM00,,,,,,125124,,,0,0,,S,USD,1000000.00,0,1000000.00,,0,,1904,TO,1904,TO,1904,TO,4500000347,10,,,0,,,0,X,,,,,,NA00,,,,,,,,,,,,2017,,,US00,,0,,0,0,0,,0,2,,,,,,,,,B,,,,0,,,,,0,0,0,,,,,0,,0,0,0,,,,,0,,,,0,0,0,,,,"1,000",TO,,125124,0,0,,0,,0,0,,,,,ORANGE-040,,ME01,WE01,X,X,300,"300,000.00",S,,,0,,,0,,,,1,0,,,,,,,,,0,,,,,,,,,F,,,0,,WE,2/19/17,2/19/17,4:39:47 PM,GBI-031,,MIGO_GR,,0,,,,,,,12:00:00 AM,,,,,,,,,,,0,,,,,
375,5000000296,2017,1,1,0,0,0,101,,ORANGE,DL00,RM00,,,,,,125125,,,0,0,,S,USD,400000.00,0,400000.00,,0,,1259,TO,1259,TO,1259,TO,4500000348,10,,,0,,,0,X,,,,,,NA00,,,,,,,,,,,,2017,,,US00,,0,,0,0,0,,0,2,,,,,,,,,B,,,,0,,,,,0,0,0,,,,,0,,0,0,0,,,,,0,,,,0,0,0,,,,400,TO,,125125,0,0,,0,,0,0,,,,,ORANGE-040,,ME01,WE01,X,X,"1,300","1,300,000.00",S,,,0,,,0,,,,1,0,,,,,,,,,0,,,,,,,,,F,,,0,,WE,2/19/17,2/19/17,4:41:33 PM,GBI-031,,MIGO_GR,,0,,,,,,,12:00:00 AM,,,,,,,,,,,0,,,,,
375,5000000297,2017,1,1,0,0,0,101,,ORANGE,DL00,RM00,,,,,,125126,,,0,0,,S,USD,100000.00,0,100000.00,,0,,386,TO,386,TO,386,TO,4500000349,10,,,0,,,0,X,,,,,,NA00,,,,,,,,,,,,2017,,,US00,,0,,0,0,0,,0,2,,,,,,,,,B,,,,0,,,,,0,0,0,,,,,0,,0,0,0,,,,,0,,,,0,0,0,,,,100,TO,,125126,0,0,,0,,0,0,,,,,ORANGE-040,,ME01,WE01,X,X,"1,700","1,700,000.00",S,,,0,,,0,,,,1,0,,,,,,,,,0,,,,,,,,,F,,,0,,WE,2/19/17,2/19/17,4:41:50 PM,GBI-031,,MIGO_GR,,0,,,,,,,12:00:00 AM,,,,,,,,,,,0,,,,,
375,5000000298,2017,1,1,0,0,0,101,,ORANGE,DL00,RM00,,,,,,125127,,,0,0,,S,USD,200000.00,0,200000.00,,0,,2331,TO,2331,TO,2331,TO,4500000350,10,,,0,,,0,X,,,,,,NA00,,,,,,,,,,,,2017,,,US00,,0,,0,0,0,,0,2,,,,,,,,,B,,,,0,,,,,0,0,0,,,,,0,,0,0,0,,,,,0,,,,0,0,0,,,,200,TO,,125127,0,0,,0,,0,0,,,,,ORANGE-040,,ME01,WE01,X,X,"1,800","1,800,000.00",S,,,0,,,0,,,,1,0,,,,,,,,,0,,,,,,,,,F,,,0,,WE,2/19/17,2/19/17,4:42:08 PM,GBI-031,,MIGO_GR,,0,,,,,,,12:00:00 AM,,,,,,,,,,,0,,,,,
375,5000000299,2017,1,1,0,0,0,101,,ORANGE,DL00,RM00,,,,,,125123,,,0,0,,S,USD,300000.00,0,300000.00,,0,,1645,TO,1645,TO,1645,TO,4500000351,10,,,0,,,0,X,,,,,,NA00,,,,,,,,,,,,2017,,,US00,,0,,0,0,0,,0,2,,,,,,,,,B,,,,0,,,,,0,0,0,,,,,0,,0,0,0,,,,,0,,,,0,0,0,,,,300,TO,,125123,0,0,,0,,0,0,,,,,ORANGE-040,,ME01,WE01,X,X,"2,000","2,000,000.00",S,,,0,,,0,,,,1,0,,,,,,,,,0,,,,,,,,,F,,,0,,WE,2/19/17,2/19/17,4:42:22 PM,GBI-031,,MIGO_GR,,0,,,,,,,12:00:00 AM,,,,,,,,,,,0,,,,,
375,5000000300,2017,1,1,0,0,0,101,,ORANGE,DL00,RM00,,,,,,125124,,,0,0,,S,USD,1000000.00,0,1000000.00,,0,,428,TO,428,TO,428,TO,4500000352,10,,,0,,,0,X,,,,,,NA00,,,,,,,,,,,,2017,,,US00,,0,,0,0,0,,0,2,,,,,,,,,B,,,,0,,,,,0,0,0,,,,,0,,0,0,0,,,,,0,,,,0,0,0,,,,"1,000",TO,,125124,0,0,,0,,0,0,,,,,ORANGE-040,,ME01,WE01,X,X,"2,300","2,300,000.00",S,,,0,,,0,,,,1,0,,,,,,,,,0,,,,,,,,,F,,,0,,WE,2/19/17,2/19/17,4:42:42 PM,GBI-031,,MIGO_GR,,0,,,,,,,12:00:00 AM,,,,,,,,,,,0,,,,,
375,5000000301,2017,1,1,0,0,0,101,,ORANGE,DL00,RM00,,,,,,125125,,,0,0,,S,USD,400000.00,0,420000.00,,0,,996,TO,996,TO,996,TO,4500000353,10,,,0,,,0,X,,,,,,NA00,,,,,,,,,,,,2017,,,US00,,0,,0,0,0,,0,2,,,,,,,,,B,,,,0,,,,,0,0,0,,,,,0,,0,0,0,,,,,0,,,,0,0,0,,,,400,TO,,125125,0,0,,0,,0,0,,,,,ORANGE-040,,ME01,WE01,X,X,"3,300","3,300,000.00",S,,,0,,,0,,,,1,0,,,,,,,,,0,,,,,,,,,F,,,0,,WE,2/19/17,2/19/17,4:43:33 PM,GBI-031,,MIGO_GR,,0,,,,,,,12:00:00 AM,,,,,,,,,,,0,,,,,
375,5000000302,2017,1,1,0,0,0,101,,ORANGE,DL00,RM00,,,,,,125126,,,0,0,,S,USD,100000.00,0,100000.00,,0,,1648,TO,1648,TO,1648,TO,4500000354,10,,,0,,,0,X,,,,,,NA00,,,,,,,,,,,,2017,,,US00,,0,,0,0,0,,0,2,,,,,,,,,B,,,,0,,,,,0,0,0,,,,,0,,0,0,0,,,,,0,,,,0,0,0,,,,100,TO,,125126,0,0,,0,,0,0,,,,,ORANGE-040,,ME01,WE01,X,X,"3,700","3,700,000.00",S,,,0,,,0,,,,1,0,,,,,,,,,0,,,,,,,,,F,,,0,,WE,2/19/17,2/19/17,4:44:03 PM,GBI-031,,MIGO_GR,,0,,,,,,,12:00:00 AM,,,,,,,,,,,0,,,,,
375,5000000303,2017,1,1,0,0,0,101,,ORANGE,DL00,RM00,,,,,,125127,,,0,0,,S,USD,200000.00,0,200000.00,,0,,468,TO,468,TO,468,TO,4500000355,10,,,0,,,0,X,,,,,,NA00,,,,,,,,,,,,2017,,,US00,,0,,0,0,0,,0,2,,,,,,,,,B,,,,0,,,,,0,0,0,,,,,0,,0,0,0,,,,,0,,,,0,0,0,,,,200,TO,,125127,0,0,,0,,0,0,,,,,ORANGE-040,,ME01,WE01,X,X,"3,800","3,800,000.00",S,,,0,,,0,,,,1,0,,,,,,,,,0,,,,,,,,,F,,,0,,WE,2/19/17,2/19/17,4:44:16 PM,GBI-031,,MIGO_GR,,0,,,,,,,12:00:00 AM,,,,,,,,,,,0,,,,,
375,5000000304,2017,1,1,0,0,0,101,,ORANGE,DL00,RM00,,,,,,125123,,,0,0,,S,USD,300000.00,0,300000.00,,0,,1693,TO,1693,TO,1693,TO,4500000356,10,,,0,,,0,X,,,,,,NA00,,,,,,,,,,,,2017,,,US00,,0,,0,0,0,,0,2,,,,,,,,,B,,,,0,,,,,0,0,0,,,,,0,,0,0,0,,,,,0,,,,0,0,0,,,,300,TO,,125123,0,0,,0,,0,0,,,,,ORANGE-040,,ME01,WE01,X,X,"4,000","4,000,000.00",S,,,0,,,0,,,,1,0,,,,,,,,,0,,,,,,,,,F,,,0,,WE,2/19/17,2/19/17,4:45:04 PM,GBI-031,,MIGO_GR,,0,,,,,,,12:00:00 AM,,,,,,,,,,,0,,,,,
375,5000000305,2017,1,1,0,0,0,101,,ORANGE,DL00,RM00,,,,,,125124,,,0,0,,S,USD,1000000.00,0,1000000.00,,0,,1720,TO,1720,TO,1720,TO,4500000357,10,,,0,,,0,X,,,,,,NA00,,,,,,,,,,,,2017,,,US00,,0,,0,0,0,,0,2,,,,,,,,,B,,,,0,,,,,0,0,0,,,,,0,,0,0,0,,,,,0,,,,0,0,0,,,,"1,000",TO,,125124,0,0,,0,,0,0,,,,,ORANGE-040,,ME01,WE01,X,X,"4,300","4,300,000.00",S,,,0,,,0,,,,1,0,,,,,,,,,0,,,,,,,,,F,,,0,,WE,2/19/17,2/19/17,4:45:26 PM,GBI-031,,MIGO_GR,,0,,,,,,,12:00:00 AM,,,,,,,,,,,0,,,,,
375,5000000306,2017,1,1,0,0,0,101,,ORANGE,DL00,RM00,,,,,,125125,,,0,0,,S,USD,400000.00,0,420000.00,,0,,1470,TO,1470,TO,1470,TO,4500000358,10,,,0,,,0,X,,,,,,NA00,,,,,,,,,,,,2017,,,US00,,0,,0,0,0,,0,2,,,,,,,,,B,,,,0,,,,,0,0,0,,,,,0,,0,0,0,,,,,0,,,,0,0,0,,,,400,TO,,125125,0,0,,0,,0,0,,,,,ORANGE-040,,ME01,WE01,X,X,"5,300","5,300,000.00",S,,,0,,,0,,,,1,0,,,,,,,,,0,,,,,,,,,F,,,0,,WE,2/19/17,2/19/17,4:52:53 PM,GBI-031,,MIGO_GR,,0,,,,,,,12:00:00 AM,,,,,,,,,,,0,,,,,
375,5000000307,2017,1,1,0,0,0,101,,ORANGE,DL00,RM00,,,,,,125126,,,0,0,,S,USD,100000.00,0,100000.00,,0,,543,TO,543,TO,543,TO,4500000359,10,,,0,,,0,X,,,,,,NA00,,,,,,,,,,,,2017,,,US00,,0,,0,0,0,,0,2,,,,,,,,,B,,,,0,,,,,0,0,0,,,,,0,,0,0,0,,,,,0,,,,0,0,0,,,,100,TO,,125126,0,0,,0,,0,0,,,,,ORANGE-040,,ME01,WE01,X,X,"5,700","5,700,000.00",S,,,0,,,0,,,,1,0,,,,,,,,,0,,,,,,,,,F,,,0,,WE,2/19/17,2/19/17,4:53:32 PM,GBI-031,,MIGO_GR,,0,,,,,,,12:00:00 AM,,,,,,,,,,,0,,,,,
375,5000000308,2017,1,1,0,0,0,101,,ORANGE,DL00,RM00,,,,,,125127,,,0,0,,S,USD,200000.00,0,200000.00,,0,,2348,TO,2348,TO,2348,TO,4500000360,10,,,0,,,0,X,,,,,,NA00,,,,,,,,,,,,2017,,,US00,,0,,0,0,0,,0,2,,,,,,,,,B,,,,0,,,,,0,0,0,,,,,0,,0,0,0,,,,,0,,,,0,0,0,,,,200,TO,,125127,0,0,,0,,0,0,,,,,ORANGE-040,,ME01,WE01,X,X,"5,800","5,800,000.00",S,,,0,,,0,,,,1,0,,,,,,,,,0,,,,,,,,,F,,,0,,WE,2/19/17,2/19/17,4:53:59 PM,GBI-031,,MIGO_GR,,0,,,,,,,12:00:00 AM,,,,,,,,,,,0,,,,,
375,5000000309,2017,1,1,0,0,0,101,,ORANGE,DL00,RM00,,,,,,125123,,,0,0,,S,USD,300000.00,0,300000.00,,0,,2043,TO,2043,TO,2043,TO,4500000361,10,,,0,,,0,X,,,,,,NA00,,,,,,,,,,,,2017,,,US00,,0,,0,0,0,,0,2,,,,,,,,,B,,,,0,,,,,0,0,0,,,,,0,,0,0,0,,,,,0,,,,0,0,0,,,,300,TO,,125123,0,0,,0,,0,0,,,,,ORANGE-040,,ME01,WE01,X,X,"6,000","6,000,000.00",S,,,0,,,0,,,,1,0,,,,,,,,,0,,,,,,,,,F,,,0,,WE,2/19/17,2/19/17,4:54:31 PM,GBI-031,,MIGO_GR,,0,,,,,,,12:00:00 AM,,,,,,,,,,,0,,,,,
375,5000000310,2017,1,1,0,0,0,101,,ORANGE,DL00,RM00,,,,,,125124,,,0,0,,S,USD,1000000.00,0,1000000.00,,0,,1668,TO,1668,TO,1668,TO,4500000362,10,,,0,,,0,X,,,,,,NA00,,,,,,,,,,,,2017,,,US00,,0,,0,0,0,,0,2,,,,,,,,,B,,,,0,,,,,0,0,0,,,,,0,,0,0,0,,,,,0,,,,0,0,0,,,,"1,000",TO,,125124,0,0,,0,,0,0,,,,,ORANGE-040,,ME01,WE01,X,X,"6,300","6,300,000.00",S,,,0,,,0,,,,1,0,,,,,,,,,0,,,,,,,,,F,,,0,,WE,2/19/17,2/19/17,4:55:54 PM,GBI-031,,MIGO_GR,,0,,,,,,,12:00:00 AM,,,,,,,,,,,0,,,,,
375,5000000311,2017,1,1,0,0,0,101,,ORANGE,DL00,RM00,,,,,,125125,,,0,0,,S,USD,400000.00,0,420000.00,,0,,1302,TO,1302,TO,1302,TO,4500000363,10,,,0,,,0,X,,,,,,NA00,,,,,,,,,,,,2017,,,US00,,0,,0,0,0,,0,2,,,,,,,,,B,,,,0,,,,,0,0,0,,,,,0,,0,0,0,,,,,0,,,,0,0,0,,,,400,TO,,125125,0,0,,0,,0,0,,,,,ORANGE-040,,ME01,WE01,X,X,"7,300","7,300,000.00",S,,,0,,,0,,,,1,0,,,,,,,,,0,,,,,,,,,F,,,0,,WE,2/19/17,2/19/17,4:56:24 PM,GBI-031,,MIGO_GR,,0,,,,,,,12:00:00 AM,,,,,,,,,,,0,,,,,
375,5000000312,2017,1,1,0,0,0,101,,ORANGE,DL00,RM00,,,,,,125126,,,0,0,,S,USD,100000.00,0,100000.00,,0,,2335,TO,2335,TO,2335,TO,4500000364,10,,,0,,,0,X,,,,,,NA00,,,,,,,,,,,,2017,,,US00,,0,,0,0,0,,0,2,,,,,,,,,B,,,,0,,,,,0,0,0,,,,,0,,0,0,0,,,,,0,,,,0,0,0,,,,100,TO,,125126,0,0,,0,,0,0,,,,,ORANGE-040,,ME01,WE01,X,X,"7,700","7,700,000.00",S,,,0,,,0,,,,1,0,,,,,,,,,0,,,,,,,,,F,,,0,,WE,2/19/17,2/19/17,4:57:03 PM,GBI-031,,MIGO_GR,,0,,,,,,,12:00:00 AM,,,,,,,,,,,0,,,,,
375,5000000313,2017,1,1,0,0,0,101,,ORANGE,DL00,RM00,,,,,,125127,,,0,0,,S,USD,200000.00,0,200000.00,,0,,1454,TO,1454,TO,1454,TO,4500000365,10,,,0,,,0,X,,,,,,NA00,,,,,,,,,,,,2017,,,US00,,0,,0,0,0,,0,2,,,,,,,,,B,,,,0,,,,,0,0,0,,,,,0,,0,0,0,,,,,0,,,,0,0,0,,,,200,TO,,125127,0,0,,0,,0,0,,,,,ORANGE-040,,ME01,WE01,X,X,"7,800","7,800,000.00",S,,,0,,,0,,,,1,0,,,,,,,,,0,,,,,,,,,F,,,0,,WE,2/19/17,2/19/17,4:57:29 PM,GBI-031,,MIGO_GR,,0,,,,,,,12:00:00 AM,,,,,,,,,,,0,,,,,
375,5000000314,2017,1,1,0,0,0,101,,ORANGE,DL00,RM00,,,,,,125123,,,0,0,,S,USD,300000.00,0,300000.00,,0,,459,TO,459,TO,459,TO,4500000366,10,,,0,,,0,X,,,,,,NA00,,,,,,,,,,,,2017,,,US00,,0,,0,0,0,,0,2,,,,,,,,,B,,,,0,,,,,0,0,0,,,,,0,,0,0,0,,,,,0,,,,0,0,0,,,,300,TO,,125123,0,0,,0,,0,0,,,,,ORANGE-040,,ME01,WE01,X,X,"8,000","8,000,000.00",S,,,0,,,0,,,,1,0,,,,,,,,,0,,,,,,,,,F,,,0,,WE,2/19/17,2/19/17,4:57:59 PM,GBI-031,,MIGO_GR,,0,,,,,,,12:00:00 AM,,,,,,,,,,,0,,,,,
375,5000000315,2017,1,1,0,0,0,101,,ORANGE,DL00,RM00,,,,,,125124,,,0,0,,S,USD,1000000.00,0,1000000.00,,0,,552,TO,552,TO,552,TO,4500000367,10,,,0,,,0,X,,,,,,NA00,,,,,,,,,,,,2017,,,US00,,0,,0,0,0,,0,2,,,,,,,,,B,,,,0,,,,,0,0,0,,,,,0,,0,0,0,,,,,0,,,,0,0,0,,,,"1,000",TO,,125124,0,0,,0,,0,0,,,,,ORANGE-040,,ME01,WE01,X,X,"8,300","8,300,000.00",S,,,0,,,0,,,,1,0,,,,,,,,,0,,,,,,,,,F,,,0,,WE,2/19/17,2/19/17,4:58:47 PM,GBI-031,,MIGO_GR,,0,,,,,,,12:00:00 AM,,,,,,,,,,,0,,,,,
375,5000000316,2017,1,1,0,0,0,101,,ORANGE,DL00,RM00,,,,,,125125,,,0,0,,S,USD,400000.00,0,400000.00,,0,,1103,TO,1103,TO,1103,TO,4500000368,10,,,0,,,0,X,,,,,,NA00,,,,,,,,,,,,2017,,,US00,,0,,0,0,0,,0,2,,,,,,,,,B,,,,0,,,,,0,0,0,,,,,0,,0,0,0,,,,,0,,,,0,0,0,,,,400,TO,,125125,0,0,,0,,0,0,,,,,ORANGE-040,,ME01,WE01,X,X,"9,300","9,300,000.00",S,,,0,,,0,,,,1,0,,,,,,,,,0,,,,,,,,,F,,,0,,WE,2/19/17,2/19/17,4:59:14 PM,GBI-031,,MIGO_GR,,0,,,,,,,12:00:00 AM,,,,,,,,,,,0,,,,,
375,5000000317,2017,1,1,0,0,0,101,,ORANGE,DL00,RM00,,,,,,125126,,,0,0,,S,USD,100000.00,0,100000.00,,0,,1944,TO,1944,TO,1944,TO,4500000369,10,,,0,,,0,X,,,,,,NA00,,,,,,,,,,,,2017,,,US00,,0,,0,0,0,,0,2,,,,,,,,,B,,,,0,,,,,0,0,0,,,,,0,,0,0,0,,,,,0,,,,0,0,0,,,,100,TO,,125126,0,0,,0,,0,0,,,,,ORANGE-040,,ME01,WE01,X,X,"9,700","9,700,000.00",S,,,0,,,0,,,,1,0,,,,,,,,,0,,,,,,,,,F,,,0,,WE,2/19/17,2/19/17,4:59:43 PM,GBI-031,,MIGO_GR,,0,,,,,,,12:00:00 AM,,,,,,,,,,,0,,,,,
375,5000000318,2017,1,1,0,0,0,101,,ORANGE,DL00,RM00,,,,,,125127,,,0,0,,S,USD,200000.00,0,200000.00,,0,,1416,TO,1416,TO,1416,TO,4500000370,10,,,0,,,0,X,,,,,,NA00,,,,,,,,,,,,2017,,,US00,,0,,0,0,0,,0,2,,,,,,,,,B,,,,0,,,,,0,0,0,,,,,0,,0,0,0,,,,,0,,,,0,0,0,,,,200,TO,,125127,0,0,,0,,0,0,,,,,ORANGE-040,,ME01,WE01,X,X,"9,800","9,800,000.00",S,,,0,,,0,,,,1,0,,,,,,,,,0,,,,,,,,,F,,,0,,WE,2/19/17,2/19/17,5:01:03 PM,GBI-031,,MIGO_GR,,0,,,,,,,12:00:00 AM,,,,,,,,,,,0,,,,,
375,5000000319,2017,1,1,0,0,0,101,,ORANGE,DL00,RM00,,,,,,125123,,,0,0,,S,USD,300000.00,0,300000.00,,0,,1831,TO,1831,TO,1831,TO,4500000371,10,,,0,,,0,X,,,,,,NA00,,,,,,,,,,,,2017,,,US00,,0,,0,0,0,,0,2,,,,,,,,,B,,,,0,,,,,0,0,0,,,,,0,,0,0,0,,,,,0,,,,0,0,0,,,,300,TO,,125123,0,0,,0,,0,0,,,,,ORANGE-040,,ME01,WE01,X,X,"10,000","10,000,000.00",S,,,0,,,0,,,,1,0,,,,,,,,,0,,,,,,,,,F,,,0,,WE,2/19/17,2/19/17,5:01:26 PM,GBI-031,,MIGO_GR,,0,,,,,,,12:00:00 AM,,,,,,,,,,,0,,,,,
375,5000000320,2017,1,1,0,0,0,101,,ORANGE,DL00,RM00,,,,,,125124,,,0,0,,S,USD,1000000.00,0,1000000.00,,0,,1903,TO,1903,TO,1903,TO,4500000372,10,,,0,,,0,X,,,,,,NA00,,,,,,,,,,,,2017,,,US00,,0,,0,0,0,,0,2,,,,,,,,,B,,,,0,,,,,0,0,0,,,,,0,,0,0,0,,,,,0,,,,0,0,0,,,,"1,000",TO,,125124,0,0,,0,,0,0,,,,,ORANGE-040,,ME01,WE01,X,X,"10,300","10,300,000.00",S,,,0,,,0,,,,1,0,,,,,,,,,0,,,,,,,,,F,,,0,,WE,2/19/17,2/19/17,5:03:01 PM,GBI-031,,MIGO_GR,,0,,,,,,,12:00:00 AM,,,,,,,,,,,0,,,,,
375,5000000321,2017,1,1,0,0,0,101,,ORANGE,DL00,RM00,,,,,,125125,,,0,0,,S,USD,400000.00,0,400000.00,,0,,228,TO,228,TO,228,TO,4500000373,10,,,0,,,0,X,,,,,,NA00,,,,,,,,,,,,2017,,,US00,,0,,0,0,0,,0,2,,,,,,,,,B,,,,0,,,,,0,0,0,,,,,0,,0,0,0,,,,,0,,,,0,0,0,,,,400,TO,,125125,0,0,,0,,0,0,,,,,ORANGE-040,,ME01,WE01,X,X,"11,300","11,300,000.00",S,,,0,,,0,,,,1,0,,,,,,,,,0,,,,,,,,,F,,,0,,WE,2/19/17,2/19/17,5:04:49 PM,GBI-031,,MIGO_GR,,0,,,,,,,12:00:00 AM,,,,,,,,,,,0,,,,,
375,5000000322,2017,1,1,0,0,0,101,,BOTSWANA BLACK PE,DL00,RM00,,,,,,125088,,,0,0,,S,USD,50000000.00,0,48000000.00,,0,,512,G,512,G,512,G,4500000380,10,,,0,,,0,X,,,,,,NA00,,,,,,,,,,,,2017,,,US00,,0,,0,0,0,,0,2,,,,,,,,,B,,,,0,,,,,0,0,0,,,,,0,,0,0,0,,,,,0,,,,0,0,0,,,,100,G,,125088,0,0,,0,,0,0,,,,,BOTSWANA BLACK PE,,ME01,WE01,X,X,0,0,S,,,0,,,0,,,,1,0,,,,,,,,,0,,,,,,,,,F,,,0,,WE,2/19/17,2/19/17,5:08:21 PM,GBI-024,,MIGO_GR,,0,,,,,,,12:00:00 AM,,,,,,,,,,,0,,,,,
375,5000000323,2017,1,1,0,0,0,101,,CONGOCRYSTAL,DL00,RM00,,,,,,125102,,,0,0,,S,USD,20000000.00,0,770000.00,,0,,887,G,887,G,887,G,4500000379,10,,,0,,,0,X,,,,,,NA00,,,,,,,,,,,,2017,,,US00,,0,,0,0,0,,0,2,,,,,,,,,B,,,,0,,,,,0,0,0,,,,,0,,0,0,0,,,,,0,,,,0,0,0,,,,100,G,,125102,0,0,,0,,0,0,,,,,CONGOCRYSTAL,,ME01,WE01,X,X,0,0,S,,,0,,,0,,,,1,0,,,,,,,,,0,,,,,,,,,F,,,0,,WE,2/19/17,2/19/17,5:08:49 PM,GBI-024,,MIGO_GR,,0,,,,,,,12:00:00 AM,,,,,,,,,,,0,,,,,
375,5000000324,2017,1,1,0,0,0,101,,ANGOLAN AMETHYST,DL00,RM00,,,,,,125096,,,0,0,,S,USD,5000000.00,0,4500000.00,,0,,635,G,635,G,635,G,4500000378,10,,,0,,,0,X,,,,,,NA00,,,,,,,,,,,,2017,,,US00,,0,,0,0,0,,0,2,,,,,,,,,B,,,,0,,,,,0,0,0,,,,,0,,0,0,0,,,,,0,,,,0,0,0,,,,100,G,,125096,0,0,,0,,0,0,,,,,ANGOLAN AMETHYST,,ME01,WE01,X,X,0,0,S,,,0,,,0,,,,1,0,,,,,,,,,0,,,,,,,,,F,,,0,,WE,2/19/17,2/19/17,5:09:13 PM,GBI-024,,MIGO_GR,,0,,,,,,,12:00:00 AM,,,,,,,,,,,0,,,,,
375,5000000325,2017,1,1,0,0,0,101,,SA SAPPHIRE,DL00,RM00,,,,,,125100,,,0,0,,S,USD,10000000.00,0,1322576.38,,0,,223,G,223,G,223,G,4500000377,10,,,0,,,0,X,,,,,,NA00,,,,,,,,,,,,2017,,,US00,,0,,0,0,0,,0,2,,,,,,,,,B,,,,0,,,,,0,0,0,,,,,0,,0,0,0,,,,,0,,,,0,0,0,,,,100,G,,125100,0,0,,0,,0,0,,,,,SA SAPPHIRE,,ME01,WE01,X,X,10,"1,000,000.00",S,,,0,,,0,,,,1,0,,,,,,,,,0,,,,,,,,,F,,,0,,WE,2/19/17,2/19/17,5:09:30 PM,GBI-024,,MIGO_GR,,0,,,,,,,12:00:00 AM,,,,,,,,,,,0,,,,,
375,5000000326,2017,1,1,0,0,0,101,,ORANGE,DL00,RM00,,,,,,125126,,,0,0,,S,USD,100000.00,0,100000.00,,0,,1876,TO,1876,TO,1876,TO,4500000374,10,,,0,,,0,X,,,,,,NA00,,,,,,,,,,,,2017,,,US00,,0,,0,0,0,,0,2,,,,,,,,,B,,,,0,,,,,0,0,0,,,,,0,,0,0,0,,,,,0,,,,0,0,0,,,,100,TO,,125126,0,0,,0,,0,0,,,,,ORANGE-040,,ME01,WE01,X,X,"11,700","11,700,000.00",S,,,0,,,0,,,,1,0,,,,,,,,,0,,,,,,,,,F,,,0,,WE,2/19/17,2/19/17,5:10:48 PM,GBI-031,,MIGO_GR,,0,,,,,,,12:00:00 AM,,,,,,,,,,,0,,,,,
375,5000000327,2017,1,1,0,0,0,101,,ORANGE,DL00,RM00,,,,,,125127,,,0,0,,S,USD,200000.00,0,200000.00,,0,,490,TO,490,TO,490,TO,4500000375,10,,,0,,,0,X,,,,,,NA00,,,,,,,,,,,,2017,,,US00,,0,,0,0,0,,0,2,,,,,,,,,B,,,,0,,,,,0,0,0,,,,,0,,0,0,0,,,,,0,,,,0,0,0,,,,200,TO,,125127,0,0,,0,,0,0,,,,,ORANGE-040,,ME01,WE01,X,X,"11,800","11,800,000.00",S,,,0,,,0,,,,1,0,,,,,,,,,0,,,,,,,,,F,,,0,,WE,2/19/17,2/19/17,5:11:26 PM,GBI-031,,MIGO_GR,,0,,,,,,,12:00:00 AM,,,,,,,,,,,0,,,,,
375,5000000328,2017,1,1,0,0,0,101,,ROMANIAN RUBY,DL00,RM00,,,,,,125128,,,0,0,,S,USD,15000000.00,0,16588027.13,,0,,849,G,849,G,849,G,4500000381,10,,,0,,,0,X,,,,,,NA00,,,,,,,,,,,,2017,,,US00,,0,,0,0,0,,0,2,,,,,,,,,B,,,,0,,,,,0,0,0,,,,,0,,0,0,0,,,,,0,,,,0,0,0,,,,100,G,,125128,0,0,,0,,0,0,,,,,ROMANIAN RUBY,,ME01,WE01,X,X,0,0,S,,,0,,,0,,,,1,0,,,,,,,,,0,,,,,,,,,F,,,0,,WE,2/19/17,2/19/17,5:47:27 PM,GBI-024,,MIGO_GR,,0,,,,,,,12:00:00 AM,,,,,,,,,,,0,,,,,
375,5000000329,2017,1,1,0,0,0,101,,GOLD,DL00,RM00,,,,,,125104,,,0,0,,S,USD,43235.15,0,43235.15,,0,,46,OZ,46,OZ,46,OZ,4500000382,10,,,0,,,0,X,,,,,,NA00,,,,,,,,,,,,2017,,,US00,,0,,0,0,0,,0,2,,,,,,,,,B,,,,0,,,,,0,0,0,,,,,0,,0,0,0,,,,,0,,,,0,0,0,,,,35,OZ,,125104,0,0,,0,,0,0,,,,,GOLD TEAM 8,,ME01,WE01,X,X,"1,800","2,223,684.29",V,,,0,,,0,,,,1,0,,,,,,,,,0,,,,,,,,,F,,,0,,WE,2/19/17,2/19/17,6:14:03 PM,GBI-026,,MIGO_GR,,0,,,,,,,12:00:00 AM,,,,,,,,,,,0,,,,,
375,5000000330,2017,1,1,0,0,0,101,,ROMANIAN RUBY,DL00,RM00,,,,,,125128,,,0,0,,S,USD,346153.85,0,346153.85,,0,,799,G,799,G,799,G,4500000383,10,,,0,,,0,X,,,,,,NA00,BI00,,NAIS1000,,,,,,,,,2017,,,US00,,0,,0,0,0,,0,2,,,,,,,,,B,V,,,0,,,,,0,0,0,,,,,0,,0,0,0,,,,,0,,,,0,0,0,,,720000,2,G,,,0,0,,0,,0,0,,,,,ROMANIAN RUBY,,ME02,WE06,X,X,100,"15,000,000.00",S,,,0,,,0,,,,1,0,,,,,,,,,0,,,,,,,,,F,,,0,,WE,2/19/17,2/19/17,10:30:28 PM,GBI-024,,MIGO_GR,,0,,,,,,,12:00:00 AM,,,,,,,,,,,0,,,,,
375,5000000331,2017,1,1,0,0,0,101,,BOTSWANA BLACK PE,DL00,RM00,,,,,,125088,,,0,0,,S,USD,1500000.00,0,1440000.00,,0,,777,G,777,G,777,G,4500000387,10,,,0,,,0,X,,,,,,NA00,,,,,,,,,,,,2017,,,US00,,0,,0,0,0,,0,2,,,,,,,,,B,,,,0,,,,,0,0,0,,,,,0,,0,0,0,,,,,0,,,,0,0,0,,,,3,G,,125088,0,0,,0,,0,0,,,,,BOTSWANA BLACK PE,,ME01,WE01,X,X,100,"50,000,000.00",S,,,0,,,0,,,,1,0,,,,,,,,,0,,,,,,,,,F,,,0,,WE,2/19/17,2/19/17,11:23:35 PM,GBI-024,,MIGO_GR,,0,,,,,,,12:00:00 AM,,,,,,,,,,,0,,,,,
375,5000000332,2017,1,1,0,0,0,101,,BOTSWANA BLACK PE,DL00,RM00,,,,,,125088,,,0,0,,S,USD,1350000.00,0,1350000.00,,0,,502,G,502,G,502,G,4500000385,10,,,0,,,0,X,,,,,,NA00,BI00,,NAIS1000,,,,,,,,,2017,,,US00,,0,,0,0,0,,0,2,,,,,,,,,B,V,,,0,,,,,0,0,0,,,,,0,,0,0,0,,,,,0,,,,0,0,0,,,720000,3,G,,,0,0,,0,,0,0,,,,,BOTSWANA BLACK PE,,ME02,WE06,X,X,97,"48,500,000.00",S,,,0,,,0,,,,1,0,,,,,,,,,0,,,,,,,,,F,,,0,,WE,2/19/17,2/19/17,11:29:35 PM,GBI-024,,MIGO_GR,,0,,,,,,,12:00:00 AM,,,,,,,,,,,0,,,,,
375,5000000333,2017,1,1,0,0,0,101,,GOLD,DL00,RM00,,,,,,125104,,,0,0,,S,USD,55588.05,0,55588.05,,0,,55,OZ,55,OZ,55,OZ,4500000388,10,,,0,,,0,X,,,,,,NA00,,,,,,,,,,,,2017,,,US00,,0,,0,0,0,,0,2,,,,,,,,,B,,,,0,,,,,0,0,0,,,,,0,,0,0,0,,,,,0,,,,0,0,0,,,,45,OZ,,125104,0,0,,0,,0,0,,,,,GOLD TEAM 8,,ME01,WE01,X,X,"1,765","2,180,449.14",V,,,0,,,0,,,,1,0,,,,,,,,,0,,,,,,,,,F,,,0,,WE,2/20/17,2/20/17,12:34:03 PM,GBI-026,,MIGO_GR,,0,,,,,,,12:00:00 AM,,,,,,,,,,,0,,,,,
375,5000000334,2017,1,1,0,0,0,101,,GOLD,DL00,RM00,,,,,,125104,,,0,0,,S,USD,24705.80,0,24705.80,,0,,77,OZ,77,OZ,77,OZ,4500000389,10,,,0,,,0,X,,,,,,NA00,,,,,,,,,,,,2017,,,US00,,0,,0,0,0,,0,2,,,,,,,,,B,,,,0,,,,,0,0,0,,,,,0,,0,0,0,,,,,0,,,,0,0,0,,,,20,OZ,,125104,0,0,,0,,0,0,,,,,GOLD TEAM 8,,ME01,WE01,X,X,"1,720","2,124,861.09",V,,,0,,,0,,,,1,0,,,,,,,,,0,,,,,,,,,F,,,0,,WE,2/20/17,2/20/17,1:10:38 PM,GBI-006,,MIGO_GR,,0,,,,,,,12:00:00 AM,,,,,,,,,,,0,,,,,
375,5000000335,2017,1,1,0,0,0,101,,GOLD,DL00,RM00,,,,,,125104,,,0,0,,S,USD,18529.35,0,18529.35,,0,,74,OZ,74,OZ,74,OZ,4500000390,10,,,0,,,0,X,,,,,,NA00,,,,,,,,,,,,2017,,,US00,,0,,0,0,0,,0,2,,,,,,,,,B,,,,0,,,,,0,0,0,,,,,0,,0,0,0,,,,,0,,,,0,0,0,,,,15,OZ,,125104,0,0,,0,,0,0,,,,,GOLD TEAM 8,,ME01,WE01,X,X,"1,700","2,100,155.29",V,,,0,,,0,,,,1,0,,,,,,,,,0,,,,,,,,,F,,,0,,WE,2/20/17,2/20/17,1:32:48 PM,GBI-006,,MIGO_GR,,0,,,,,,,12:00:00 AM,,,,,,,,,,,0,,,,,
375,5000000336,2017,1,1,0,0,0,101,,GOLD,DL00,RM00,,,,,,125104,,,0,0,,S,USD,27176.38,0,27176.38,,0,,58,OZ,58,OZ,58,OZ,4500000391,10,,,0,,,0,X,,,,,,NA00,,,,,,,,,,,,2017,,,US00,,0,,0,0,0,,0,2,,,,,,,,,B,,,,0,,,,,0,0,0,,,,,0,,0,0,0,,,,,0,,,,0,0,0,,,,22,OZ,,125104,0,0,,0,,0,0,,,,,GOLD TEAM 8,,ME01,WE01,X,X,"1,685","2,081,625.94",V,,,0,,,0,,,,1,0,,,,,,,,,0,,,,,,,,,F,,,0,,WE,2/20/17,2/20/17,1:50:16 PM,GBI-006,,MIGO_GR,,0,,,,,,,12:00:00 AM,,,,,,,,,,,0,,,,,
375,5000000337,2017,1,1,0,0,0,101,,ROMANIAN RUBY,DL00,RM00,,,,,,125128,,,0,0,,S,USD,1022727.27,0,1022727.27,,0,,731,G,731,G,731,G,4500000384,10,,,0,,,0,X,,,,,,NA00,BI00,,NAIS1000,,,,,,,,,2017,,,US00,,0,,0,0,0,,0,2,,,,,,,,,B,V,,,0,,,,,0,0,0,,,,,0,,0,0,0,,,,,0,,,,0,0,0,,,720000,5,G,,,0,0,,0,,0,0,,,,,ROMANIAN RUBY,,ME02,WE06,X,X,100,"15,000,000.00",S,,,0,,,0,,,,1,0,,,,,,,,,0,,,,,,,,,F,,,0,,WE,2/20/17,2/20/17,2:32:59 PM,GBI-024,,MIGO_GR,,0,,,,,,,12:00:00 AM,,,,,,,,,,,0,,,,,
375,5000000338,2017,1,1,0,0,0,101,,ROMANIAN RUBY,DL00,RM00,,,,,,125128,,,0,0,,S,USD,1007462.69,0,1007462.69,,0,,489,G,489,G,489,G,4500000392,10,,,0,,,0,X,,,,,,NA00,BI00,,NAIS1000,,,,,,,,,2017,,,US00,,0,,0,0,0,,0,2,,,,,,,,,B,V,,,0,,,,,0,0,0,,,,,0,,0,0,0,,,,,0,,,,0,0,0,,,720000,6,G,,,0,0,,0,,0,0,,,,,ROMANIAN RUBY,,ME02,WE06,X,X,100,"15,000,000.00",S,,,0,,,0,,,,1,0,,,,,,,,,0,,,,,,,,,F,,,0,,WE,2/20/17,2/20/17,2:34:56 PM,GBI-024,,MIGO_GR,,0,,,,,,,12:00:00 AM,,,,,,,,,,,0,,,,,
375,5000000339,2017,1,1,0,0,0,101,,BOTSWANA BLACK PE,DL00,RM00,,,,,,125088,,,0,0,,S,USD,6000000.00,0,6000000.00,,0,,963,G,963,G,963,G,4500000386,10,,,0,,,0,X,,,,,,NA00,BI00,,NAIS1000,,,,,,,,,2017,,,US00,,0,,0,0,0,,0,2,,,,,,,,,B,V,,,0,,,,,0,0,0,,,,,0,,0,0,0,,,,,0,,,,0,0,0,,,720000,8,G,,,0,0,,0,,0,0,,,,,BOTSWANA BLACK PE,,ME02,WE06,X,X,97,"48,500,000.00",S,,,0,,,0,,,,1,0,,,,,,,,,0,,,,,,,,,F,,,0,,WE,2/20/17,2/20/17,2:35:44 PM,GBI-024,,MIGO_GR,,0,,,,,,,12:00:00 AM,,,,,,,,,,,0,,,,,
375,5000000340,2017,1,1,0,0,0,101,,BOTSWANA BLACK PE,DL00,RM00,,,,,,125088,,,0,0,,S,USD,1960000.00,0,1960000.00,,0,,274,G,274,G,274,G,4500000394,10,,,0,,,0,X,,,,,,NA00,BI00,,NAIS1000,,,,,,,,,2017,,,US00,,0,,0,0,0,,0,2,,,,,,,,,B,V,,,0,,,,,0,0,0,,,,,0,,0,0,0,,,,,0,,,,0,0,0,,,720000,4,G,,,0,0,,0,,0,0,,,,,BOTSWANA BLACK PE,,ME02,WE06,X,X,97,"48,500,000.00",S,,,0,,,0,,,,1,0,,,,,,,,,0,,,,,,,,,F,,,0,,WE,2/20/17,2/20/17,2:36:21 PM,GBI-024,,MIGO_GR,,0,,,,,,,12:00:00 AM,,,,,,,,,,,0,,,,,
375,5000000341,2017,1,1,0,0,0,101,,BOTSWANA BLACK PE,DL00,RM00,,,,,,125088,,,0,0,,S,USD,5250000.00,0,5250000.00,,0,,995,G,995,G,995,G,4500000396,10,,,0,,,0,X,,,,,,NA00,BI00,,NAIS1000,,,,,,,,,2017,,,US00,,0,,0,0,0,,0,2,,,,,,,,,B,V,,,0,,,,,0,0,0,,,,,0,,0,0,0,,,,,0,,,,0,0,0,,,720000,10,G,,,0,0,,0,,0,0,,,,,BOTSWANA BLACK PE,,ME02,WE06,X,X,97,"48,500,000.00",S,,,0,,,0,,,,1,0,,,,,,,,,0,,,,,,,,,F,,,0,,WE,2/20/17,2/20/17,2:37:06 PM,GBI-024,,MIGO_GR,,0,,,,,,,12:00:00 AM,,,,,,,,,,,0,,,,,
375,5000000342,2017,1,1,0,0,0,101,,ROMANIAN RUBY,DL00,RM00,,,,,,125128,,,0,0,,S,USD,679245.28,0,679245.28,,0,,98,G,98,G,98,G,4500000393,10,,,0,,,0,X,,,,,,NA00,BI00,,NAIS1000,,,,,,,,,2017,,,US00,,0,,0,0,0,,0,2,,,,,,,,,B,V,,,0,,,,,0,0,0,,,,,0,,0,0,0,,,,,0,,,,0,0,0,,,720000,4,G,,,0,0,,0,,0,0,,,,,ROMANIAN RUBY,,ME02,WE06,X,X,100,"15,000,000.00",S,,,0,,,0,,,,1,0,,,,,,,,,0,,,,,,,,,F,,,0,,WE,2/20/17,2/20/17,2:44:27 PM,GBI-024,,MIGO_GR,,0,,,,,,,12:00:00 AM,,,,,,,,,,,0,,,,,
375,5000000343,2017,1,1,0,0,0,101,,ROMANIAN RUBY,DL00,RM00,,,,,,125128,,,0,0,,S,USD,321428.57,0,321428.57,,0,,577,G,577,G,577,G,4500000395,10,,,0,,,0,X,,,,,,NA00,BI00,,NAIS1000,,,,,,,,,2017,,,US00,,0,,0,0,0,,0,2,,,,,,,,,B,V,,,0,,,,,0,0,0,,,,,0,,0,0,0,,,,,0,,,,0,0,0,,,720000,2,G,,,0,0,,0,,0,0,,,,,ROMANIAN RUBY,,ME02,WE06,X,X,100,"15,000,000.00",S,,,0,,,0,,,,1,0,,,,,,,,,0,,,,,,,,,F,,,0,,WE,2/20/17,2/20/17,2:50:19 PM,GBI-024,,MIGO_GR,,0,,,,,,,12:00:00 AM,,,,,,,,,,,0,,,,,
375,5000000344,2017,1,1,0,0,0,101,,BOTSWANA BLACK PE,DL00,RM00,,,,,,125088,,,0,0,,S,USD,1000000.00,0,1000000.00,,0,,740,G,740,G,740,G,4500000397,10,,,0,,,0,X,,,,,,NA00,BI00,,NAIS1000,,,,,,,,,2017,,,US00,,0,,0,0,0,,0,2,,,,,,,,,B,V,,,0,,,,,0,0,0,,,,,0,,0,0,0,,,,,0,,,,0,0,0,,,720000,2,G,,,0,0,,0,,0,0,,,,,BOTSWANA BLACK PE,,ME02,WE06,X,X,97,"48,500,000.00",S,,,0,,,0,,,,1,0,,,,,,,,,0,,,,,,,,,F,,,0,,WE,2/20/17,2/20/17,2:53:39 PM,GBI-024,,MIGO_GR,,0,,,,,,,12:00:00 AM,,,,,,,,,,,0,,,,,
375,5000000345,2017,1,1,0,0,0,101,,CONGOCRYSTAL,DL00,RM00,,,,,,125102,,,0,0,,S,USD,35000.00,0,35000.00,,0,,160,G,160,G,160,G,4500000399,10,,,0,,,0,X,,,,,,NA00,BI00,,NAIS1000,,,,,,,,,2017,,,US00,,0,,0,0,0,,0,2,,,,,,,,,B,V,,,0,,,,,0,0,0,,,,,0,,0,0,0,,,,,0,,,,0,0,0,,,720000,5,G,,,0,0,,0,,0,0,,,,,CONGOCRYSTAL,,ME02,WE06,X,X,100,"20,000,000.00",S,,,0,,,0,,,,1,0,,,,,,,,,0,,,,,,,,,F,,,0,,WE,2/20/17,2/20/17,3:02:16 PM,GBI-024,,MIGO_GR,,0,,,,,,,12:00:00 AM,,,,,,,,,,,0,,,,,
375,5000000346,2017,1,1,0,0,0,101,,CONGOCRYSTAL,DL00,RM00,,,,,,125102,,,0,0,,S,USD,72900.00,0,72900.00,,0,,495,G,495,G,495,G,4500000398,10,,,0,,,0,X,,,,,,NA00,BI00,,NAIS1000,,,,,,,,,2017,,,US00,,0,,0,0,0,,0,2,,,,,,,,,B,V,,,0,,,,,0,0,0,,,,,0,,0,0,0,,,,,0,,,,0,0,0,,,720000,9,G,,,0,0,,0,,0,0,,,,,CONGOCRYSTAL,,ME02,WE06,X,X,100,"20,000,000.00",S,,,0,,,0,,,,1,0,,,,,,,,,0,,,,,,,,,F,,,0,,WE,2/20/17,2/20/17,3:04:24 PM,GBI-024,,MIGO_GR,,0,,,,,,,12:00:00 AM,,,,,,,,,,,0,,,,,
375,5000000347,2017,1,1,0,0,0,101,,CONGOCRYSTAL,DL00,RM00,,,,,,125102,,,0,0,,S,USD,142400.00,0,142400.00,,0,,526,G,526,G,526,G,4500000402,10,,,0,,,0,X,,,,,,NA00,BI00,,NAIS1000,,,,,,,,,2017,,,US00,,0,,0,0,0,,0,2,,,,,,,,,B,V,,,0,,,,,0,0,0,,,,,0,,0,0,0,,,,,0,,,,0,0,0,,,720000,16,G,,,0,0,,0,,0,0,,,,,CONGOCRYSTAL,,ME02,WE06,X,X,100,"20,000,000.00",S,,,0,,,0,,,,1,0,,,,,,,,,0,,,,,,,,,F,,,0,,WE,2/20/17,2/20/17,3:04:57 PM,GBI-024,,MIGO_GR,,0,,,,,,,12:00:00 AM,,,,,,,,,,,0,,,,,
375,5000000348,2017,1,1,0,0,0,101,,CONGOCRYSTAL,DL00,RM00,,,,,,125102,,,0,0,,S,USD,68000.00,0,68000.00,,0,,273,G,273,G,273,G,4500000400,10,,,0,,,0,X,,,,,,NA00,BI00,,NAIS1000,,,,,,,,,2017,,,US00,,0,,0,0,0,,0,2,,,,,,,,,B,V,,,0,,,,,0,0,0,,,,,0,,0,0,0,,,,,0,,,,0,0,0,,,720000,8,G,,,0,0,,0,,0,0,,,,,CONGOCRYSTAL,,ME02,WE06,X,X,100,"20,000,000.00",S,,,0,,,0,,,,1,0,,,,,,,,,0,,,,,,,,,F,,,0,,WE,2/20/17,2/20/17,3:05:24 PM,GBI-024,,MIGO_GR,,0,,,,,,,12:00:00 AM,,,,,,,,,,,0,,,,,
375,5000000349,2017,1,1,0,0,0,101,,CONGOCRYSTAL,DL00,RM00,,,,,,125102,,,0,0,,S,USD,16400.00,0,16400.00,,0,,15,G,15,G,15,G,4500000401,10,,,0,,,0,X,,,,,,NA00,BI00,,NAIS1000,,,,,,,,,2017,,,US00,,0,,0,0,0,,0,2,,,,,,,,,B,V,,,0,,,,,0,0,0,,,,,0,,0,0,0,,,,,0,,,,0,0,0,,,720000,2,G,,,0,0,,0,,0,0,,,,,CONGOCRYSTAL,,ME02,WE06,X,X,100,"20,000,000.00",S,,,0,,,0,,,,1,0,,,,,,,,,0,,,,,,,,,F,,,0,,WE,2/20/17,2/20/17,3:05:54 PM,GBI-024,,MIGO_GR,,0,,,,,,,12:00:00 AM,,,,,,,,,,,0,,,,,
375,5000000350,2017,1,1,0,0,0,101,,ANGOLAN AMETHYST,DL00,RM00,,,,,,125096,,,0,0,,S,USD,297000.00,0,297000.00,,0,,769,G,769,G,769,G,4500000403,10,,,0,,,0,X,,,,,,NA00,BI00,,NAIS1000,,,,,,,,,2017,,,US00,,0,,0,0,0,,0,2,,,,,,,,,B,V,,,0,,,,,0,0,0,,,,,0,,0,0,0,,,,,0,,,,0,0,0,,,720000,6,G,,,0,0,,0,,0,0,,,,,ANGOLAN AMETHYST,,ME02,WE06,X,X,100,"5,000,000.00",S,,,0,,,0,,,,1,0,,,,,,,,,0,,,,,,,,,F,,,0,,WE,2/20/17,2/20/17,3:06:47 PM,GBI-024,,MIGO_GR,,0,,,,,,,12:00:00 AM,,,,,,,,,,,0,,,,,
375,5000000351,2017,1,1,0,0,0,101,,ANGOLAN AMETHYST,DL00,RM00,,,,,,125096,,,0,0,,S,USD,672750.00,0,672750.00,,0,,450,G,450,G,450,G,4500000405,10,,,0,,,0,X,,,,,,NA00,BI00,,NAIS1000,,,,,,,,,2017,,,US00,,0,,0,0,0,,0,2,,,,,,,,,B,V,,,0,,,,,0,0,0,,,,,0,,0,0,0,,,,,0,,,,0,0,0,,,720000,13,G,,,0,0,,0,,0,0,,,,,ANGOLAN AMETHYST,,ME02,WE06,X,X,100,"5,000,000.00",S,,,0,,,0,,,,1,0,,,,,,,,,0,,,,,,,,,F,,,0,,WE,2/20/17,2/20/17,3:07:22 PM,GBI-024,,MIGO_GR,,0,,,,,,,12:00:00 AM,,,,,,,,,,,0,,,,,
375,5000000352,2017,1,1,0,0,0,101,,ANGOLAN AMETHYST,DL00,RM00,,,,,,125096,,,0,0,,S,USD,162000.00,0,162000.00,,0,,335,G,335,G,335,G,4500000404,10,,,0,,,0,X,,,,,,NA00,BI00,,NAIS1000,,,,,,,,,2017,,,US00,,0,,0,0,0,,0,2,,,,,,,,,B,V,,,0,,,,,0,0,0,,,,,0,,0,0,0,,,,,0,,,,0,0,0,,,720000,3,G,,,0,0,,0,,0,0,,,,,ANGOLAN AMETHYST,,ME02,WE06,X,X,100,"5,000,000.00",S,,,0,,,0,,,,1,0,,,,,,,,,0,,,,,,,,,F,,,0,,WE,2/20/17,2/20/17,3:09:07 PM,GBI-024,,MIGO_GR,,0,,,,,,,12:00:00 AM,,,,,,,,,,,0,,,,,
375,5000000353,2017,1,1,0,0,0,101,,ANGOLAN AMETHYST,DL00,RM00,,,,,,125096,,,0,0,,S,USD,426000.00,0,426000.00,,0,,218,G,218,G,218,G,4500000407,10,,,0,,,0,X,,,,,,NA00,BI00,,NAIS1000,,,,,,,,,2017,,,US00,,0,,0,0,0,,0,2,,,,,,,,,B,V,,,0,,,,,0,0,0,,,,,0,,0,0,0,,,,,0,,,,0,0,0,,,720000,8,G,,,0,0,,0,,0,0,,,,,ANGOLAN AMETHYST,,ME02,WE06,X,X,100,"5,000,000.00",S,,,0,,,0,,,,1,0,,,,,,,,,0,,,,,,,,,F,,,0,,WE,2/20/17,2/20/17,3:10:16 PM,GBI-024,,MIGO_GR,,0,,,,,,,12:00:00 AM,,,,,,,,,,,0,,,,,
375,5000000354,2017,1,1,0,0,0,101,,ANGOLAN AMETHYST,DL00,RM00,,,,,,125096,,,0,0,,S,USD,221250.00,0,221250.00,,0,,448,G,448,G,448,G,4500000408,10,,,0,,,0,X,,,,,,NA00,BI00,,NAIS1000,,,,,,,,,2017,,,US00,,0,,0,0,0,,0,2,,,,,,,,,B,V,,,0,,,,,0,0,0,,,,,0,,0,0,0,,,,,0,,,,0,0,0,,,720000,5,G,,,0,0,,0,,0,0,,,,,ANGOLAN AMETHYST,,ME02,WE06,X,X,100,"5,000,000.00",S,,,0,,,0,,,,1,0,,,,,,,,,0,,,,,,,,,F,,,0,,WE,2/20/17,2/20/17,3:10:47 PM,GBI-024,,MIGO_GR,,0,,,,,,,12:00:00 AM,,,,,,,,,,,0,,,,,
375,5000000355,2017,1,1,0,0,0,101,,SA SAPPHIRE,DL00,RM00,,,,,,125100,,,0,0,,S,USD,160000.00,0,160000.00,,0,,850,G,850,G,850,G,4500000410,10,,,0,,,0,X,,,,,,NA00,BI00,,NAIS1000,,,,,,,,,2017,,,US00,,0,,0,0,0,,0,2,,,,,,,,,B,V,,,0,,,,,0,0,0,,,,,0,,0,0,0,,,,,0,,,,0,0,0,,,720000,12,G,,,0,0,,0,,0,0,,,,,SA SAPPHIRE,,ME02,WE06,X,X,110,"11,000,000.00",S,,,0,,,0,,,,1,0,,,,,,,,,0,,,,,,,,,F,,,0,,WE,2/20/17,2/20/17,3:12:44 PM,GBI-024,,MIGO_GR,,0,,,,,,,12:00:00 AM,,,,,,,,,,,0,,,,,
375,5000000356,2017,1,1,0,0,0,101,,SA SAPPHIRE,DL00,RM00,,,,,,125100,,,0,0,,S,USD,79302.14,0,79302.14,,0,,347,G,347,G,347,G,4500000406,10,,,0,,,0,X,,,,,,NA00,BI00,,NAIS1000,,,,,,,,,2017,,,US00,,0,,0,0,0,,0,2,,,,,,,,,B,V,,,0,,,,,0,0,0,,,,,0,,0,0,0,,,,,0,,,,0,0,0,,,720000,6,G,,,0,0,,0,,0,0,,,,,SA SAPPHIRE,,ME02,WE06,X,X,110,"11,000,000.00",S,,,0,,,0,,,,1,0,,,,,,,,,0,,,,,,,,,F,,,0,,WE,2/20/17,2/20/17,3:13:30 PM,GBI-024,,MIGO_GR,,0,,,,,,,12:00:00 AM,,,,,,,,,,,0,,,,,
375,5000000357,2017,1,1,0,0,0,101,,SA SAPPHIRE,DL00,RM00,,,,,,125100,,,0,0,,S,USD,93959.73,0,93959.73,,0,,16,G,16,G,16,G,4500000409,10,,,0,,,0,X,,,,,,NA00,BI00,,NAIS1000,,,,,,,,,2017,,,US00,,0,,0,0,0,,0,2,,,,,,,,,B,V,,,0,,,,,0,0,0,,,,,0,,0,0,0,,,,,0,,,,0,0,0,,,720000,7,G,,,0,0,,0,,0,0,,,,,SA SAPPHIRE,,ME02,WE06,X,X,110,"11,000,000.00",S,,,0,,,0,,,,1,0,,,,,,,,,0,,,,,,,,,F,,,0,,WE,2/20/17,2/20/17,3:13:57 PM,GBI-024,,MIGO_GR,,0,,,,,,,12:00:00 AM,,,,,,,,,,,0,,,,,
375,5000000358,2017,1,1,0,0,0,101,,SA SAPPHIRE,DL00,RM00,,,,,,125100,,,0,0,,S,USD,121065.38,0,121065.38,,0,,403,G,403,G,403,G,4500000411,10,,,0,,,0,X,,,,,,NA00,BI00,,NAIS1000,,,,,,,,,2017,,,US00,,0,,0,0,0,,0,2,,,,,,,,,B,V,,,0,,,,,0,0,0,,,,,0,,0,0,0,,,,,0,,,,0,0,0,,,720000,9,G,,,0,0,,0,,0,0,,,,,SA SAPPHIRE,,ME02,WE06,X,X,110,"11,000,000.00",S,,,0,,,0,,,,1,0,,,,,,,,,0,,,,,,,,,F,,,0,,WE,2/20/17,2/20/17,3:16:16 PM,GBI-024,,MIGO_GR,,0,,,,,,,12:00:00 AM,,,,,,,,,,,0,,,,,
375,5000000359,2017,1,1,0,0,0,101,,SA SAPPHIRE,DL00,RM00,,,,,,125100,,,0,0,,S,USD,145264.38,0,145264.38,,0,,246,G,246,G,246,G,4500000412,10,,,0,,,0,X,,,,,,NA00,BI00,,NAIS1000,,,,,,,,,2017,,,US00,,0,,0,0,0,,0,2,,,,,,,,,B,V,,,0,,,,,0,0,0,,,,,0,,0,0,0,,,,,0,,,,0,0,0,,,720000,10,G,,,0,0,,0,,0,0,,,,,SA SAPPHIRE,,ME02,WE06,X,X,110,"11,000,000.00",S,,,0,,,0,,,,1,0,,,,,,,,,0,,,,,,,,,F,,,0,,WE,2/20/17,2/20/17,3:16:41 PM,GBI-024,,MIGO_GR,,0,,,,,,,12:00:00 AM,,,,,,,,,,,0,,,,,
375,5000000360,2017,1,1,0,0,0,101,,ZTESTHEXNT,DL00,RM00,,,,,,125130,,,0,0,,S,USD,12300.00,0,12800.00,,0,,7102,LB,7102,LB,7102,LB,4500000414,10,,,0,,,0,X,,,,,,NA00,,,,,,,,,,,,2017,,,US00,,0,,0,0,0,,0,2,,,,,,,,,B,,,,0,,,,,0,0,0,,,,,0,,0,0,0,,,,,0,,,,0,0,0,,,,"10,000",LB,,125130,0,0,,0,,0,0,,,,,ZTESTHEXNT-01,,ME01,WE01,X,X,0,0,S,,,0,,,0,,,,1,0,,,,,,,,,0,,,,,,,,,F,,,0,,WE,2/20/17,2/20/17,3:31:07 PM,GBI-035,,MIGO_GR,,0,,,,,,,12:00:00 AM,,,,,,,,,,,0,,,,,
375,5000000361,2017,1,1,0,0,0,101,,ZTESTHEXNT,DL00,RM00,,,,,,125105,,,0,0,,S,USD,12000.00,0,12000.00,,0,,4885,LB,4885,LB,4885,LB,4500000416,10,2017,1000000038,1,,,0,,,,,,,NA00,BI00,,NAIS1000,,,,,,,,,2017,,,US00,,0,,0,0,0,,0,2,,,,,,,,,B,V,,,0,,,,,0,0,0,,,,,0,,0,1,0,,,,,0,,,,0,0,0,,,770000,1,AU,,,0,0,,1,,0,0,,,,,,,ME02,WE06,,,0,0,,,,0,,,0,,,,1,0,,,,,,,,,0,,,,,,,,,F,,,0,,WE,2/20/17,2/20/17,4:05:01 PM,GBI-008,,ML81N,,0,,,,,,,12:00:00 AM,,,,,,,,,,,0,,,,,
375,5000000362,2017,1,1,0,0,0,101,,ZTESTHEXNT,DL00,RM00,,,,,,125129,,,0,0,,S,USD,80000.00,0,80000.00,,0,,5664,LB,5664,LB,5664,LB,4500000417,10,2017,1000000039,1,,,0,,,,,,,NA00,BI00,,NARD1000,,,,,,,,,2017,,,US00,,0,,0,0,0,,0,2,,,,,,,,,B,V,,,0,,,,,0,0,0,,,,,0,,0,1,0,,,,,0,,,,0,0,0,,,210000,1,AU,,,0,0,,1,,0,0,,,,,,,ME02,WE06,,,0,0,,,,0,,,0,,,,1,0,,,,,,,,,0,,,,,,,,,F,,,0,,WE,2/20/17,2/20/17,4:32:04 PM,GBI-038,,ML81N,,0,,,,,,,12:00:00 AM,,,,,,,,,,,0,,,,,
375,5000000363,2017,1,1,0,0,0,101,,ZTESTHEXNT,DL00,RM00,,,,,,125129,,,0,0,,S,USD,100000.00,0,100000.00,,0,,8512,LB,8512,LB,8512,LB,4500000424,10,2017,1000000042,1,,,0,,,,,,,NA00,BI00,,NAIS1000,,,,,,,,,2017,,,US00,,0,,0,0,0,,0,2,,,,,,,,,B,V,,,0,,,,,0,0,0,,,,,0,,0,1,0,,,,,0,,,,0,0,0,,,770000,1,AU,,,0,0,,1,,0,0,,,,,,,ME02,WE06,,,0,0,,,,0,,,0,,,,1,0,,,,,,,,,0,,,,,,,,,F,,,0,,WE,2/20/17,2/20/17,5:12:44 PM,GBI-038,,ML81N,,0,,,,,,,12:00:00 AM,,,,,,,,,,,0,,,,,
375,5000000364,2017,1,1,0,0,0,101,,ZTESTHEXNT,DL00,RM00,,,,,,125105,,,0,0,,S,USD,23000.00,0,23000.00,,0,,13239,LB,13239,LB,13239,LB,4500000425,10,2017,1000000044,1,,,0,,,,,,,NA00,BI00,,NAIS1000,,,,,,,,,2017,,,US00,,0,,0,0,0,,0,2,,,,,,,,,B,V,,,0,,,,,0,0,0,,,,,0,,0,1,0,,,,,0,,,,0,0,0,,,770000,1,AU,,,0,0,,1,,0,0,,,,,,,ME02,WE06,,,0,0,,,,0,,,0,,,,1,0,,,,,,,,,0,,,,,,,,,F,,,0,,WE,2/20/17,2/20/17,5:39:44 PM,GBI-012,,ML81N,,0,,,,,,,12:00:00 AM,,,,,,,,,,,0,,,,,
375,5000000365,2017,1,1,0,0,0,101,,ZTESTHEXNT,DL00,RM00,,,,,,125105,,,0,0,,S,USD,23000.00,0,23000.00,,0,,10580,LB,10580,LB,10580,LB,4500000426,10,2017,1000000045,1,,,0,,,,,,,NA00,BI00,,NAIS1000,,,,,,,,,2017,,,US00,,0,,0,0,0,,0,2,,,,,,,,,B,V,,,0,,,,,0,0,0,,,,,0,,0,1,0,,,,,0,,,,0,0,0,,,770000,1,AU,,,0,0,,1,,0,0,,,,,,,ME02,WE06,,,0,0,,,,0,,,0,,,,1,0,,,,,,,,,0,,,,,,,,,F,,,0,,WE,2/20/17,2/20/17,5:50:15 PM,GBI-012,,ML81N,,0,,,,,,,12:00:00 AM,,,,,,,,,,,0,,,,,
375,5000000366,2017,1,1,0,0,0,101,,ZTESTHEXNT,DL00,RM00,,,,,,125106,,,0,0,,S,USD,146250.00,0,146250.00,,0,,14991,LB,14991,LB,14991,LB,4500000452,10,2017,1000000046,1,,,0,,,,,,,NA00,BI00,,NAIS1000,,,,,,,,,2017,,,US00,,0,,0,0,0,,0,2,,,,,,,,,B,V,,,0,,,,,0,0,0,,,,,0,,0,1,0,,,,,0,,,,0,0,0,,,770000,1,AU,,,0,0,,1,,0,0,,,,,,,ME02,WE06,,,0,0,,,,0,,,0,,,,1,0,,,,,,,,,0,,,,,,,,,F,,,0,,WE,2/20/17,2/20/17,6:18:09 PM,GBI-008,,ML81N,,0,,,,,,,12:00:00 AM,,,,,,,,,,,0,,,,,
375,5000000367,2017,1,1,0,0,0,101,,ZTESTHEXNT,DL00,RM00,,,,,,125108,,,0,0,,S,USD,50000.00,0,50000.00,,0,,15738,LB,15738,LB,15738,LB,4500000453,10,2017,1000000047,1,,,0,,,,,,,NA00,BI00,,NAIS1000,,,,,,,,,2017,,,US00,,0,,0,0,0,,0,2,,,,,,,,,B,V,,,0,,,,,0,0,0,,,,,0,,0,1,0,,,,,0,,,,0,0,0,,,770000,1,AU,,,0,0,,1,,0,0,,,,,,,ME02,WE06,,,0,0,,,,0,,,0,,,,1,0,,,,,,,,,0,,,,,,,,,F,,,0,,WE,2/20/17,2/20/17,6:20:30 PM,GBI-034,,ML81N,,0,,,,,,,12:00:00 AM,,,,,,,,,,,0,,,,,
375,5000000368,2017,1,1,0,0,0,101,,BLUEPAINT,DL00,RM00,,,,,,125131,,,0,0,,S,USD,980.00,0,980.00,,0,,489,L,489,L,489,L,4500000427,10,,,0,,,0,,,,,,,NA00,,,,,,,,,,,,2017,,,US00,,0,,0,0,0,,0,2,,,,,,,,,B,,,,0,,,,,0,0,0,,,,,0,,0,0,0,,,,,0,,,,0,0,0,,,,98,L,,125131,0,0,,0,,0,0,,,,,BLUEPAINT,,ME01,WE01,X,X,0,0,S,,,0,,,0,,,,1,0,,,,,,,,,0,,,,,,,,,F,,,0,,WE,2/20/17,2/20/17,6:21:06 PM,GBI-045,,MIGO_GR,,0,,,,,,,12:00:00 AM,,,,,,,,,,,0,,,,,
375,5000000369,2017,1,1,0,0,0,101,,BLUEPAINT,DL00,RM00,,,,,,125135,,,0,0,,S,USD,1000.00,0,1000.00,,0,,595,L,595,L,595,L,4500000428,10,,,0,,,0,X,,,,,,NA00,,,,,,,,,,,,2017,,,US00,,0,,0,0,0,,0,2,,,,,,,,,B,,,,0,,,,,0,0,0,,,,,0,,0,0,0,,,,,0,,,,0,0,0,,,,100,L,,125135,0,0,,0,,0,0,,,,,BLUEPAINT,,ME01,WE01,X,X,98,980,S,,,0,,,0,,,,1,0,,,,,,,,,0,,,,,,,,,F,,,0,,WE,2/20/17,2/20/17,6:21:33 PM,GBI-054,,MIGO_GR,,0,,,,,,,12:00:00 AM,,,,,,,,,,,0,,,,,
375,5000000370,2017,1,1,0,0,0,101,,BLUEPAINT,DL00,RM00,,,,,,125132,,,0,0,,S,USD,970.00,0,970.00,,0,,531,L,531,L,531,L,4500000433,10,,,0,,,0,,,,,,,NA00,,,,,,,,,,,,2017,,,US00,,0,,0,0,0,,0,2,,,,,,,,,B,,,,0,,,,,0,0,0,,,,,0,,0,0,0,,,,,0,,,,0,0,0,,,,97,L,,125132,0,0,,0,,0,0,,,,,BLUEPAINT,,ME01,WE01,X,X,198,"1,980.00",S,,,0,,,0,,,,1,0,,,,,,,,,0,,,,,,,,,F,,,0,,WE,2/20/17,2/20/17,6:22:19 PM,GBI-053,,MIGO_GR,,0,,,,,,,12:00:00 AM,,,,,,,,,,,0,,,,,
375,5000000371,2017,1,1,0,0,0,101,,BLUEPAINT,DL00,RM00,,,,,,125135,,,0,0,,S,USD,1000.00,0,1000.00,,0,,628,L,628,L,628,L,4500000434,10,,,0,,,0,X,,,,,,NA00,,,,,,,,,,,,2017,,,US00,,0,,0,0,0,,0,2,,,,,,,,,B,,,,0,,,,,0,0,0,,,,,0,,0,0,0,,,,,0,,,,0,0,0,,,,100,L,,125135,0,0,,0,,0,0,,,,,BLUEPAINT,,ME01,WE01,X,X,295,"2,950.00",S,,,0,,,0,,,,1,0,,,,,,,,,0,,,,,,,,,F,,,0,,WE,2/20/17,2/20/17,6:24:28 PM,GBI-054,,MIGO_GR,,0,,,,,,,12:00:00 AM,,,,,,,,,,,0,,,,,
375,5000000372,2017,1,1,0,0,0,101,,BLUEPAINT,DL00,RM00,,,,,,125105,,,0,0,,S,USD,30000.00,0,30000.00,,0,,844,L,844,AU,844,L,4500000454,10,2017,1000000048,1,,,0,,,,,,,NA00,BI00,,NAIS1000,,,,,,,,,2017,,,US00,,0,,0,0,0,,0,2,,,,,,,,,B,V,,,0,,,,,0,0,0,,,,,0,,0,1,0,,,,,0,,,,0,0,0,,,770000,1,AU,,,0,0,,1,,0,0,,,,,,,ME02,WE06,,,0,0,,,,0,,,0,,,,1,0,,,,,,,,,0,,,,,,,,,F,,,0,,WE,2/20/17,2/20/17,6:26:05 PM,GBI-012,,ML81N,,0,,,,,,,12:00:00 AM,,,,,,,,,,,0,,,,,
375,5000000373,2017,1,1,0,0,0,101,,BLUEPAINT,DL00,RM00,,,,,,125106,,,0,0,,S,USD,191250.00,0,191250.00,,0,,914,L,914,AU,914,L,4500000455,10,2017,1000000049,1,,,0,,,,,,,NA00,BI00,,NAIS1000,,,,,,,,,2017,,,US00,,0,,0,0,0,,0,2,,,,,,,,,B,V,,,0,,,,,0,0,0,,,,,0,,0,1,0,,,,,0,,,,0,0,0,,,770000,1,AU,,,0,0,,1,,0,0,,,,,,,ME02,WE06,,,0,0,,,,0,,,0,,,,1,0,,,,,,,,,0,,,,,,,,,F,,,0,,WE,2/20/17,2/20/17,6:28:21 PM,GBI-008,,ML81N,,0,,,,,,,12:00:00 AM,,,,,,,,,,,0,,,,,
375,5000000374,2017,1,1,0,0,0,101,,BLUEPAINT,DL00,RM00,,,,,,125108,,,0,0,,S,USD,60000.00,0,60000.00,,0,,651,L,651,AU,651,L,4500000456,10,2017,1000000050,1,,,0,,,,,,,NA00,BI00,,NAIS1000,,,,,,,,,2017,,,US00,,0,,0,0,0,,0,2,,,,,,,,,B,V,,,0,,,,,0,0,0,,,,,0,,0,1,0,,,,,0,,,,0,0,0,,,770000,1,AU,,,0,0,,1,,0,0,,,,,,,ME02,WE06,,,0,0,,,,0,,,0,,,,1,0,,,,,,,,,0,,,,,,,,,F,,,0,,WE,2/20/17,2/20/17,6:30:55 PM,GBI-034,,ML81N,,0,,,,,,,12:00:00 AM,,,,,,,,,,,0,,,,,
375,5000000375,2017,1,1,0,0,0,101,,BLUEPAINT,DL00,RM00,,,,,,125106,,,0,0,,S,USD,71250.00,0,71250.00,,0,,1045,L,1045,AU,1045,L,4500000458,10,2017,1000000052,1,,,0,,,,,,,NA00,BI00,,NAIS1000,,,,,,,,,2017,,,US00,,0,,0,0,0,,0,2,,,,,,,,,B,V,,,0,,,,,0,0,0,,,,,0,,0,1,0,,,,,0,,,,0,0,0,,,770000,1,AU,,,0,0,,1,,0,0,,,,,,,ME02,WE06,,,0,0,,,,0,,,0,,,,1,0,,,,,,,,,0,,,,,,,,,F,,,0,,WE,2/20/17,2/20/17,6:36:18 PM,GBI-008,,ML81N,,0,,,,,,,12:00:00 AM,,,,,,,,,,,0,,,,,
375,5000000376,2017,1,1,0,0,0,101,,BLUEPAINT,DL00,RM00,,,,,,125108,,,0,0,,S,USD,40000.00,0,40000.00,,0,,448,L,448,AU,448,L,4500000459,10,2017,1000000053,1,,,0,,,,,,,NA00,BI00,,NAIS1000,,,,,,,,,2017,,,US00,,0,,0,0,0,,0,2,,,,,,,,,B,V,,,0,,,,,0,0,0,,,,,0,,0,1,0,,,,,0,,,,0,0,0,,,770000,1,AU,,,0,0,,1,,0,0,,,,,,,ME02,WE06,,,0,0,,,,0,,,0,,,,1,0,,,,,,,,,0,,,,,,,,,F,,,0,,WE,2/20/17,2/20/17,6:37:59 PM,GBI-034,,ML81N,,0,,,,,,,12:00:00 AM,,,,,,,,,,,0,,,,,
375,5000000377,2017,1,1,0,0,0,101,,BLUEPAINT,DL00,RM00,,,,,,125105,,,0,0,,S,USD,10000.00,0,10000.00,,0,,605,L,605,AU,605,L,4500000457,10,2017,1000000051,1,,,0,,,,,,,NA00,BI00,,NAIS1000,,,,,,,,,2017,,,US00,,0,,0,0,0,,0,2,,,,,,,,,B,V,,,0,,,,,0,0,0,,,,,0,,0,1,0,,,,,0,,,,0,0,0,,,770000,1,AU,,,0,0,,1,,0,0,,,,,,,ME02,WE06,,,0,0,,,,0,,,0,,,,1,0,,,,,,,,,0,,,,,,,,,F,,,0,,WE,2/20/17,2/20/17,6:43:06 PM,GBI-012,,ML81N,,0,,,,,,,12:00:00 AM,,,,,,,,,,,0,,,,,
375,5000000378,2017,1,1,0,0,0,101,,BLUEPAINT,DL00,RM00,,,,,,125106,,,0,0,,S,USD,56250.00,0,56250.00,,0,,307,L,307,AU,307,L,4500000460,10,2017,1000000055,1,,,0,,,,,,,NA00,BI00,,NAIS1000,,,,,,,,,2017,,,US00,,0,,0,0,0,,0,2,,,,,,,,,B,V,,,0,,,,,0,0,0,,,,,0,,0,1,0,,,,,0,,,,0,0,0,,,770000,1,AU,,,0,0,,1,,0,0,,,,,,,ME02,WE06,,,0,0,,,,0,,,0,,,,1,0,,,,,,,,,0,,,,,,,,,F,,,0,,WE,2/20/17,2/20/17,6:44:01 PM,GBI-008,,ML81N,,0,,,,,,,12:00:00 AM,,,,,,,,,,,0,,,,,
375,5000000379,2017,1,1,0,0,0,101,,BLUEPAINT,DL00,RM00,,,,,,125108,,,0,0,,S,USD,144000.00,0,144000.00,,0,,935,L,935,AU,935,L,4500000461,10,2017,1000000056,1,,,0,,,,,,,NA00,BI00,,NAIS1000,,,,,,,,,2017,,,US00,,0,,0,0,0,,0,2,,,,,,,,,B,V,,,0,,,,,0,0,0,,,,,0,,0,1,0,,,,,0,,,,0,0,0,,,770000,1,AU,,,0,0,,1,,0,0,,,,,,,ME02,WE06,,,0,0,,,,0,,,0,,,,1,0,,,,,,,,,0,,,,,,,,,F,,,0,,WE,2/20/17,2/20/17,6:44:58 PM,GBI-034,,ML81N,,0,,,,,,,12:00:00 AM,,,,,,,,,,,0,,,,,
375,5000000380,2017,1,1,0,0,0,101,,BLUEPAINT,DL00,RM00,,,,,,125106,,,0,0,,S,USD,60000.00,0,60000.00,,0,,336,L,336,AU,336,L,4500000462,10,2017,1000000058,1,,,0,,,,,,,NA00,BI00,,NAIS1000,,,,,,,,,2017,,,US00,,0,,0,0,0,,0,2,,,,,,,,,B,V,,,0,,,,,0,0,0,,,,,0,,0,1,0,,,,,0,,,,0,0,0,,,770000,1,AU,,,0,0,,1,,0,0,,,,,,,ME02,WE06,,,0,0,,,,0,,,0,,,,1,0,,,,,,,,,0,,,,,,,,,F,,,0,,WE,2/20/17,2/20/17,6:48:27 PM,GBI-008,,ML81N,,0,,,,,,,12:00:00 AM,,,,,,,,,,,0,,,,,
375,5000000381,2017,1,1,0,0,0,101,,BLUEPAINT,DL00,RM00,,,,,,125108,,,0,0,,S,USD,96000.00,0,96000.00,,0,,97,L,97,AU,97,L,4500000463,10,2017,1000000059,1,,,0,,,,,,,NA00,BI00,,NAIS1000,,,,,,,,,2017,,,US00,,0,,0,0,0,,0,2,,,,,,,,,B,V,,,0,,,,,0,0,0,,,,,0,,0,1,0,,,,,0,,,,0,0,0,,,770000,1,AU,,,0,0,,1,,0,0,,,,,,,ME02,WE06,,,0,0,,,,0,,,0,,,,1,0,,,,,,,,,0,,,,,,,,,F,,,0,,WE,2/20/17,2/20/17,6:52:03 PM,GBI-034,,ML81N,,0,,,,,,,12:00:00 AM,,,,,,,,,,,0,,,,,
375,5000000382,2017,1,3,0,0,0,101,,BLUEPAINT,DL00,RM00,,,,,,125136,,,0,0,,S,USD,1040.00,0,1040.00,,0,,587,L,587,L,587,L,4500000451,10,,,0,,,0,X,,,,,,NA00,,,,,,,,,,,,2017,,,US00,,0,,0,0,0,,0,2,,,,,,,,,B,,,,0,,,,,0,0,0,,,,,0,,0,0,0,,,,,0,,,,0,0,0,,,,104,L,,125136,0,0,,0,,0,0,,,,,BLUEPAINT,,ME01,WE01,X,X,395,"3,950.00",S,,,0,,,0,,,,1,0,,,,,,,,,0,,,,,,,,,F,,,0,,WE,2/20/17,2/20/17,6:54:04 PM,GBI-009,,MIGO_GR,,0,,,,,,,12:00:00 AM,,,,,,,,,,,0,,,,,
375,5000000383,2017,1,1,0,0,0,101,,BLUEPAINT,DL00,RM00,,,,,,125133,,,0,0,,S,USD,1010.00,0,1010.00,,0,,70,L,70,L,70,L,4500000430,10,,,0,,,0,X,,,,,,NA00,,,,,,,,,,,,2017,,,US00,,0,,0,0,0,,0,2,,,,,,,,,B,,,,0,,,,,0,0,0,,,,,0,,0,0,0,,,,,0,,,,0,0,0,,,,101,L,,125133,0,0,,0,,0,0,,,,,BLUEPAINT,,ME01,WE01,X,X,499,"4,990.00",S,,,0,,,0,,,,1,0,,,,,,,,,0,,,,,,,,,F,,,0,,WE,2/20/17,2/20/17,6:54:30 PM,GBI-044,,MIGO_GR,,0,,,,,,,12:00:00 AM,,,,,,,,,,,0,,,,,
375,5000000384,2017,1,1,0,0,0,101,,BLUEPAINT,DL00,RM00,,,,,,125136,,,0,0,,S,USD,980.00,0,980.00,,0,,41,L,41,L,41,L,4500000450,10,,,0,,,0,X,,,,,,NA00,,,,,,,,,,,,2017,,,US00,,0,,0,0,0,,0,2,,,,,,,,,B,,,,0,,,,,0,0,0,,,,,0,,0,0,0,,,,,0,,,,0,0,0,,,,98,L,,125136,0,0,,0,,0,0,,,,,BLUEPAINT,,ME01,WE01,X,X,600,"6,000.00",S,,,0,,,0,,,,1,0,,,,,,,,,0,,,,,,,,,F,,,0,,WE,2/20/17,2/20/17,6:55:16 PM,GBI-009,,MIGO_GR,,0,,,,,,,12:00:00 AM,,,,,,,,,,,0,,,,,
375,5000000385,2017,1,1,0,0,0,101,,BLUEPAINT,DL00,RM00,,,,,,125132,,,0,0,,S,USD,980.00,0,980.00,,0,,892,L,892,L,892,L,4500000448,10,,,0,,,0,X,,,,,,NA00,,,,,,,,,,,,2017,,,US00,,0,,0,0,0,,0,2,,,,,,,,,B,,,,0,,,,,0,0,0,,,,,0,,0,0,0,,,,,0,,,,0,0,0,,,,98,L,,125132,0,0,,0,,0,0,,,,,BLUEPAINT,,ME01,WE01,X,X,698,"6,980.00",S,,,0,,,0,,,,1,0,,,,,,,,,0,,,,,,,,,F,,,0,,WE,2/20/17,2/20/17,6:55:46 PM,GBI-053,,MIGO_GR,,0,,,,,,,12:00:00 AM,,,,,,,,,,,0,,,,,
375,5000000386,2017,1,1,0,0,0,101,,BLUEPAINT,DL00,RM00,,,,,,125136,,,0,0,,S,USD,990.00,0,990.00,,0,,678,L,678,L,678,L,4500000449,10,,,0,,,0,X,,,,,,NA00,,,,,,,,,,,,2017,,,US00,,0,,0,0,0,,0,2,,,,,,,,,B,,,,0,,,,,0,0,0,,,,,0,,0,0,0,,,,,0,,,,0,0,0,,,,99,L,,125136,0,0,,0,,0,0,,,,,BLUEPAINT,,ME01,WE01,X,X,796,"7,960.00",S,,,0,,,0,,,,1,0,,,,,,,,,0,,,,,,,,,F,,,0,,WE,2/20/17,2/20/17,6:55:52 PM,GBI-009,,MIGO_GR,,0,,,,,,,12:00:00 AM,,,,,,,,,,,0,,,,,
375,5000000387,2017,1,1,0,0,0,101,,BLUEPAINT,DL00,RM00,,,,,,125133,,,0,0,,S,USD,1000.00,0,1000.00,,0,,223,L,223,L,223,L,4500000435,10,,,0,,,0,X,,,,,,NA00,,,,,,,,,,,,2017,,,US00,,0,,0,0,0,,0,2,,,,,,,,,B,,,,0,,,,,0,0,0,,,,,0,,0,0,0,,,,,0,,,,0,0,0,,,,100,L,,125133,0,0,,0,,0,0,,,,,BLUEPAINT,,ME01,WE01,X,X,895,"8,950.00",S,,,0,,,0,,,,1,0,,,,,,,,,0,,,,,,,,,F,,,0,,WE,2/20/17,2/20/17,6:56:09 PM,GBI-044,,MIGO_GR,,0,,,,,,,12:00:00 AM,,,,,,,,,,,0,,,,,
375,5000000388,2017,1,1,0,0,0,101,,BLUEPAINT,DL00,RM00,,,,,,125132,,,0,0,,S,USD,950.00,0,950.00,,0,,1039,L,1039,L,1039,L,4500000445,10,,,0,,,0,X,,,,,,NA00,,,,,,,,,,,,2017,,,US00,,0,,0,0,0,,0,2,,,,,,,,,B,,,,0,,,,,0,0,0,,,,,0,,0,0,0,,,,,0,,,,0,0,0,,,,95,L,,125132,0,0,,0,,0,0,,,,,BLUEPAINT,,ME01,WE01,X,X,995,"9,950.00",S,,,0,,,0,,,,1,0,,,,,,,,,0,,,,,,,,,F,,,0,,WE,2/20/17,2/20/17,6:56:29 PM,GBI-053,,MIGO_GR,,0,,,,,,,12:00:00 AM,,,,,,,,,,,0,,,,,
375,5000000389,2017,1,1,0,0,0,101,,BLUEPAINT,DL00,RM00,,,,,,125136,,,0,0,,S,USD,1010.00,0,1010.00,,0,,792,L,792,L,792,L,4500000438,10,,,0,,,0,X,,,,,,NA00,,,,,,,,,,,,2017,,,US00,,0,,0,0,0,,0,2,,,,,,,,,B,,,,0,,,,,0,0,0,,,,,0,,0,0,0,,,,,0,,,,0,0,0,,,,101,L,,125136,0,0,,0,,0,0,,,,,BLUEPAINT,,ME01,WE01,X,X,"1,090","10,900.00",S,,,0,,,0,,,,1,0,,,,,,,,,0,,,,,,,,,F,,,0,,WE,2/20/17,2/20/17,6:56:38 PM,GBI-009,,MIGO_GR,,0,,,,,,,12:00:00 AM,,,,,,,,,,,0,,,,,
375,5000000390,2017,1,1,0,0,0,101,,BLUEPAINT,DL00,RM00,,,,,,125135,,,0,0,,S,USD,1040.00,0,1040.00,,0,,154,L,154,L,154,L,4500000437,10,,,0,,,0,X,,,,,,NA00,,,,,,,,,,,,2017,,,US00,,0,,0,0,0,,0,2,,,,,,,,,B,,,,0,,,,,0,0,0,,,,,0,,0,0,0,,,,,0,,,,0,0,0,,,,104,L,,125135,0,0,,0,,0,0,,,,,BLUEPAINT,,ME01,WE01,X,X,"1,191","11,910.00",S,,,0,,,0,,,,1,0,,,,,,,,,0,,,,,,,,,F,,,0,,WE,2/20/17,2/20/17,6:57:04 PM,GBI-054,,MIGO_GR,,0,,,,,,,12:00:00 AM,,,,,,,,,,,0,,,,,
375,5000000391,2017,1,1,0,0,0,101,,BLUEPAINT,DL00,RM00,,,,,,125132,,,0,0,,S,USD,990.00,0,990.00,,0,,893,L,893,L,893,L,4500000442,10,,,0,,,0,X,,,,,,NA00,,,,,,,,,,,,2017,,,US00,,0,,0,0,0,,0,2,,,,,,,,,B,,,,0,,,,,0,0,0,,,,,0,,0,0,0,,,,,0,,,,0,0,0,,,,99,L,,125132,0,0,,0,,0,0,,,,,BLUEPAINT,,ME01,WE01,X,X,"1,295","12,950.00",S,,,0,,,0,,,,1,0,,,,,,,,,0,,,,,,,,,F,,,0,,WE,2/20/17,2/20/17,6:57:04 PM,GBI-053,,MIGO_GR,,0,,,,,,,12:00:00 AM,,,,,,,,,,,0,,,,,
375,5000000392,2017,1,1,0,0,0,101,,BLUEPAINT,DL00,RM00,,,,,,125133,,,0,0,,S,USD,990.00,0,990.00,,0,,510,L,510,L,510,L,4500000439,10,,,0,,,0,X,,,,,,NA00,,,,,,,,,,,,2017,,,US00,,0,,0,0,0,,0,2,,,,,,,,,B,,,,0,,,,,0,0,0,,,,,0,,0,0,0,,,,,0,,,,0,0,0,,,,99,L,,125133,0,0,,0,,0,0,,,,,BLUEPAINT,,ME01,WE01,X,X,"1,394","13,940.00",S,,,0,,,0,,,,1,0,,,,,,,,,0,,,,,,,,,F,,,0,,WE,2/20/17,2/20/17,6:57:07 PM,GBI-044,,MIGO_GR,,0,,,,,,,12:00:00 AM,,,,,,,,,,,0,,,,,
375,5000000393,2017,1,1,0,0,0,101,,BLUEPAINT,DL00,RM00,,,,,,125136,,,0,0,,S,USD,980.00,0,980.00,,0,,1005,L,1005,L,1005,L,4500000431,10,,,0,,,0,X,,,,,,NA00,,,,,,,,,,,,2017,,,US00,,0,,0,0,0,,0,2,,,,,,,,,B,,,,0,,,,,0,0,0,,,,,0,,0,0,0,,,,,0,,,,0,0,0,,,,98,L,,125136,0,0,,0,,0,0,,,,,BLUEPAINT,,ME01,WE01,X,X,"1,493","14,930.00",S,,,0,,,0,,,,1,0,,,,,,,,,0,,,,,,,,,F,,,0,,WE,2/20/17,2/20/17,6:57:34 PM,GBI-009,,MIGO_GR,,0,,,,,,,12:00:00 AM,,,,,,,,,,,0,,,,,
375,5000000394,2017,1,1,0,0,0,101,,BLUEPAINT,DL00,RM00,,,,,,125132,,,0,0,,S,USD,960.00,0,960.00,,0,,679,L,679,L,679,L,4500000429,10,,,0,,,0,X,,,,,,NA00,,,,,,,,,,,,2017,,,US00,,0,,0,0,0,,0,2,,,,,,,,,B,,,,0,,,,,0,0,0,,,,,0,,0,0,0,,,,,0,,,,0,0,0,,,,96,L,,125132,0,0,,0,,0,0,,,,,BLUEPAINT,,ME01,WE01,X,X,"1,591","15,910.00",S,,,0,,,0,,,,1,0,,,,,,,,,0,,,,,,,,,F,,,0,,WE,2/20/17,2/20/17,6:57:51 PM,GBI-053,,MIGO_GR,,0,,,,,,,12:00:00 AM,,,,,,,,,,,0,,,,,
375,5000000395,2017,1,1,0,0,0,101,,BLUEPAINT,DL00,RM00,,,,,,125133,,,0,0,,S,USD,1020.00,0,1020.00,,0,,633,L,633,L,633,L,4500000446,10,,,0,,,0,X,,,,,,NA00,,,,,,,,,,,,2017,,,US00,,0,,0,0,0,,0,2,,,,,,,,,B,,,,0,,,,,0,0,0,,,,,0,,0,0,0,,,,,0,,,,0,0,0,,,,102,L,,125133,0,0,,0,,0,0,,,,,BLUEPAINT,,ME01,WE01,X,X,"1,687","16,870.00",S,,,0,,,0,,,,1,0,,,,,,,,,0,,,,,,,,,F,,,0,,WE,2/20/17,2/20/17,6:58:25 PM,GBI-044,,MIGO_GR,,0,,,,,,,12:00:00 AM,,,,,,,,,,,0,,,,,
375,5000000396,2017,1,1,0,0,0,101,,BLUEPAINT,DL00,RM00,,,,,,125135,,,0,0,,S,USD,970.00,0,970.00,,0,,566,L,566,L,566,L,4500000441,10,,,0,,,0,X,,,,,,NA00,,,,,,,,,,,,2017,,,US00,,0,,0,0,0,,0,2,,,,,,,,,B,,,,0,,,,,0,0,0,,,,,0,,0,0,0,,,,,0,,,,0,0,0,,,,97,L,,125135,0,0,,0,,0,0,,,,,BLUEPAINT,,ME01,WE01,X,X,"1,789","17,890.00",S,,,0,,,0,,,,1,0,,,,,,,,,0,,,,,,,,,F,,,0,,WE,2/20/17,2/20/17,6:58:29 PM,GBI-054,,MIGO_GR,,0,,,,,,,12:00:00 AM,,,,,,,,,,,0,,,,,
375,5000000397,2017,1,1,0,0,0,101,,BLUEPAINT,DL00,RM00,,,,,,125135,,,0,0,,S,USD,990.00,0,990.00,,0,,38,L,38,L,38,L,4500000444,10,,,0,,,0,X,,,,,,NA00,,,,,,,,,,,,2017,,,US00,,0,,0,0,0,,0,2,,,,,,,,,B,,,,0,,,,,0,0,0,,,,,0,,0,0,0,,,,,0,,,,0,0,0,,,,99,L,,125135,0,0,,0,,0,0,,,,,BLUEPAINT,,ME01,WE01,X,X,"1,886","18,860.00",S,,,0,,,0,,,,1,0,,,,,,,,,0,,,,,,,,,F,,,0,,WE,2/20/17,2/20/17,6:59:25 PM,GBI-054,,MIGO_GR,,0,,,,,,,12:00:00 AM,,,,,,,,,,,0,,,,,
375,5000000398,2017,1,1,0,0,0,101,,BLUEPAINT,DL00,RM00,,,,,,125133,,,0,0,,S,USD,980.00,0,980.00,,0,,698,L,698,L,698,L,4500000447,10,,,0,,,0,X,,,,,,NA00,,,,,,,,,,,,2017,,,US00,,0,,0,0,0,,0,2,,,,,,,,,B,,,,0,,,,,0,0,0,,,,,0,,0,0,0,,,,,0,,,,0,0,0,,,,98,L,,125133,0,0,,0,,0,0,,,,,BLUEPAINT,,ME01,WE01,X,X,"1,985","19,850.00",S,,,0,,,0,,,,1,0,,,,,,,,,0,,,,,,,,,F,,,0,,WE,2/20/17,2/20/17,6:59:42 PM,GBI-044,,MIGO_GR,,0,,,,,,,12:00:00 AM,,,,,,,,,,,0,,,,,
375,5000000399,2017,1,1,0,0,0,101,,BLUEPAINT,DL00,RM00,,,,,,125105,,,0,0,,S,USD,62500.00,0,62500.00,,0,,43,L,43,L,43,L,4500000464,10,2017,1000000060,1,,,0,,,,,,,NA00,BI00,,NAIS1000,,,,,,,,,2017,,,US00,,0,,0,0,0,,0,2,,,,,,,,,B,V,,,0,,,,,0,0,0,,,,,0,,0,1,0,,,,,0,,,,0,0,0,,,770000,1,AU,,,0,0,,1,,0,0,,,,,,,ME02,WE06,,,0,0,,,,0,,,0,,,,1,0,,,,,,,,,0,,,,,,,,,F,,,0,,WE,2/20/17,2/20/17,7:37:42 PM,GBI-034,,ML81N,,0,,,,,,,12:00:00 AM,,,,,,,,,,,0,,,,,
375,5000000400,2017,1,1,0,0,0,101,,BLUEPAINT,DL00,RM00,,,,,,125107,,,0,0,,S,USD,111000.00,0,111000.00,,0,,498,L,498,L,498,L,4500000465,10,2017,1000000062,1,,,0,,,,,,,NA00,BI00,,NAIS1000,,,,,,,,,2017,,,US00,,0,,0,0,0,,0,2,,,,,,,,,B,V,,,0,,,,,0,0,0,,,,,0,,0,1,0,,,,,0,,,,0,0,0,,,770000,1,AU,,,0,0,,1,,0,0,,,,,,,ME02,WE06,,,0,0,,,,0,,,0,,,,1,0,,,,,,,,,0,,,,,,,,,F,,,0,,WE,2/20/17,2/20/17,7:54:29 PM,GBI-049,,ML81N,,0,,,,,,,12:00:00 AM,,,,,,,,,,,0,,,,,
375,5000000401,2017,1,1,0,0,0,101,,BLUEPAINT,DL00,RM00,,,,,,125107,,,0,0,,S,USD,74750.00,0,74750.00,,0,,939,L,939,L,939,L,4500000466,10,2017,1000000061,1,,,0,,,,,,,NA00,BI00,,NAIS1000,,,,,,,,,2017,,,US00,,0,,0,0,0,,0,2,,,,,,,,,B,V,,,0,,,,,0,0,0,,,,,0,,0,1,0,,,,,0,,,,0,0,0,,,770000,1,AU,,,0,0,,1,,0,0,,,,,,,ME02,WE06,,,0,0,,,,0,,,0,,,,1,0,,,,,,,,,0,,,,,,,,,F,,,0,,WE,2/20/17,2/20/17,7:55:08 PM,GBI-034,,ML81N,,0,,,,,,,12:00:00 AM,,,,,,,,,,,0,,,,,
375,5000000402,2017,1,1,0,0,0,101,,BLUEPAINT,DL00,RM00,,,,,,125107,,,0,0,,S,USD,48000.00,0,48000.00,,0,,685,L,685,L,685,L,4500000468,10,2017,1000000063,1,,,0,,,,,,,NA00,BI00,,NAIS1000,,,,,,,,,2017,,,US00,,0,,0,0,0,,0,2,,,,,,,,,B,V,,,0,,,,,0,0,0,,,,,0,,0,1,0,,,,,0,,,,0,0,0,,,770000,1,AU,,,0,0,,1,,0,0,,,,,,,ME02,WE06,,,0,0,,,,0,,,0,,,,1,0,,,,,,,,,0,,,,,,,,,F,,,0,,WE,2/20/17,2/20/17,8:22:37 PM,GBI-049,,ML81N,,0,,,,,,,12:00:00 AM,,,,,,,,,,,0,,,,,
375,5000000403,2017,1,1,0,0,0,101,,BLUEPAINT,DL00,RM00,,,,,,125107,,,0,0,,S,USD,66000.00,0,66000.00,,0,,259,L,259,L,259,L,4500000475,10,2017,1000000064,1,,,0,,,,,,,NA00,BI00,,NAIS1000,,,,,,,,,2017,,,US00,,0,,0,0,0,,0,2,,,,,,,,,B,V,,,0,,,,,0,0,0,,,,,0,,0,1,0,,,,,0,,,,0,0,0,,,770000,1,AU,,,0,0,,1,,0,0,,,,,,,ME02,WE06,,,0,0,,,,0,,,0,,,,1,0,,,,,,,,,0,,,,,,,,,F,,,0,,WE,2/20/17,2/20/17,8:33:50 PM,GBI-049,,ML81N,,0,,,,,,,12:00:00 AM,,,,,,,,,,,0,,,,,
375,5000000404,2017,1,1,0,0,0,101,,BLUEPAINT,DL00,RM00,,,,,,125107,,,0,0,,S,USD,87750.00,0,87750.00,,0,,760,L,760,L,760,L,4500000482,10,2017,1000000065,1,,,0,,,,,,,NA00,BI00,,NAIS1000,,,,,,,,,2017,,,US00,,0,,0,0,0,,0,2,,,,,,,,,B,V,,,0,,,,,0,0,0,,,,,0,,0,1,0,,,,,0,,,,0,0,0,,,770000,1,AU,,,0,0,,1,,0,0,,,,,,,ME02,WE06,,,0,0,,,,0,,,0,,,,1,0,,,,,,,,,0,,,,,,,,,F,,,0,,WE,2/20/17,2/20/17,8:46:38 PM,GBI-049,,ML81N,,0,,,,,,,12:00:00 AM,,,,,,,,,,,0,,,,,
375,5000000405,2017,1,1,0,0,0,101,,AAA LUBE,DL00,RM00,,,,,,125021,,,0,0,,S,USD,75000.00,0,75000.00,,0,,19,DR,19,DR,19,DR,4500000484,10,,,0,,,0,X,,,,,,NA00,,,,,,,,,,,,2017,,,US00,,0,,0,0,0,,0,2,,,,,,,,,B,,,,0,,,,,0,0,0,,,,,0,,0,0,0,,,,,0,,,,0,0,0,,,,5,DR,,125021,0,0,,0,,0,0,,,,,AAA LUBE,,ME01,WE01,X,X,0,0,S,,,0,,,0,,,,1,0,,,,,,,,,0,,,,,,,,,F,,,0,,WE,2/20/17,2/20/17,10:42:51 PM,GBI-041,,MIGO_GR,,0,,,,,,,12:00:00 AM,,,,,,,,,,,0,,,,,
375,5000000406,2017,1,1,0,0,0,101,,AAA LUBE,DL00,RM00,,,,,,125021,,,0,0,,S,USD,45000.00,0,45000.00,,0,,8,DR,8,DR,8,DR,4500000483,10,,,0,,,0,X,,,,,,NA00,,,,,,,,,,,,2017,,,US00,,0,,0,0,0,,0,2,,,,,,,,,B,,,,0,,,,,0,0,0,,,,,0,,0,0,0,,,,,0,,,,0,0,0,,,,3,DR,,125021,0,0,,0,,0,0,,,,,AAA LUBE,,ME01,WE01,X,X,5,"75,000.00",S,,,0,,,0,,,,1,0,,,,,,,,,0,,,,,,,,,F,,,0,,WE,2/20/17,2/20/17,10:43:23 PM,GBI-047,,MIGO_GR,,0,,,,,,,12:00:00 AM,,,,,,,,,,,0,,,,,
375,5000000407,2017,1,1,0,0,0,101,,AAA LUBE,DL00,RM00,,,,,,125021,,,0,0,,S,USD,90000.00,0,90000.00,,0,,14,DR,14,DR,14,DR,4500000467,10,,,0,,,0,X,,,,,,NA00,,,,,,,,,,,,2017,,,US00,,0,,0,0,0,,0,2,,,,,,,,,B,,,,0,,,,,0,0,0,,,,,0,,0,0,0,,,,,0,,,,0,0,0,,,,6,DR,,125021,0,0,,0,,0,0,,,,,AAA LUBE,,ME01,WE01,X,X,8,"120,000.00",S,,,0,,,0,,,,1,0,,,,,,,,,0,,,,,,,,,2,,,0,,WE,2/20/17,2/20/17,10:43:25 PM,GBI-052,,MIGO_GR,,0,,,,,,,12:00:00 AM,,,,,,,,,,,0,,,,,
375,5000000408,2017,1,1,0,0,0,101,,AAA LUBE,DL00,RM00,,,,,,125021,,,0,0,,S,USD,90000.00,0,90000.00,,0,,13,DR,13,DR,13,DR,4500000485,10,,,0,,,0,X,,,,,,NA00,,,,,,,,,,,,2017,,,US00,,0,,0,0,0,,0,2,,,,,,,,,B,,,,0,,,,,0,0,0,,,,,0,,0,0,0,,,,,0,,,,0,0,0,,,,6,DR,,125021,0,0,,0,,0,0,,,,,AAA LUBE,,ME01,WE01,X,X,14,"210,000.00",S,,,0,,,0,,,,1,0,,,,,,,,,0,,,,,,,,,F,,,0,,WE,2/20/17,2/20/17,10:43:52 PM,GBI-047,,MIGO_GR,,0,,,,,,,12:00:00 AM,,,,,,,,,,,0,,,,,
375,5000000409,2017,1,1,0,0,0,101,,AAA LUBE,DL00,RM00,,,,,,125021,,,0,0,,S,USD,105000.00,0,105000.00,,0,,23,DR,23,DR,23,DR,4500000486,10,,,0,,,0,X,,,,,,NA00,,,,,,,,,,,,2017,,,US00,,0,,0,0,0,,0,2,,,,,,,,,B,,,,0,,,,,0,0,0,,,,,0,,0,0,0,,,,,0,,,,0,0,0,,,,7,DR,,125021,0,0,,0,,0,0,,,,,AAA LUBE,,ME01,WE01,X,X,20,"300,000.00",S,,,0,,,0,,,,1,0,,,,,,,,,0,,,,,,,,,F,,,0,,WE,2/20/17,2/20/17,10:44:29 PM,GBI-047,,MIGO_GR,,0,,,,,,,12:00:00 AM,,,,,,,,,,,0,,,,,
375,5000000410,2017,1,1,0,0,0,101,,AAA LUBE,DL00,RM00,,,,,,125021,,,0,0,,S,USD,30000.00,0,30000.00,,0,,9,DR,9,DR,9,DR,4500000487,10,,,0,,,0,X,,,,,,NA00,,,,,,,,,,,,2017,,,US00,,0,,0,0,0,,0,2,,,,,,,,,B,,,,0,,,,,0,0,0,,,,,0,,0,0,0,,,,,0,,,,0,0,0,,,,2,DR,,125021,0,0,,0,,0,0,,,,,AAA LUBE,,ME01,WE01,X,X,27,"405,000.00",S,,,0,,,0,,,,1,0,,,,,,,,,0,,,,,,,,,F,,,0,,WE,2/20/17,2/20/17,10:45:16 PM,GBI-047,,MIGO_GR,,0,,,,,,,12:00:00 AM,,,,,,,,,,,0,,,,,
375,5000000411,2017,1,1,0,0,0,101,,AAA LUBE,DL00,RM00,,,,,,125021,,,0,0,,S,USD,75000.00,0,75000.00,,0,,20,DR,20,DR,20,DR,4500000470,10,,,0,,,0,X,,,,,,NA00,,,,,,,,,,,,2017,,,US00,,0,,0,0,0,,0,2,,,,,,,,,B,,,,0,,,,,0,0,0,,,,,0,,0,0,0,,,,,0,,,,0,0,0,,,,5,DR,,125021,0,0,,0,,0,0,,,,,AAA LUBE,,ME01,WE01,X,X,29,"435,000.00",S,,,0,,,0,,,,1,0,,,,,,,,,0,,,,,,,,,2,,,0,,WE,2/20/17,2/20/17,10:45:26 PM,GBI-052,,MIGO_GR,,0,,,,,,,12:00:00 AM,,,,,,,,,,,0,,,,,
375,5000000412,2017,1,1,0,0,0,101,,AAA LUBE,DL00,RM00,,,,,,125021,,,0,0,,S,USD,15000.00,0,15000.00,,0,,25,DR,25,DR,25,DR,4500000488,10,,,0,,,0,X,,,,,,NA00,,,,,,,,,,,,2017,,,US00,,0,,0,0,0,,0,2,,,,,,,,,B,,,,0,,,,,0,0,0,,,,,0,,0,0,0,,,,,0,,,,0,0,0,,,,1,DR,,125021,0,0,,0,,0,0,,,,,AAA LUBE,,ME01,WE01,X,X,34,"510,000.00",S,,,0,,,0,,,,1,0,,,,,,,,,0,,,,,,,,,F,,,0,,WE,2/20/17,2/20/17,10:46:06 PM,GBI-047,,MIGO_GR,,0,,,,,,,12:00:00 AM,,,,,,,,,,,0,,,,,
375,5000000413,2017,1,1,0,0,0,101,,AAA LUBE,DL00,RM00,,,,,,125021,,,0,0,,S,USD,120000.00,0,120000.00,,0,,7,DR,7,DR,7,DR,4500000473,10,,,0,,,0,X,,,,,,NA00,,,,,,,,,,,,2017,,,US00,,0,,0,0,0,,0,2,,,,,,,,,B,,,,0,,,,,0,0,0,,,,,0,,0,0,0,,,,,0,,,,0,0,0,,,,8,DR,,125021,0,0,,0,,0,0,,,,,AAA LUBE,,ME01,WE01,X,X,35,"525,000.00",S,,,0,,,0,,,,1,0,,,,,,,,,0,,,,,,,,,2,,,0,,WE,2/20/17,2/20/17,10:46:19 PM,GBI-052,,MIGO_GR,,0,,,,,,,12:00:00 AM,,,,,,,,,,,0,,,,,
375,5000000414,2017,1,1,0,0,0,101,,AAA LUBE,DL00,RM00,,,,,,125021,,,0,0,,S,USD,90000.00,0,90000.00,,0,,13,DR,13,DR,13,DR,4500000469,10,,,0,,,0,X,,,,,,NA00,,,,,,,,,,,,2017,,,US00,,0,,0,0,0,,0,2,,,,,,,,,B,,,,0,,,,,0,0,0,,,,,0,,0,0,0,,,,,0,,,,0,0,0,,,,6,DR,,125021,0,0,,0,,0,0,,,,,AAA LUBE,,ME01,WE01,X,X,43,"645,000.00",S,,,0,,,0,,,,1,0,,,,,,,,,0,,,,,,,,,F,,,0,,WE,2/20/17,2/20/17,10:46:48 PM,GBI-056,,MIGO_GR,,0,,,,,,,12:00:00 AM,,,,,,,,,,,0,,,,,
375,5000000415,2017,1,1,0,0,0,101,,AAA LUBE,DL00,RM00,,,,,,125021,,,0,0,,S,USD,45000.00,0,45000.00,,0,,9,DR,9,DR,9,DR,4500000476,10,,,0,,,0,X,,,,,,NA00,,,,,,,,,,,,2017,,,US00,,0,,0,0,0,,0,2,,,,,,,,,B,,,,0,,,,,0,0,0,,,,,0,,0,0,0,,,,,0,,,,0,0,0,,,,3,DR,,125021,0,0,,0,,0,0,,,,,AAA LUBE,,ME01,WE01,X,X,49,"735,000.00",S,,,0,,,0,,,,1,0,,,,,,,,,0,,,,,,,,,2,,,0,,WE,2/20/17,2/20/17,10:46:52 PM,GBI-052,,MIGO_GR,,0,,,,,,,12:00:00 AM,,,,,,,,,,,0,,,,,
375,5000000416,2017,1,1,0,0,0,101,,AAA LUBE,DL00,RM00,,,,,,125021,,,0,0,,S,USD,75000.00,0,75000.00,,0,,17,DR,17,DR,17,DR,4500000479,10,,,0,,,0,X,,,,,,NA00,,,,,,,,,,,,2017,,,US00,,0,,0,0,0,,0,2,,,,,,,,,B,,,,0,,,,,0,0,0,,,,,0,,0,0,0,,,,,0,,,,0,0,0,,,,5,DR,,125021,0,0,,0,,0,0,,,,,AAA LUBE,,ME01,WE01,X,X,52,"780,000.00",S,,,0,,,0,,,,1,0,,,,,,,,,0,,,,,,,,,2,,,0,,WE,2/20/17,2/20/17,10:47:28 PM,GBI-052,,MIGO_GR,,0,,,,,,,12:00:00 AM,,,,,,,,,,,0,,,,,
375,5000000417,2017,1,1,0,0,0,101,,AAA LUBE,DL00,RM00,,,,,,125021,,,0,0,,S,USD,135000.00,0,135000.00,,0,,25,DR,25,DR,25,DR,4500000471,10,,,0,,,0,X,,,,,,NA00,,,,,,,,,,,,2017,,,US00,,0,,0,0,0,,0,2,,,,,,,,,B,,,,0,,,,,0,0,0,,,,,0,,0,0,0,,,,,0,,,,0,0,0,,,,9,DR,,125021,0,0,,0,,0,0,,,,,AAA LUBE,,ME01,WE01,X,X,57,"855,000.00",S,,,0,,,0,,,,1,0,,,,,,,,,0,,,,,,,,,F,,,0,,WE,2/20/17,2/20/17,10:47:58 PM,GBI-056,,MIGO_GR,,0,,,,,,,12:00:00 AM,,,,,,,,,,,0,,,,,
375,5000000418,2017,1,1,0,0,0,101,,AAA LUBE,DL00,RM00,,,,,,125021,,,0,0,,S,USD,75000.00,0,75000.00,,0,,15,DR,15,DR,15,DR,4500000418,10,,,0,,,0,X,,,,,,NA00,,,,,,,,,,,,2017,,,US00,,0,,0,0,0,,0,2,,,,,,,,,B,,,,0,,,,,0,0,0,,,,,0,,0,0,0,,,,,0,,,,0,0,0,,,,5,DR,,125021,0,0,,0,,0,0,,,,,AAA LUBE,,ME01,WE01,X,X,66,"990,000.00",S,,,0,,,0,,,,1,0,,,,,,,,,0,,,,,,,,,F,,,0,,WE,2/20/17,2/20/17,10:47:59 PM,GBI-047,,MIGO_GR,,0,,,,,,,12:00:00 AM,,,,,,,,,,,0,,,,,
375,5000000419,2017,1,1,0,0,0,101,,AAA LUBE,DL00,RM00,,,,,,125021,,,0,0,,S,USD,60000.00,0,60000.00,,0,,20,DR,20,DR,20,DR,4500000422,10,,,0,,,0,X,,,,,,NA00,,,,,,,,,,,,2017,,,US00,,0,,0,0,0,,0,2,,,,,,,,,B,,,,0,,,,,0,0,0,,,,,0,,0,0,0,,,,,0,,,,0,0,0,,,,4,DR,,125021,0,0,,0,,0,0,,,,,AAA LUBE,,ME01,WE01,X,X,71,"1,065,000.00",S,,,0,,,0,,,,1,0,,,,,,,,,0,,,,,,,,,F,,,0,,WE,2/20/17,2/20/17,10:47:59 PM,GBI-052,,MIGO_GR,,0,,,,,,,12:00:00 AM,,,,,,,,,,,0,,,,,
375,5000000420,2017,1,1,0,0,0,101,,AAA LUBE,DL00,RM00,,,,,,125021,,,0,0,,S,USD,75000.00,0,75000.00,,0,,7,DR,7,DR,7,DR,4500000421,10,,,0,,,0,X,,,,,,NA00,,,,,,,,,,,,2017,,,US00,,0,,0,0,0,,0,2,,,,,,,,,B,,,,0,,,,,0,0,0,,,,,0,,0,0,0,,,,,0,,,,0,0,0,,,,5,DR,,125021,0,0,,0,,0,0,,,,,AAA LUBE,,ME01,WE01,X,X,75,"1,125,000.00",S,,,0,,,0,,,,1,0,,,,,,,,,0,,,,,,,,,F,,,0,,WE,2/20/17,2/20/17,10:48:26 PM,GBI-052,,MIGO_GR,,0,,,,,,,12:00:00 AM,,,,,,,,,,,0,,,,,
375,5000000421,2017,1,1,0,0,0,101,,AAA LUBE,DL00,RM00,,,,,,125021,,,0,0,,S,USD,30000.00,0,30000.00,,0,,7,DR,7,DR,7,DR,4500000472,,,,0,,,0,X,,,,,,NA00,,,,,,,,,,,,2017,,,US00,,0,,0,0,0,,0,2,,,,,,,,,B,,,,0,,,,,0,0,0,,,,,0,,0,0,0,,,,,0,,,,0,0,0,,,,2,DR,,125021,0,0,,0,,0,0,,,,,AAA LUBE,,ME01,WE01,X,X,80,"1,200,000.00",S,,,0,,,0,,,,1,0,,,,,,,,,0,,,,,,,,,F,,,0,,WE,2/20/17,2/20/17,10:48:46 PM,GBI-056,,MIGO_GR,,0,,,,,,,12:00:00 AM,,,,,,,,,,,0,,,,,
375,5000000422,2017,1,1,0,0,0,101,,AAA LUBE,DL00,RM00,,,,,,125021,,,0,0,,S,USD,75000.00,0,75000.00,,0,,23,DR,23,DR,23,DR,4500000419,10,,,0,,,0,X,,,,,,NA00,,,,,,,,,,,,2017,,,US00,,0,,0,0,0,,0,2,,,,,,,,,B,,,,0,,,,,0,0,0,,,,,0,,0,0,0,,,,,0,,,,0,0,0,,,,5,DR,,125021,0,0,,0,,0,0,,,,,AAA LUBE,,ME01,WE01,X,X,82,"1,230,000.00",S,,,0,,,0,,,,1,0,,,,,,,,,0,,,,,,,,,F,,,0,,WE,2/20/17,2/20/17,10:48:56 PM,GBI-047,,MIGO_GR,,0,,,,,,,12:00:00 AM,,,,,,,,,,,0,,,,,
375,5000000423,2017,1,1,0,0,0,101,,AAA LUBE,DL00,RM00,,,,,,125021,,,0,0,,S,USD,75000.00,0,75000.00,,0,,24,DR,24,DR,24,DR,4500000420,10,,,0,,,0,X,,,,,,NA00,,,,,,,,,,,,2017,,,US00,,0,,0,0,0,,0,2,,,,,,,,,B,,,,0,,,,,0,0,0,,,,,0,,0,0,0,,,,,0,,,,0,0,0,,,,5,DR,,125021,0,0,,0,,0,0,,,,,AAA LUBE,,ME01,WE01,X,X,87,"1,305,000.00",S,,,0,,,0,,,,1,0,,,,,,,,,0,,,,,,,,,F,,,0,,WE,2/20/17,2/20/17,10:49:05 PM,GBI-052,,MIGO_GR,,0,,,,,,,12:00:00 AM,,,,,,,,,,,0,,,,,
375,5000000424,2017,1,1,0,0,0,101,,AAA LUBE,DL00,RM00,,,,,,125021,,,0,0,,S,USD,90000.00,0,90000.00,,0,,11,DR,11,DR,11,DR,4500000489,10,,,0,,,0,X,,,,,,NA00,,,,,,,,,,,,2017,,,US00,,0,,0,0,0,,0,2,,,,,,,,,B,,,,0,,,,,0,0,0,,,,,0,,0,0,0,,,,,0,,,,0,0,0,,,,6,DR,,125021,0,0,,0,,0,0,,,,,AAA LUBE,,ME01,WE01,X,X,92,"1,380,000.00",S,,,0,,,0,,,,1,0,,,,,,,,,0,,,,,,,,,F,,,0,,WE,2/20/17,2/20/17,10:49:58 PM,GBI-041,,MIGO_GR,,0,,,,,,,12:00:00 AM,,,,,,,,,,,0,,,,,
375,5000000425,2017,1,1,0,0,0,101,,AAA LUBE,DL00,RM00,,,,,,125021,,,0,0,,S,USD,45000.00,0,45000.00,,0,,20,DR,20,DR,20,DR,4500000474,10,,,0,,,0,X,,,,,,NA00,,,,,,,,,,,,2017,,,US00,,0,,0,0,0,,0,2,,,,,,,,,B,,,,0,,,,,0,0,0,,,,,0,,0,0,0,,,,,0,,,,0,0,0,,,,3,DR,,125021,0,0,,0,,0,0,,,,,AAA LUBE,,ME01,WE01,X,X,98,"1,470,000.00",S,,,0,,,0,,,,1,0,,,,,,,,,0,,,,,,,,,F,,,0,,WE,2/20/17,2/20/17,10:50:21 PM,GBI-056,,MIGO_GR,,0,,,,,,,12:00:00 AM,,,,,,,,,,,0,,,,,
375,5000000426,2017,1,1,0,0,0,101,,AAA LUBE,DL00,RM00,,,,,,125021,,,0,0,,S,USD,75000.00,0,75000.00,,0,,9,DR,9,DR,9,DR,4500000490,10,,,0,,,0,X,,,,,,NA00,,,,,,,,,,,,2017,,,US00,,0,,0,0,0,,0,2,,,,,,,,,B,,,,0,,,,,0,0,0,,,,,0,,0,0,0,,,,,0,,,,0,0,0,,,,5,DR,,125021,0,0,,0,,0,0,,,,,AAA LUBE,,ME01,WE01,X,X,101,"1,515,000.00",S,,,0,,,0,,,,1,0,,,,,,,,,0,,,,,,,,,F,,,0,,WE,2/20/17,2/20/17,10:51:01 PM,GBI-041,,MIGO_GR,,0,,,,,,,12:00:00 AM,,,,,,,,,,,0,,,,,
375,5000000427,2017,1,1,0,0,0,101,,AAA LUBE,DL00,RM00,,,,,,125021,,,0,0,,S,USD,75000.00,0,75000.00,,0,,8,DR,8,DR,8,DR,4500000477,10,,,0,,,0,X,,,,,,NA00,,,,,,,,,,,,2017,,,US00,,0,,0,0,0,,0,2,,,,,,,,,B,,,,0,,,,,0,0,0,,,,,0,,0,0,0,,,,,0,,,,0,0,0,,,,5,DR,,125021,0,0,,0,,0,0,,,,,AAA LUBE,,ME01,WE01,X,X,106,"1,590,000.00",S,,,0,,,0,,,,1,0,,,,,,,,,0,,,,,,,,,F,,,0,,WE,2/20/17,2/20/17,10:51:20 PM,GBI-056,,MIGO_GR,,0,,,,,,,12:00:00 AM,,,,,,,,,,,0,,,,,
375,5000000428,2017,1,1,0,0,0,101,,AAA LUBE,DL00,RM00,,,,,,125021,,,0,0,,S,USD,90000.00,0,90000.00,,0,,6,DR,6,DR,6,DR,4500000491,10,,,0,,,0,X,,,,,,NA00,,,,,,,,,,,,2017,,,US00,,0,,0,0,0,,0,2,,,,,,,,,B,,,,0,,,,,0,0,0,,,,,0,,0,0,0,,,,,0,,,,0,0,0,,,,6,DR,,125021,0,0,,0,,0,0,,,,,AAA LUBE,,ME01,WE01,X,X,111,"1,665,000.00",S,,,0,,,0,,,,1,0,,,,,,,,,0,,,,,,,,,F,,,0,,WE,2/20/17,2/20/17,10:53:08 PM,GBI-041,,MIGO_GR,,0,,,,,,,12:00:00 AM,,,,,,,,,,,0,,,,,
375,5000000429,2017,1,1,0,0,0,101,,AAA LUBE,DL00,RM00,,,,,,125021,,,0,0,,S,USD,75000.00,0,75000.00,,0,,6,DR,6,DR,6,DR,4500000492,10,,,0,,,0,X,,,,,,NA00,,,,,,,,,,,,2017,,,US00,,0,,0,0,0,,0,2,,,,,,,,,B,,,,0,,,,,0,0,0,,,,,0,,0,0,0,,,,,0,,,,0,0,0,,,,5,DR,,125021,0,0,,0,,0,0,,,,,AAA LUBE,,ME01,WE01,X,X,117,"1,755,000.00",S,,,0,,,0,,,,1,0,,,,,,,,,0,,,,,,,,,F,,,0,,WE,2/20/17,2/20/17,10:55:39 PM,GBI-041,,MIGO_GR,,0,,,,,,,12:00:00 AM,,,,,,,,,,,0,,,,,
375,5000000430,2017,1,1,0,0,0,101,,BLUEPAINT,DL00,RM00,,,,,,125131,,,0,0,,S,USD,1020.00,0,1020.00,,0,,898,L,898,L,898,L,4500000432,10,,,0,,,0,X,,,,,,NA00,,,,,,,,,,,,2017,,,US00,,0,,0,0,0,,0,2,,,,,,,,,B,,,,0,,,,,0,0,0,,,,,0,,0,0,0,,,,,0,,,,0,0,0,,,,102,L,,125131,0,0,,0,,0,0,,,,,BLUEPAINT,,ME01,WE01,X,X,"2,083","20,830.00",S,,,0,,,0,,,,1,0,,,,,,,,,0,,,,,,,,,F,,,0,,WE,2/20/17,2/20/17,11:00:10 PM,GBI-045,,MIGO_GR,,0,,,,,,,12:00:00 AM,,,,,,,,,,,0,,,,,
375,5000000431,2017,1,1,0,0,0,101,,BLUEPAINT,DL00,RM00,,,,,,125131,,,0,0,,S,USD,1030.00,0,1030.00,,0,,35,L,35,L,35,L,4500000436,10,,,0,,,0,X,,,,,,NA00,,,,,,,,,,,,2017,,,US00,,0,,0,0,0,,0,2,,,,,,,,,B,,,,0,,,,,0,0,0,,,,,0,,0,0,0,,,,,0,,,,0,0,0,,,,103,L,,125131,0,0,,0,,0,0,,,,,BLUEPAINT,,ME01,WE01,X,X,"2,185","21,850.00",S,,,0,,,0,,,,1,0,,,,,,,,,0,,,,,,,,,F,,,0,,WE,2/20/17,2/20/17,11:01:29 PM,GBI-045,,MIGO_GR,,0,,,,,,,12:00:00 AM,,,,,,,,,,,0,,,,,
375,5000000432,2017,1,1,0,0,0,101,,BLUEPAINT,DL00,RM00,,,,,,125131,,,0,0,,S,USD,970.00,0,970.00,,0,,145,L,145,L,145,L,4500000440,10,,,0,,,0,X,,,,,,NA00,,,,,,,,,,,,2017,,,US00,,0,,0,0,0,,0,2,,,,,,,,,B,,,,0,,,,,0,0,0,,,,,0,,0,0,0,,,,,0,,,,0,0,0,,,,97,L,,125131,0,0,,0,,0,0,,,,,BLUEPAINT,,ME01,WE01,X,X,"2,288","22,880.00",S,,,0,,,0,,,,1,0,,,,,,,,,0,,,,,,,,,F,,,0,,WE,2/20/17,2/20/17,11:02:22 PM,GBI-045,,MIGO_GR,,0,,,,,,,12:00:00 AM,,,,,,,,,,,0,,,,,
375,5000000433,2017,1,1,0,0,0,101,,BLUEPAINT,DL00,RM00,,,,,,125131,,,0,0,,S,USD,1000.00,0,1000.00,,0,,1010,L,1010,L,1010,L,4500000443,10,,,0,,,0,X,,,,,,NA00,,,,,,,,,,,,2017,,,US00,,0,,0,0,0,,0,2,,,,,,,,,B,,,,0,,,,,0,0,0,,,,,0,,0,0,0,,,,,0,,,,0,0,0,,,,100,L,,125131,0,0,,0,,0,0,,,,,BLUEPAINT,,ME01,WE01,X,X,"2,385","23,850.00",S,,,0,,,0,,,,1,0,,,,,,,,,0,,,,,,,,,F,,,0,,WE,2/20/17,2/20/17,11:03:06 PM,GBI-045,,MIGO_GR,,0,,,,,,,12:00:00 AM,,,,,,,,,,,0,,,,,
375,5000000434,2017,1,1,0,0,0,101,,BLUEPAINT,DL00,RM00,,,,,,125133,,,0,0,,S,USD,1010.00,0,1010.00,,0,,321,L,321,L,321,L,4500000493,10,,,0,,,0,X,,,,,,NA00,,,,,,,,,,,,2017,,,US00,,0,,0,0,0,,0,2,,,,,,,,,B,,,,0,,,,,0,0,0,,,,,0,,0,0,0,,,,,0,,,,0,0,0,,,,101,L,,125133,0,0,,0,,0,0,,,,,BLUEPAINT,,ME01,WE01,X,X,"2,485","24,850.00",S,,,0,,,0,,,,1,0,,,,,,,,,0,,,,,,,,,F,,,0,,WE,2/21/17,2/21/17,10:33:19 AM,GBI-044,,MIGO_GR,,0,,,,,,,12:00:00 AM,,,,,,,,,,,0,,,,,
375,5000000435,2017,1,1,0,0,0,101,,BLUEPAINT,DL00,RM00,,,,,,125133,,,0,0,,S,USD,1000.00,0,1000.00,,0,,917,L,917,L,917,L,4500000494,10,,,0,,,0,X,,,,,,NA00,,,,,,,,,,,,2017,,,US00,,0,,0,0,0,,0,2,,,,,,,,,B,,,,0,,,,,0,0,0,,,,,0,,0,0,0,,,,,0,,,,0,0,0,,,,100,L,,125133,0,0,,0,,0,0,,,,,BLUEPAINT,,ME01,WE01,X,X,"2,586","25,860.00",S,,,0,,,0,,,,1,0,,,,,,,,,0,,,,,,,,,F,,,0,,WE,2/21/17,2/21/17,10:34:10 AM,GBI-044,,MIGO_GR,,0,,,,,,,12:00:00 AM,,,,,,,,,,,0,,,,,
375,5000000436,2017,1,1,0,0,0,101,,BLUEPAINT,DL00,RM00,,,,,,125133,,,0,0,,S,USD,990.00,0,990.00,,0,,57,L,57,L,57,L,4500000495,10,,,0,,,0,X,,,,,,NA00,,,,,,,,,,,,2017,,,US00,,0,,0,0,0,,0,2,,,,,,,,,B,,,,0,,,,,0,0,0,,,,,0,,0,0,0,,,,,0,,,,0,0,0,,,,99,L,,125133,0,0,,0,,0,0,,,,,BLUEPAINT,,ME01,WE01,X,X,"2,686","26,860.00",S,,,0,,,0,,,,1,0,,,,,,,,,0,,,,,,,,,F,,,0,,WE,2/21/17,2/21/17,10:35:38 AM,GBI-044,,MIGO_GR,,0,,,,,,,12:00:00 AM,,,,,,,,,,,0,,,,,
375,5000000437,2017,1,1,0,0,0,101,,BLUEPAINT,DL00,RM00,,,,,,125133,,,0,0,,S,USD,1020.00,0,1020.00,,0,,940,L,940,L,940,L,4500000496,10,,,0,,,0,X,,,,,,NA00,,,,,,,,,,,,2017,,,US00,,0,,0,0,0,,0,2,,,,,,,,,B,,,,0,,,,,0,0,0,,,,,0,,0,0,0,,,,,0,,,,0,0,0,,,,102,L,,125133,0,0,,0,,0,0,,,,,BLUEPAINT,,ME01,WE01,X,X,"2,785","27,850.00",S,,,0,,,0,,,,1,0,,,,,,,,,0,,,,,,,,,F,,,0,,WE,2/21/17,2/21/17,10:36:15 AM,GBI-044,,MIGO_GR,,0,,,,,,,12:00:00 AM,,,,,,,,,,,0,,,,,
375,5000000438,2017,1,1,0,0,0,101,,BLUEPAINT,DL00,RM00,,,,,,125133,,,0,0,,S,USD,980.00,0,980.00,,0,,668,L,668,L,668,L,4500000497,10,,,0,,,0,X,,,,,,NA00,,,,,,,,,,,,2017,,,US00,,0,,0,0,0,,0,2,,,,,,,,,B,,,,0,,,,,0,0,0,,,,,0,,0,0,0,,,,,0,,,,0,0,0,,,,98,L,,125133,0,0,,0,,0,0,,,,,BLUEPAINT,,ME01,WE01,X,X,"2,887","28,870.00",S,,,0,,,0,,,,1,0,,,,,,,,,0,,,,,,,,,F,,,0,,WE,2/21/17,2/21/17,10:36:50 AM,GBI-044,,MIGO_GR,,0,,,,,,,12:00:00 AM,,,,,,,,,,,0,,,,,
375,5000000439,2017,1,1,0,0,0,101,,AAA LUBE,DL00,RM00,,,,,,125021,,,0,0,,S,USD,75000.00,0,75000.00,,0,,23,DR,23,DR,23,DR,4500000498,10,,,0,,,0,X,,,,,,NA00,,,,,,,,,,,,2017,,,US00,,0,,0,0,0,,0,2,,,,,,,,,B,,,,0,,,,,0,0,0,,,,,0,,0,0,0,,,,,0,,,,0,0,0,,,,5,DR,,125021,0,0,,0,,0,0,,,,,AAA LUBE,,ME01,WE01,X,X,122,"1,830,000.00",S,,,0,,,0,,,,1,0,,,,,,,,,0,,,,,,,,,F,,,0,,WE,2/21/17,2/21/17,3:30:07 PM,GBI-030,,MIGO_GR,,0,,,,,,,12:00:00 AM,,,,,,,,,,,0,,,,,
375,5000000440,2017,1,1,0,0,0,101,,AAA LUBE,DL00,RM00,,,,,,125021,,,0,0,,S,USD,60000.00,0,60000.00,,0,,15,DR,15,DR,15,DR,4500000499,10,,,0,,,0,X,,,,,,NA00,,,,,,,,,,,,2017,,,US00,,0,,0,0,0,,0,2,,,,,,,,,B,,,,0,,,,,0,0,0,,,,,0,,0,0,0,,,,,0,,,,0,0,0,,,,4,DR,,125021,0,0,,0,,0,0,,,,,AAA LUBE,,ME01,WE01,X,X,127,"1,905,000.00",S,,,0,,,0,,,,1,0,,,,,,,,,0,,,,,,,,,F,,,0,,WE,2/21/17,2/21/17,3:30:35 PM,GBI-030,,MIGO_GR,,0,,,,,,,12:00:00 AM,,,,,,,,,,,0,,,,,
375,5000000441,2017,1,1,0,0,0,101,,AAA LUBE,DL00,RM00,,,,,,125021,,,0,0,,S,USD,150000.00,0,150000.00,,0,,5,DR,5,DR,5,DR,4500000500,10,,,0,,,0,X,,,,,,NA00,,,,,,,,,,,,2017,,,US00,,0,,0,0,0,,0,2,,,,,,,,,B,,,,0,,,,,0,0,0,,,,,0,,0,0,0,,,,,0,,,,0,0,0,,,,10,DR,,125021,0,0,,0,,0,0,,,,,AAA LUBE,,ME01,WE01,X,X,131,"1,965,000.00",S,,,0,,,0,,,,1,0,,,,,,,,,0,,,,,,,,,2,,,0,,WE,2/21/17,2/21/17,3:31:05 PM,GBI-030,,MIGO_GR,,0,,,,,,,12:00:00 AM,,,,,,,,,,,0,,,,,
375,5000000442,2017,1,1,0,0,0,101,,AAA LUBE,DL00,RM00,,,,,,125021,,,0,0,,S,USD,75000.00,0,75000.00,,0,,25,DR,25,DR,25,DR,4500000501,10,,,0,,,0,X,,,,,,NA00,,,,,,,,,,,,2017,,,US00,,0,,0,0,0,,0,2,,,,,,,,,B,,,,0,,,,,0,0,0,,,,,0,,0,0,0,,,,,0,,,,0,0,0,,,,5,DR,,125021,0,0,,0,,0,0,,,,,AAA LUBE,,ME01,WE01,X,X,141,"2,115,000.00",S,,,0,,,0,,,,1,0,,,,,,,,,0,,,,,,,,,F,,,0,,WE,2/21/17,2/21/17,3:31:36 PM,GBI-030,,MIGO_GR,,0,,,,,,,12:00:00 AM,,,,,,,,,,,0,,,,,
375,5000000443,2017,1,1,0,0,0,101,,AAA LUBE,DL00,RM00,,,,,,125021,,,0,0,,S,USD,105000.00,0,105000.00,,0,,15,DR,15,DR,15,DR,4500000502,10,,,0,,,0,X,,,,,,NA00,,,,,,,,,,,,2017,,,US00,,0,,0,0,0,,0,2,,,,,,,,,B,,,,0,,,,,0,0,0,,,,,0,,0,0,0,,,,,0,,,,0,0,0,,,,7,DR,,125021,0,0,,0,,0,0,,,,,AAA LUBE,,ME01,WE01,X,X,146,"2,190,000.00",S,,,0,,,0,,,,1,0,,,,,,,,,0,,,,,,,,,F,,,0,,WE,2/21/17,2/21/17,3:31:59 PM,GBI-030,,MIGO_GR,,0,,,,,,,12:00:00 AM,,,,,,,,,,,0,,,,,
375,5000000444,2017,1,1,0,0,0,101,,BLUEPAINT,DL00,RM00,,,,,,125134,,,0,0,,S,USD,950.00,0,950.00,,0,,785,L,785,L,785,L,4500000508,10,,,0,,,0,X,,,,,,NA00,,,,,,,,,,,,2017,,,US00,,0,,0,0,0,,0,2,,,,,,,,,B,,,,0,,,,,0,0,0,,,,,0,,0,0,0,,,,,0,,,,0,0,0,,,,95,L,,125134,0,0,,0,,0,0,,,,,BLUEPAINT,,ME01,WE01,X,X,"2,985","29,850.00",S,,,0,,,0,,,,1,0,,,,,,,,,0,,,,,,,,,F,,,0,,WE,2/21/17,2/21/17,7:14:40 PM,GBI-063,,MIGO_GR,,0,,,,,,,12:00:00 AM,,,,,,,,,,,0,,,,,
375,5000000445,2017,1,1,0,0,0,101,,BLUEPAINT,DL00,RM00,,,,,,125134,,,0,0,,S,USD,1020.00,0,1020.00,,0,,1037,L,1037,L,1037,L,4500000509,10,,,0,,,0,X,,,,,,NA00,,,,,,,,,,,,2017,,,US00,,0,,0,0,0,,0,2,,,,,,,,,B,,,,0,,,,,0,0,0,,,,,0,,0,0,0,,,,,0,,,,0,0,0,,,,102,L,,125134,0,0,,0,,0,0,,,,,BLUEPAINT,,ME01,WE01,X,X,"3,080","30,800.00",S,,,0,,,0,,,,1,0,,,,,,,,,0,,,,,,,,,F,,,0,,WE,2/21/17,2/21/17,7:16:06 PM,GBI-063,,MIGO_GR,,0,,,,,,,12:00:00 AM,,,,,,,,,,,0,,,,,
375,5000000446,2017,1,1,0,0,0,101,,BLUEPAINT,DL00,RM00,,,,,,125134,,,0,0,,S,USD,980.00,0,980.00,,0,,819,L,819,L,819,L,4500000510,10,,,0,,,0,X,,,,,,NA00,,,,,,,,,,,,2017,,,US00,,0,,0,0,0,,0,2,,,,,,,,,B,,,,0,,,,,0,0,0,,,,,0,,0,0,0,,,,,0,,,,0,0,0,,,,98,L,,125134,0,0,,0,,0,0,,,,,BLUEPAINT,,ME01,WE01,X,X,"3,182","31,820.00",S,,,0,,,0,,,,1,0,,,,,,,,,0,,,,,,,,,F,,,0,,WE,2/21/17,2/21/17,7:16:48 PM,GBI-063,,MIGO_GR,,0,,,,,,,12:00:00 AM,,,,,,,,,,,0,,,,,
375,5000000447,2017,1,1,0,0,0,101,,BLUEPAINT,DL00,RM00,,,,,,125134,,,0,0,,S,USD,1010.00,0,1010.00,,0,,791,L,791,L,791,L,4500000511,10,,,0,,,0,X,,,,,,NA00,,,,,,,,,,,,2017,,,US00,,0,,0,0,0,,0,2,,,,,,,,,B,,,,0,,,,,0,0,0,,,,,0,,0,0,0,,,,,0,,,,0,0,0,,,,101,L,,125134,0,0,,0,,0,0,,,,,BLUEPAINT,,ME01,WE01,X,X,"3,280","32,800.00",S,,,0,,,0,,,,1,0,,,,,,,,,0,,,,,,,,,F,,,0,,WE,2/21/17,2/21/17,7:17:20 PM,GBI-063,,MIGO_GR,,0,,,,,,,12:00:00 AM,,,,,,,,,,,0,,,,,
375,5000000448,2017,1,1,0,0,0,101,,BLUEPAINT,DL00,RM00,,,,,,125134,,,0,0,,S,USD,1040.00,0,1040.00,,0,,1050,L,1050,L,1050,L,4500000512,10,,,0,,,0,X,,,,,,NA00,,,,,,,,,,,,2017,,,US00,,0,,0,0,0,,0,2,,,,,,,,,B,,,,0,,,,,0,0,0,,,,,0,,0,0,0,,,,,0,,,,0,0,0,,,,104,L,,125134,0,0,,0,,0,0,,,,,BLUEPAINT,,ME01,WE01,X,X,"3,381","33,810.00",S,,,0,,,0,,,,1,0,,,,,,,,,0,,,,,,,,,F,,,0,,WE,2/21/17,2/21/17,7:17:49 PM,GBI-063,,MIGO_GR,,0,,,,,,,12:00:00 AM,,,,,,,,,,,0,,,,,
375,5000000449,2017,1,1,0,0,0,101,,AAA LUBE,SD00,RM00,,,,,,125021,,,0,0,,S,USD,150000.00,0,150000.00,,0,,9,DR,9,DR,9,DR,4500000503,10,,,0,,,0,X,,,,,,NA00,,,,,,,,,,,,2017,,,US00,,0,,0,0,0,,0,2,,,,,,,,,B,,,,0,,,,,0,0,0,,,,,0,,0,0,0,,,,,0,,,,0,0,0,,,,10,DR,,125021,0,0,,0,,0,0,,,,,AAA LUBE,,ME01,WE01,X,X,153,"2,295,000.00",S,,,0,,,0,,,,1,0,,,,,,,,,0,,,,,,,,,F,,,0,,WE,2/23/17,2/23/17,2:48:38 PM,GBI-052,,MIGO_GR,,0,,,,,,,12:00:00 AM,,,,,,,,,,,0,,,,,
375,5000000450,2017,1,1,0,0,0,101,,KRYPTONITE,SD00,RM00,,,,,,125000,,,0,0,,S,USD,100000.00,0,106854.73,,0,,8054,LB,8054,LB,8054,LB,4500000002,10,,,0,,,0,X,,,,,,NA00,,,,,,,,,,,,2017,,,US00,,0,,0,0,0,,0,2,,,,,,,,,B,,,,0,,,,,0,0,0,,,,,0,,0,0,0,,,,,0,,,,0,0,0,,,,100,LB,,125000,0,0,,0,,0,0,,,,,KRYPTONITE,,ME01,WE01,X,X,0,0,S,,,0,,,0,,,,1,0,,,,,,,,,0,,,,,,,,,F,,,0,,WE,1/24/17,1/24/17,10:07:38 AM,GBI-085,,MIGO_GR,,0,,,,,,,12:00:00 AM,,,,,,,,,,,0,,,,,
375,5000000451,2017,1,1,0,0,0,101,,KRYPTONITE,SD00,RM00,,,,,,125000,,,0,0,,S,USD,100000.00,0,106855.00,,0,,14062,LB,14062,LB,14062,LB,4500000003,10,,,0,,,0,X,,,,,,NA00,,,,,,,,,,,,2017,,,US00,,0,,0,0,0,,0,2,,,,,,,,,B,,,,0,,,,,0,0,0,,,,,0,,0,0,0,,,,,0,,,,0,0,0,,,,100,LB,,125000,0,0,,0,,0,0,,,,,KRYPTONITE,,ME01,WE01,X,X,100,"100,000.00",S,,,0,,,0,,,,1,0,,,,,,,,,0,,,,,,,,,F,,,0,,WE,1/24/17,1/24/17,10:10:20 AM,GBI-085,,MIGO_GR,,0,,,,,,,12:00:00 AM,,,,,,,,,,,0,,,,,
375,5000000452,2017,1,1,0,0,0,101,,KRYPTONITE,SD00,RM00,,,,,,125000,,,0,0,,S,USD,200000.00,0,213710.00,,0,,7143,LB,7143,LB,7143,LB,4500000005,10,,,0,,,0,X,,,,,,NA00,,,,,,,,,,,,2017,,,US00,,0,,0,0,0,,0,2,,,,,,,,,B,,,,0,,,,,0,0,0,,,,,0,,0,0,0,,,,,0,,,,0,0,0,,,,200,LB,,125000,0,0,,0,,0,0,,,,,KRYPTONITE,,ME01,WE01,X,X,200,"200,000.00",S,,,0,,,0,,,,1,0,,,,,,,,,0,,,,,,,,,F,,,0,,WE,1/24/17,1/24/17,10:11:53 AM,GBI-085,,MIGO_GR,,0,,,,,,,12:00:00 AM,,,,,,,,,,,0,,,,,
375,5000000453,2017,1,1,0,0,0,101,,KRYPTONITE,SD00,RM00,,,,,,125000,,,0,0,,S,USD,1000000.00,0,1068550.00,,0,,11543,LB,11543,LB,11543,LB,4500000006,10,,,0,,,0,X,,,,,,NA00,,,,,,,,,,,,2017,,,US00,,0,,0,0,0,,0,2,,,,,,,,,B,,,,0,,,,,0,0,0,,,,,0,,0,0,0,,,,,0,,,,0,0,0,,,,"1,000",LB,,125000,0,0,,0,,0,0,,,,,KRYPTONITE,,ME01,WE01,X,X,400,"400,000.00",S,,,0,,,0,,,,1,0,,,,,,,,,0,,,,,,,,,F,,,0,,WE,1/24/17,1/24/17,10:30:26 AM,GBI-085,,MIGO_GR,,0,,,,,,,12:00:00 AM,,,,,,,,,,,0,,,,,
375,5000000454,2017,1,1,0,0,0,101,,ICAN HEADMASK,SD00,RM00,,,,,,125001,,,0,0,,S,USD,1000000.00,0,1399730.11,,0,,492,EA,492,EA,492,EA,4500000007,10,,,0,,,0,X,,,,,,NA00,,,,,,,,,,,,2017,,,US00,,0,,0,0,0,,0,2,,,,,,,,,B,,,,0,,,,,0,0,0,,,,,0,,0,0,0,,,,,0,,,,0,0,0,,,,"1,000",EA,,125001,0,0,,0,,0,0,,,,,ICAN HEADMASK,,ME01,WE01,X,X,0,0,S,,,0,,,0,,,,1,0,,,,,,,,,0,,,,,,,,,F,,,0,,WE,1/24/17,1/24/17,11:50:30 AM,GBI-085,,MIGO_GR,,0,,,,,,,12:00:00 AM,,,,,,,,,,,0,,,,,
375,5000000455,2017,1,1,0,0,0,101,,KRYPTONITE,SD00,RM00,,,,,,125000,,,0,0,,S,USD,100000.00,0,106855.00,,0,,11933,LB,11933,LB,11933,LB,4500000009,10,,,0,,,0,X,,,,,,NA00,,,,,,,,,,,,2017,,,US00,,0,,0,0,0,,0,2,,,,,,,,,B,,,,0,,,,,0,0,0,,,,,0,,0,0,0,,,,,0,,,,0,0,0,,,,100,LB,,125000,0,0,,0,,0,0,,,,,KRYPTONITE,,ME01,WE01,X,X,"1,400","1,400,000.00",S,,,0,,,0,,,,1,0,,,,,,,,,0,,,,,,,,,F,,,0,,WE,1/24/17,1/24/17,3:37:46 PM,GBIFAC-01,,MIGO_GR,,0,,,,,,,12:00:00 AM,,,,,,,,,,,0,,,,,
375,5000000456,2017,1,1,0,0,0,101,,BOLT1000,SD00,RM00,,,,,,125002,,,0,0,,S,USD,1050.00,0,1050.00,,0,,859,EA,859,EA,859,EA,4500000010,10,,,0,,,0,X,,,,,BI00,NA00,BI00,,,,,,,,,,,2017,,,US00,,0,,0,0,0,,0,2,,,,,,,,,B,,,,0,,,,,0,0,0,,,,,0,,0,0,0,,,,,0,,,,0,0,0,,,,10,EA,,125002,0,0,,0,,0,0,,,,,BOLT1000,,ME01,WE01,X,X,30,3,V,,,0,,,0,,,,1,0,,,,,,,,,0,,,,,,,,,F,,,0,,WE,1/24/17,1/24/17,6:51:53 PM,GBI-022,,MIGO_GR,,0,,,,,,,12:00:00 AM,,,,,,,,,,,0,,,,,
375,5000000457,2017,1,1,0,0,0,101,,DIAMOND,SD00,RM00,,,,,,125003,,,0,0,,S,USD,30000.00,0,30300.00,,0,,120,LB,120,LB,120,LB,4500000012,10,,,0,,,0,X,,,,,,NA00,,,,,,,,,,,,2017,,,US00,,0,,0,0,0,,0,2,,,,,,,,,B,,,,0,,,,,0,0,0,,,,,0,,0,0,0,,,,,0,,,,0,0,0,,,,20,LB,,125003,0,0,,0,,0,0,,,,,DIAMOND-032,,ME01,WE01,X,X,0,0,S,,,0,,,0,,,,1,0,,,,,,,,,0,,,,,,,,,F,,,0,,WE,1/25/17,1/25/17,2:37:52 PM,GBI-032,,MIGO_GR,,0,,,,,,,12:00:00 AM,,,,,,,,,,,0,,,,,
375,5000000458,2017,1,1,0,0,0,101,,KRYPTONITE,SD00,RM00,,,,,,125004,,,0,0,,S,USD,10000.00,0,20000.00,,0,,6988,LB,6988,LB,6988,LB,4500000013,10,,,0,,,0,X,,,,,,NA00,,,,,,,,,,,,2017,,,US00,,0,,0,0,0,,0,2,,,,,,,,,B,,,,0,,,,,0,0,0,,,,,0,,0,0,0,,,,,0,,,,0,0,0,,,,10,LB,,125004,0,0,,0,,0,0,,,,,KRYPTONITE-005,,ME01,WE01,X,X,0,0,S,,,0,,,0,,,,1,0,,,,,,,,,0,,,,,,,,,F,,,0,,WE,1/25/17,1/25/17,2:53:51 PM,GBI-005,,MIGO_GR,,0,,,,,,,12:00:00 AM,,,,,,,,,,,0,,,,,
375,5000000459,2017,1,1,0,0,0,101,,KRYPTONITE,SD00,RM00,,,,,,125005,,,0,0,,S,USD,100000.00,0,20000.00,,0,,17344,LB,17344,LB,17344,LB,4500000014,10,,,0,,,0,X,,,,,,NA00,,,,,,,,,,,,2017,,,US00,,0,,0,0,0,,0,2,,,,,,,,,B,,,,0,,,,,0,0,0,,,,,0,,0,0,0,,,,,0,,,,0,0,0,,,,100,LB,,125005,0,0,,0,,0,0,,,,,KRYPTONITE-057,,ME01,WE01,X,X,0,0,S,,,0,,,0,,,,1,0,,,,,,,,,0,,,,,,,,,F,,,0,,WE,1/26/17,1/26/17,2:28:37 PM,GBI-057,,MIGO_GR,,0,,,,,,,12:00:00 AM,,,,,,,,,,,0,,,,,
375,5000000460,2017,1,1,0,0,0,101,,KRYPTONITE,SD00,RM00,,,,,,125000,,,0,0,,S,USD,100000.00,0,106855.00,,0,,13412,LB,13412,LB,13412,LB,4500000011,10,,,0,,,0,X,,,,,,NA00,,,,,,,,,,,,2017,,,US00,,0,,0,0,0,,0,2,,,,,,,,,B,,,,0,,,,,0,0,0,,,,,0,,0,0,0,,,,,0,,,,0,0,0,,,,100,LB,,125000,0,0,,0,,0,0,,,,,KRYPTONITE,,ME01,WE01,X,X,"1,500","1,500,000.00",S,,,0,,,0,,,,1,0,,,,,,,,,0,,,,,,,,,F,,,0,,WE,1/26/17,1/26/17,5:54:10 PM,GBIFAC-01,,MIGO_GR,,0,,,,,,,12:00:00 AM,,,,,,,,,,,0,,,,,
375,5000000461,2017,1,1,0,0,0,101,,ADAMANTIUM,SD00,RM00,,,,,,125008,,,0,0,,S,USD,50000.00,0,505000.00,,0,,1273,LB,1273,LB,1273,LB,4500000015,10,,,0,,,0,X,,,,,,NA00,,,,,,,,,,,,2017,,,US00,,0,,0,0,0,,0,2,,,,,,,,,B,,,,0,,,,,0,0,0,,,,,0,,0,0,0,,,,,0,,,,0,0,0,,,,100,LB,,125008,0,0,,0,,0,0,,,,,ADAMANTIUM-055,,ME01,WE01,X,X,0,0,S,,,0,,,0,,,,1,0,,,,,,,,,0,,,,,,,,,F,,,0,,WE,1/26/17,1/26/17,7:49:37 PM,GBI-055,,MIGO_GR,,0,,,,,,,12:00:00 AM,,,,,,,,,,,0,,,,,
375,5000000462,2017,1,1,0,0,0,101,,ICAN HEADMASK,SD00,RM00,,,,,,125001,,,0,0,,S,USD,1000000.00,0,1399730.11,,0,,553,EA,553,EA,553,EA,4500000008,10,,,0,,,0,X,,,,,,NA00,,,,,,,,,,,,2017,,,US00,,0,,0,0,0,,0,2,,,,,,,,,B,,,,0,,,,,0,0,0,,,,,0,,0,0,0,,,,,0,,,,0,0,0,,,,"1,000",EA,,125001,0,0,,0,,0,0,,,,,ICAN HEADMASK,,ME01,WE01,X,X,"1,000","1,000,000.00",S,,,0,,,0,,,,1,0,,,,,,,,,0,,,,,,,,,F,,,0,,WE,1/27/17,1/27/17,6:23:10 PM,GBI-016,,MIGO_GR,,0,,,,,,,12:00:00 AM,,,,,,,,,,,0,,,,,
375,5000000463,2017,1,1,0,0,0,101,,KRYPTONITE,SD00,RM00,,,,,,125016,,,0,0,,S,USD,100000.00,0,92470.63,,0,,12479,LB,12479,LB,12479,LB,4500000019,10,,,0,,,0,X,,,,,,NA00,,,,,,,,,,,,2017,,,US00,,0,,0,0,0,,0,2,,,,,,,,,B,,,,0,,,,,0,0,0,,,,,0,,0,0,0,,,,,0,,,,0,0,0,,,,100,LB,,125016,0,0,,0,,0,0,,,,,KRYTONITE-029,,ME01,WE01,X,X,0,0,S,,,0,,,0,,,,1,0,,,,,,,,,0,,,,,,,,,F,,,0,,WE,1/27/17,1/27/17,10:52:27 PM,GBI-029,,MIGO_GR,,0,,,,,,,12:00:00 AM,,,,,,,,,,,0,,,,,
375,5000000464,2017,1,1,0,0,0,101,,KRYPTONITE,SD00,RM00,,,,,,125017,,,0,0,,S,USD,100000.00,0,20000.00,,0,,12562,LB,12562,LB,12562,LB,4500000020,10,,,0,,,0,X,,,,,,NA00,,,,,,,,,,,,2017,,,US00,,0,,0,0,0,,0,2,,,,,,,,,B,,,,0,,,,,0,0,0,,,,,0,,0,0,0,,,,,0,,,,0,0,0,,,,100,LB,,125017,0,0,,0,,0,0,,,,,KRYPTONITE-046,,ME01,WE01,X,X,0,0,S,,,0,,,0,,,,1,0,,,,,,,,,0,,,,,,,,,F,,,0,,WE,1/28/17,1/28/17,12:47:55 AM,GBI-046,,MIGO_GR,,0,,,,,,,12:00:00 AM,,,,,,,,,,,0,,,,,
375,5000000465,2017,1,1,0,0,0,101,,KRYPTONITE,SD00,RM00,,,,,,125014,,,0,0,,S,USD,100000.00,0,12345.68,,0,,3173,LB,3173,LB,3173,LB,4500000021,10,,,0,,,0,X,,,,,,NA00,,,,,,,,,,,,2017,,,US00,,0,,0,0,0,,0,2,,,,,,,,,B,,,,0,,,,,0,0,0,,,,,0,,0,0,0,,,,,0,,,,0,0,0,,,,100,LB,,125014,0,0,,0,,0,0,,,,,KRYPTONITE GBI-039,,ME01,WE01,X,X,0,0,S,,,0,,,0,,,,1,0,,,,,,,,,0,,,,,,,,,F,,,0,,WE,1/28/17,1/28/17,10:27:28 AM,GBI-039,,MIGO_GR,,0,,,,,,,12:00:00 AM,,,,,,,,,,,0,,,,,
375,5000000466,2017,1,1,0,0,0,101,,KRYPTONITE,SD00,RM00,,,,,,125020,,,0,0,,S,USD,10000.00,0,10100.00,,0,,930,LB,930,LB,930,LB,4500000023,10,,,0,,,0,X,,,,,,NA00,,,,,,,,,,,,2017,,,US00,,0,,0,0,0,,0,2,,,,,,,,,B,,,,0,,,,,0,0,0,,,,,0,,0,0,0,,,,,0,,,,0,0,0,,,,10,LB,,125020,0,0,,0,,0,0,,,,,KRYPTONITE-019,,ME01,WE01,X,X,0,0,S,,,0,,,0,,,,1,0,,,,,,,,,0,,,,,,,,,F,,,0,,WE,1/28/17,1/28/17,3:57:05 PM,GBI-019,,MIGO_GR,,0,,,,,,,12:00:00 AM,,,,,,,,,,,0,,,,,
375,5000000467,2017,1,1,0,0,0,101,,KRYPTONITE,SD00,RM00,,,,,,125019,,,0,0,,S,USD,1000.00,0,1010.00,,0,,15730,LB,15730,LB,15730,LB,4500000022,10,,,0,,,0,X,,,,,,NA00,,,,,,,,,,,,2017,,,US00,,0,,0,0,0,,0,2,,,,,,,,,B,,,,0,,,,,0,0,0,,,,,0,,0,0,0,,,,,0,,,,0,0,0,,,,1,LB,,125019,0,0,,0,,0,0,,,,,KRYPTONITE-018,,ME01,WE01,X,X,0,0,S,,,0,,,0,,,,1,0,,,,,,,,,0,,,,,,,,,F,,,0,,WE,1/28/17,1/28/17,3:57:13 PM,GBI-018,,MIGO_GR,,0,,,,,,,12:00:00 AM,,,,,,,,,,,0,,,,,
375,5000000468,2017,1,1,0,0,0,101,,KRYPTONITE,SD00,RM00,,,,,,125018,,,0,0,,S,USD,1000000.00,0,949400.00,,0,,12181,LB,12181,LB,12181,LB,4500000024,10,,,0,,,0,X,,,,,,NA00,,,,,,,,,,,,2017,,,US00,,0,,0,0,0,,0,2,,,,,,,,,B,,,,0,,,,,0,0,0,,,,,0,,0,0,0,,,,,0,,,,0,0,0,,,,"1,000",LB,,125018,0,0,,0,,0,0,,,,,KRYPTONITE-017,,ME01,WE01,X,X,0,0,S,,,0,,,0,,,,1,0,,,,,,,,,0,,,,,,,,,F,,,0,,WE,1/28/17,1/28/17,7:01:10 PM,GBI-017,,MIGO_GR,,0,,,,,,,12:00:00 AM,,,,,,,,,,,0,,,,,
375,5000000469,2017,1,1,0,0,0,101,,KRYPTONITE,SD00,RM00,,,,,,125012,,,0,0,,S,USD,1000000.00,0,687070.58,,0,,10244,LB,10244,LB,10244,LB,4500000027,10,,,0,,,0,X,,,,,,NA00,,,,,,,,,,,,2017,,,US00,,0,,0,0,0,,0,2,,,,,,,,,B,,,,0,,,,,0,0,0,,,,,0,,0,0,0,,,,,0,,,,0,0,0,,,,"1,000",LB,,125012,0,0,,0,,0,0,,,,,KRYPTONITE-024,,ME01,WE01,X,X,0,0,S,,,0,,,0,,,,1,0,,,,,,,,,0,,,,,,,,,F,,,0,,WE,1/29/17,1/29/17,12:58:59 PM,GBI-024,,MIGO_GR,,0,,,,,,,12:00:00 AM,,,,,,,,,,,0,,,,,
375,5000000470,2017,1,1,0,0,0,101,,CHRONIUM,SD00,RM00,,,,,,125022,,,0,0,,S,USD,5000.00,0,8400.00,,0,,9530,LB,9530,LB,9530,LB,4500000028,10,,,0,,,0,X,,,,,,NA00,,,,,,,,,,,,2017,,,US00,,0,,0,0,0,,0,2,,,,,,,,,B,,,,0,,,,,0,0,0,,,,,0,,0,0,0,,,,,0,,,,0,0,0,,,,100,LB,,125022,0,0,,0,,0,0,,,,,CHRONIUM-015,,ME01,WE01,X,X,0,0,S,,,0,,,0,,,,1,0,,,,,,,,,0,,,,,,,,,F,,,0,,WE,1/29/17,1/29/17,6:37:14 PM,GBI-015,,MIGO_GR,,0,,,,,,,12:00:00 AM,,,,,,,,,,,0,,,,,
375,5000000471,2017,1,4,0,0,0,101,,CHRONIUM,SD00,RM00,,,,,,125022,,,0,0,,S,USD,5000.00,0,3360.00,,0,,18324,LB,18324,LB,18324,LB,4500000030,10,,,0,,,0,X,,,,,,NA00,,,,,,,,,,,,2017,,,US00,,0,,0,0,0,,0,2,,,,,,,,,B,,,,0,,,,,0,0,0,,,,,0,,0,0,0,,,,,0,,,,0,0,0,,,,100,LB,,125022,0,0,,0,,0,0,,,,,CHRONIUM-015,,ME01,WE01,X,X,100,"5,000.00",S,,,0,,,0,,,,1,0,,,,,,,,,0,,,,,,,,,F,,,0,,WE,1/29/17,1/29/17,8:47:17 PM,GBI-015,,MIGO_GR,,0,,,,,,,12:00:00 AM,,,,,,,,,,,0,,,,,
375,5000000472,2017,1,1,0,0,0,101,,KRYPTONITE,SD00,RM00,,,,,,125024,,,0,0,,S,USD,1000.00,0,1020.00,,0,,19013,LB,19013,LB,19013,LB,4500000031,10,,,0,,,0,X,,,,,,NA00,,,,,,,,,,,,2017,,,US00,,0,,0,0,0,,0,2,,,,,,,,,B,,,,0,,,,,0,0,0,,,,,0,,0,0,0,,,,,0,,,,0,0,0,,,,1,LB,,125024,0,0,,0,,0,0,,,,,KRYPTONITE-010,,ME01,WE01,X,X,0,0,S,,,0,,,0,,,,1,0,,,,,,,,,0,,,,,,,,,F,,,0,,WE,1/29/17,1/29/17,8:56:54 PM,GBI-010,,MIGO_GR,,0,,,,,,,12:00:00 AM,,,,,,,,,,,0,,,,,
375,5000000473,2017,1,1,0,0,0,101,,KRYPTONITE,SD00,RM00,,,,,,125011,,,0,0,,S,USD,100000.00,0,24154.59,,0,,6266,LB,6266,LB,6266,LB,4500000017,10,,,0,,,0,X,,,,,,NA00,,,,,,,,,,,,2017,,,US00,,0,,0,0,0,,0,2,,,,,,,,,B,,,,0,,,,,0,0,0,,,,,0,,0,0,0,,,,,0,,,,0,0,0,,,,100,LB,,125011,0,0,,0,,0,0,,,,,KRYPTONITE-011,,ME01,WE01,X,X,0,0,S,,,0,,,0,,,,1,0,,,,,,,,,0,,,,,,,,,F,,,0,,WE,1/29/17,1/29/17,8:59:19 PM,GBI-011,,MIGO_GR,,0,,,,,,,12:00:00 AM,,,,,,,,,,,0,,,,,
375,5000000474,2017,1,1,0,0,0,101,,KRYPTONITE,SD00,RM00,,,,,,125007,,,0,0,,S,USD,20000.00,0,22000.00,,0,,15499,LB,15499,LB,15499,LB,4500000029,10,,,0,,,0,X,,,,,,NA00,,,,,,,,,,,,2017,,,US00,,0,,0,0,0,,0,2,,,,,,,,,B,,,,0,,,,,0,0,0,,,,,0,,0,0,0,,,,,0,,,,0,0,0,,,,20,LB,,125007,0,0,,0,,0,0,,,,,KRYPTONITE-040,,ME01,WE01,X,X,0,0,S,,,0,,,0,,,,1,0,,,,,,,,,0,,,,,,,,,F,,,0,,WE,1/30/17,1/30/17,3:33:28 PM,GBI-040,,MIGO_GR,,0,,,,,,,12:00:00 AM,,,,,,,,,,,0,,,,,
375,5000000475,2017,1,1,0,0,0,101,,KRYPTONITE,SD00,RM00,,,,,,125028,,,0,0,,S,USD,10000.00,0,10000.00,,0,,3991,LB,3991,LB,3991,LB,4500000033,10,,,0,,,0,X,,,,,,NA00,,,,,,,,,,,,2017,,,US00,,0,,0,0,0,,0,2,,,,,,,,,B,,,,0,,,,,0,0,0,,,,,0,,0,0,0,,,,,0,,,,0,0,0,,,,10,LB,,125028,0,0,,0,,0,0,,,,,KRYPTONITE-050,,ME01,WE01,X,X,0,0,S,,,0,,,0,,,,1,0,,,,,,,,,0,,,,,,,,,F,,,0,,WE,1/31/17,1/31/17,1:46:08 PM,GBI-050,,MIGO_GR,,0,,,,,,,12:00:00 AM,,,,,,,,,,,0,,,,,
375,5000000476,2017,1,1,0,0,0,101,,PALLADIUM,SD00,RM00,,,,,,125006,,,0,0,,S,USD,1000.00,0,32.13,,0,,446,G,446,G,446,G,4500000034,10,,,0,,,0,X,,,,,,NA00,,,,,,,,,,,,2017,,,US00,,0,,0,0,0,,0,2,,,,,,,,,B,,,,0,,,,,0,0,0,,,,,0,,0,0,0,,,,,0,,,,0,0,0,,,,10,G,,125006,0,0,,0,,0,0,,,,,PALLADIUM-035,,ME01,WE01,X,X,0,0,S,,,0,,,0,,,,1,0,,,,,,,,,0,,,,,,,,,F,,,0,,WE,1/31/17,1/31/17,3:57:10 PM,GBI-035,,MIGO_GR,,0,,,,,,,12:00:00 AM,,,,,,,,,,,0,,,,,
375,5000000477,2017,1,1,0,0,0,101,,KRYPTONITE,SD00,RM00,,,,,,125010,,,0,0,,S,USD,100000.00,0,107089.31,,0,,10178,LB,10178,LB,10178,LB,4500000035,10,,,0,,,0,X,,,,,,NA00,,,,,,,,,,,,2017,,,US00,,0,,0,0,0,,0,2,,,,,,,,,B,,,,0,,,,,0,0,0,,,,,0,,0,0,0,,,,,0,,,,0,0,0,,,,100,LB,,125010,0,0,,0,,0,0,,,,,KRYPTONITE-027,,ME01,WE01,X,X,0,0,S,,,0,,,0,,,,1,0,,,,,,,,,0,,,,,,,,,F,,,0,,WE,1/31/17,1/31/17,4:13:45 PM,GBI-027,,MIGO_GR,,0,,,,,,,12:00:00 AM,,,,,,,,,,,0,,,,,
375,5000000478,2017,1,1,0,0,0,101,,KRYPTONITE,SD00,RM00,,,,,,125027,,,0,0,,S,USD,10000.00,0,110.00,,0,,2363,LB,2363,LB,2363,LB,4500000037,10,,,0,,,0,X,,,,,,NA00,,,,,,,,,,,,2017,,,US00,,0,,0,0,0,,0,2,,,,,,,,,B,,,,0,,,,,0,0,0,,,,,0,,0,0,0,,,,,0,,,,0,0,0,,,,10,LB,,125027,0,0,,0,,0,0,,,,,KRYPTONITE-020,,ME01,WE01,X,X,0,0,S,,,0,,,0,,,,1,0,,,,,,,,,0,,,,,,,,,F,,,0,,WE,1/31/17,1/31/17,5:02:34 PM,GBI-020,,MIGO_GR,,0,,,,,,,12:00:00 AM,,,,,,,,,,,0,,,,,
375,5000000479,2017,1,1,0,0,0,101,,KRYPTONITE,SD00,RM00,,,,,,125025,,,0,0,,S,USD,10000000.00,0,10000000.00,,0,,8877,LB,8877,LB,8877,LB,4500000038,10,,,0,,,0,X,,,,,,NA00,,,,,,,,,,,,2017,,,US00,,0,,0,0,0,,0,2,,,,,,,,,B,,,,0,,,,,0,0,0,,,,,0,,0,0,0,,,,,0,,,,0,0,0,,,,"10,000",LB,,125025,0,0,,0,,0,0,,,,,KRYTONITE-014,,ME01,WE01,X,X,0,0,S,,,0,,,0,,,,1,0,,,,,,,,,0,,,,,,,,,F,,,0,,WE,1/31/17,1/31/17,5:42:18 PM,GBI-014,,MIGO_GR,,0,,,,,,,12:00:00 AM,,,,,,,,,,,0,,,,,
375,5000000480,2017,1,1,0,0,0,101,,KRYPTONITE,SD00,RM00,,,,,,125032,,,0,0,,S,USD,12000.00,0,15000.00,,0,,16011,LB,16011,LB,16011,LB,4500000039,10,,,0,,,0,X,,,,,,NA00,,,,,,,,,,,,2017,,,US00,,0,,0,0,0,,0,2,,,,,,,,,B,,,,0,,,,,0,0,0,,,,,0,,0,0,0,,,,,0,,,,0,0,0,,,,10,LB,,125032,0,0,,0,,0,0,,,,,KRYPTONITE-MOHIT,,ME01,WE01,X,X,0,0,S,,,0,,,0,,,,1,0,,,,,,,,,0,,,,,,,,,F,,,0,,WE,1/31/17,1/31/17,6:43:16 PM,GBI-050,,MIGO_GR,,0,,,,,,,12:00:00 AM,,,,,,,,,,,0,,,,,
375,5000000481,2017,1,1,0,0,0,101,,KRYPTONITE,SD00,RM00,,,,,,125039,,,0,0,,S,USD,1000000.00,0,1200000.00,,0,,19599,LB,19599,LB,19599,LB,4500000041,10,,,0,,,0,X,,,,,,NA00,,,,,,,,,,,,2017,,,US00,,0,,0,0,0,,0,2,,,,,,,,,B,,,,0,,,,,0,0,0,,,,,0,,0,0,0,,,,,0,,,,0,0,0,,,,"1,000",LB,,125039,0,0,,0,,0,0,,,,,KRYPTONITE-021,,ME01,WE01,X,X,0,0,S,,,0,,,0,,,,1,0,,,,,,,,,0,,,,,,,,,F,,,0,,WE,1/31/17,1/31/17,11:02:36 PM,GBI-021,,MIGO_GR,,0,,,,,,,12:00:00 AM,,,,,,,,,,,0,,,,,
375,5000000482,2017,1,1,0,0,0,101,,KRYPTONITE,SD00,RM00,,,,,,125041,,,0,0,,S,USD,10000.00,0,120000.00,,0,,19864,LB,19864,LB,19864,LB,4500000042,10,,,0,,,0,X,,,,,,NA00,,,,,,,,,,,,2017,,,US00,,0,,0,0,0,,0,2,,,,,,,,,B,,,,0,,,,,0,0,0,,,,,0,,0,0,0,,,,,0,,,,0,0,0,,,,10,OZ,,125041,0,0,,0,,0,0,,,,,KRYPTONITE-012,,ME01,WE01,X,X,0,0,S,,,0,,,0,,,,1,0,,,,,,,,,0,,,,,,,,,F,,,0,,WE,1/31/17,1/31/17,11:19:11 PM,GBI-012,,MIGO_GR,,0,,,,,,,12:00:00 AM,,,,,,,,,,,0,,,,,
375,5000000483,2017,1,1,0,0,0,101,,KRYPTONITE,SD00,RM00,,,,,,125035,,,0,0,,S,USD,100000.00,0,120000.00,,0,,15215,LB,15215,LB,15215,LB,4500000046,10,,,0,,,0,X,,,,,,NA00,,,,,,,,,,,,2017,,,US00,,0,,0,0,0,,0,2,,,,,,,,,B,,,,0,,,,,0,0,0,,,,,0,,0,0,0,,,,,0,,,,0,0,0,,,,100,LB,,125035,0,0,,0,,0,0,,,,,KRYPTONITE GBI-034,,ME01,WE01,X,X,0,0,S,,,0,,,0,,,,1,0,,,,,,,,,0,,,,,,,,,F,,,0,,WE,2/1/17,2/1/17,1:20:17 PM,GBI-034,,MIGO_GR,,0,,,,,,,12:00:00 AM,,,,,,,,,,,0,,,,,
375,5000000484,2017,1,1,0,0,0,101,,ADAMANTIUM,SD00,RM00,,,,,,125037,,,0,0,,S,USD,6172500.00,0,18517500.00,,0,,2613,LB,2613,LB,2613,LB,4500000047,10,,,0,,,0,X,,,,,,NA00,,,,,,,,,,,,2017,,,US00,,0,,0,0,0,,0,2,,,,,,,,,B,,,,0,,,,,0,0,0,,,,,0,,0,0,0,,,,,0,,,,0,0,0,,,,"12,345",LB,,125037,0,0,,0,,0,0,,,,,ADAMANTIUM-055,,ME01,WE01,X,X,100,"50,000.00",S,,,0,,,0,,,,1,0,,,,,,,,,0,,,,,,,,,F,,,0,,WE,2/1/17,2/1/17,1:29:12 PM,GBI-025,,MIGO_GR,,0,,,,,,,12:00:00 AM,,,,,,,,,,,0,,,,,
375,5000000485,2017,1,1,0,0,0,101,,KRYPTONITE,SD00,RM00,,,,,,125043,,,0,0,,S,USD,100000.00,0,10100000.00,,0,,11411,LB,11411,LB,11411,LB,4500000048,10,,,0,,,0,X,,,,,,NA00,,,,,,,,,,,,2017,,,US00,,0,,0,0,0,,0,2,,,,,,,,,B,,,,0,,,,,0,0,0,,,,,0,,0,0,0,,,,,0,,,,0,0,0,,,,100,LB,,125043,0,0,,0,,0,0,,,,,KRYPTONITE-059,,ME01,WE01,X,X,0,0,S,,,0,,,0,,,,1,0,,,,,,,,,0,,,,,,,,,F,,,0,,WE,2/1/17,2/1/17,1:35:54 PM,GBI-059,,MIGO_GR,,0,,,,,,,12:00:00 AM,,,,,,,,,,,0,,,,,
375,5000000486,2017,1,1,0,0,0,101,,KRYPTONITE,SD00,RM00,,,,,,125043,,,0,0,,S,USD,100000.00,0,10100000.00,,0,,3210,LB,3210,LB,3210,LB,4500000049,10,,,0,,,0,X,,,,,,NA00,,,,,,,,,,,,2017,,,US00,,0,,0,0,0,,0,2,,,,,,,,,B,,,,0,,,,,0,0,0,,,,,0,,0,0,0,,,,,0,,,,0,0,0,,,,100,LB,,125043,0,0,,0,,0,0,,,,,KRYPTONITE-059,,ME01,WE01,X,X,100,"100,000.00",S,,,0,,,0,,,,1,0,,,,,,,,,0,,,,,,,,,F,,,0,,WE,2/1/17,2/1/17,2:03:11 PM,GBI-059,,MIGO_GR,,0,,,,,,,12:00:00 AM,,,,,,,,,,,0,,,,,
375,5000000487,2017,1,2,0,0,0,101,,KRYPTONITE,SD00,RM00,,,,,,125044,,,0,0,,S,USD,200000.00,0,388000.00,,0,,14936,LB,14936,LB,14936,LB,4500000050,10,,,0,,,0,X,,,,,,NA00,,,,,,,,,,,,2017,,,US00,,0,,0,0,0,,0,2,,,,,,,,,B,,,,0,,,,,0,0,0,,,,,0,,0,0,0,,,,,0,,,,0,0,0,,,,200,LB,,125044,0,0,,0,,0,0,,,,,KRYPTONITE-062,,ME01,WE01,X,X,0,0,S,,,0,,,0,,,,1,0,,,,,,,,,0,,,,,,,,,F,,,0,,WE,2/1/17,2/1/17,2:25:49 PM,GBI-062,,MIGO_GR,,0,,,,,,,12:00:00 AM,,,,,,,,,,,0,,,,,
375,5000000488,2017,1,1,0,0,0,101,,KRYPTONITE,SD00,RM00,,,,,,125010,,,0,0,,S,USD,100000.00,0,107089.31,,0,,5961,LB,5961,LB,5961,LB,4500000051,10,,,0,,,0,X,,,,,,NA00,,,,,,,,,,,,2017,,,US00,,0,,0,0,0,,0,2,,,,,,,,,B,,,,0,,,,,0,0,0,,,,,0,,0,0,0,,,,,0,,,,0,0,0,,,,100,LB,,125010,0,0,,0,,0,0,,,,,KRYPTONITE-027,,ME01,WE01,X,X,100,"100,000.00",S,,,0,,,0,,,,1,0,,,,,,,,,0,,,,,,,,,F,,,0,,WE,2/1/17,2/1/17,2:53:06 PM,GBI-027,,MIGO_GR,,0,,,,,,,12:00:00 AM,,,,,,,,,,,0,,,,,
375,5000000489,2017,1,1,0,0,0,101,,IRON,SD00,RM00,,,,,,125040,,,0,0,,S,USD,10000.00,0,2141.79,,0,,2926,LB,2926,LB,2926,LB,4500000052,10,,,0,,,0,X,,,,,,NA00,,,,,,,,,,,,2017,,,US00,,0,,0,0,0,,0,2,,,,,,,,,B,,,,0,,,,,0,0,0,,,,,0,,0,0,0,,,,,0,,,,0,0,0,,,,100,LB,,125040,0,0,,0,,0,0,,,,,IRON-085,,ME01,WE01,X,X,0,0,S,,,0,,,0,,,,1,0,,,,,,,,,0,,,,,,,,,F,,,0,,WE,2/1/17,2/1/17,3:49:34 PM,GBI-058,,MIGO_GR,,0,,,,,,,12:00:00 AM,,,,,,,,,,,0,,,,,
375,5000000490,2017,1,1,0,0,0,101,,KRYPTONITE,SD00,RM00,,,,,,125048,,,0,0,,S,USD,100000.00,0,100000.00,,0,,5099,LB,5099,LB,5099,LB,4500000053,10,,,0,,,0,X,,,,,,NA00,,,,,,,,,,,,2017,,,US00,,0,,0,0,0,,0,2,,,,,,,,,B,,,,0,,,,,0,0,0,,,,,0,,0,0,0,,,,,0,,,,0,0,0,,,,100,LB,,125048,0,0,,0,,0,0,,,,,KRYPTONITE-036,,ME01,WE01,X,X,0,0,S,,,0,,,0,,,,1,0,,,,,,,,,0,,,,,,,,,F,,,0,,WE,2/1/17,2/1/17,4:47:53 PM,GBI-036,,MIGO_GR,,0,,,,,,,12:00:00 AM,,,,,,,,,,,0,,,,,
375,5000000491,2017,1,1,0,0,0,101,,KRYPTONITE,SD00,RM00,,,,,,125045,,,0,0,,S,USD,10000.00,0,1000000.00,,0,,10592,LB,10592,LB,10592,LB,4500000054,10,,,0,,,0,X,,,,,,NA00,,,,,,,,,,,,2017,,,US00,,0,,0,0,0,,0,2,,,,,,,,,B,,,,0,,,,,0,0,0,,,,,0,,0,0,0,,,,,0,,,,0,0,0,,,,10,KG,,125045,0,0,,0,,0,0,,,,,KRYPTONITE-064,,ME01,WE01,X,X,0,0,S,,,0,,,0,,,,1,0,,,,,,,,,0,,,,,,,,,F,,,0,,WE,2/1/17,2/1/17,4:52:26 PM,GBI-064,,MIGO_GR,,0,,,,,,,12:00:00 AM,,,,,,,,,,,0,,,,,
375,5000000492,2017,1,1,0,0,0,101,,KRYPTONITE,SD00,RM00,,,,,,125047,,,0,0,,S,USD,100000.00,0,10000000.00,,0,,17438,LB,17438,LB,17438,LB,4500000058,10,,,0,,,0,X,,,,,,NA00,,,,,,,,,,,,2017,,,US00,,0,,0,0,0,,0,2,,,,,,,,,B,,,,0,,,,,0,0,0,,,,,0,,0,0,0,,,,,0,,,,0,0,0,,,,100,LB,,125047,0,0,,0,,0,0,,,,,KRYPTONITE-065,,ME01,WE01,X,X,0,0,S,,,0,,,0,,,,1,0,,,,,,,,,0,,,,,,,,,F,,,0,,WE,2/1/17,2/1/17,5:55:39 PM,GBI-065,,MIGO_GR,,0,,,,,,,12:00:00 AM,,,,,,,,,,,0,,,,,
375,5000000493,2017,1,1,0,0,0,101,,IRON,SD00,RM00,,,,,,125040,,,0,0,,S,USD,10000.00,0,214178.62,,0,,6324,LB,6324,LB,6324,LB,4500000059,10,,,0,,,0,X,,,,,,NA00,,,,,,,,,,,,2017,,,US00,,0,,0,0,0,,0,2,,,,,,,,,B,,,,0,,,,,0,0,0,,,,,0,,0,0,0,,,,,0,,,,0,0,0,,,,100,LB,,125040,0,0,,0,,0,0,,,,,IRON-085,,ME01,WE01,X,X,100,"10,000.00",S,,,0,,,0,,,,1,0,,,,,,,,,0,,,,,,,,,F,,,0,,WE,2/1/17,2/1/17,6:08:07 PM,GBI-058,,MIGO_GR,,0,,,,,,,12:00:00 AM,,,,,,,,,,,0,,,,,
375,5000000494,2017,1,1,0,0,0,101,,KRYPTONITE,SD00,RM00,,,,,,125052,,,0,0,,S,USD,10000.00,0,10100.00,,0,,17469,LB,17469,LB,17469,LB,4500000057,10,,,0,,,0,X,,,,,,NA00,,,,,,,,,,,,2017,,,US00,,0,,0,0,0,,0,2,,,,,,,,,B,,,,0,,,,,0,0,0,,,,,0,,0,0,0,,,,,0,,,,0,0,0,,,,10,LB,,125052,0,0,,0,,0,0,,,,,KRYPTONITE-041,,ME01,WE01,X,X,0,0,S,,,0,,,0,,,,1,0,,,,,,,,,0,,,,,,,,,F,,,0,,WE,2/1/17,2/1/17,6:15:10 PM,GBI-041,,MIGO_GR,,0,,,,,,,12:00:00 AM,,,,,,,,,,,0,,,,,
375,5000000495,2017,1,1,0,0,0,101,,KRYPTONITE,SD00,RM00,,,,,,125047,,,0,0,,S,USD,100000.00,0,100000.00,,0,,1112,LB,1112,LB,1112,LB,4500000060,10,,,0,,,0,X,,,,,,NA00,,,,,,,,,,,,2017,,,US00,,0,,0,0,0,,0,2,,,,,,,,,B,,,,0,,,,,0,0,0,,,,,0,,0,0,0,,,,,0,,,,0,0,0,,,,100,LB,,125047,0,0,,0,,0,0,,,,,KRYPTONITE-065,,ME01,WE01,X,X,100,"100,000.00",S,,,0,,,0,,,,1,0,,,,,,,,,0,,,,,,,,,F,,,0,,WE,2/1/17,2/1/17,6:48:08 PM,GBI-065,,MIGO_GR,,0,,,,,,,12:00:00 AM,,,,,,,,,,,0,,,,,
375,5000000496,2017,1,1,0,0,0,101,,KRYPTONITE,SD00,RM00,,,,,,125051,,,0,0,,S,USD,1000.00,0,940.00,,0,,10923,LB,10923,LB,10923,LB,4500000056,10,,,0,,,0,X,,,,,,NA00,,,,,,,,,,,,2017,,,US00,,0,,0,0,0,,0,2,,,,,,,,,B,,,,0,,,,,0,0,0,,,,,0,,0,0,0,,,,,0,,,,0,0,0,,,,1,LB,,125051,0,0,,0,,0,0,,,,,KRYPTONITE-047,,ME01,WE01,X,X,0,0,S,,,0,,,0,,,,1,0,,,,,,,,,0,,,,,,,,,F,,,0,,WE,2/1/17,2/1/17,7:33:49 PM,GBI-047,,MIGO_GR,,0,,,,,,,12:00:00 AM,,,,,,,,,,,0,,,,,
375,5000000497,2017,1,1,0,0,0,101,,KRYPTONITE,SD00,RM00,,,,,,125037,,,0,0,,S,USD,100000.00,0,150000.00,,0,,17844,LB,17844,LB,17844,LB,4500000061,10,,,0,,,0,X,,,,,,NA00,,,,,,,,,,,,2017,,,US00,,0,,0,0,0,,0,2,,,,,,,,,B,,,,0,,,,,0,0,0,,,,,0,,0,0,0,,,,,0,,,,0,0,0,,,,100,LB,,125037,0,0,,0,,0,0,,,,,KRYPTONITE,,ME01,WE01,X,X,"1,600","1,600,000.00",S,,,0,,,0,,,,1,0,,,,,,,,,0,,,,,,,,,F,,,0,,WE,2/1/17,2/1/17,8:08:05 PM,GBI-025,,MIGO_GR,,0,,,,,,,12:00:00 AM,,,,,,,,,,,0,,,,,
375,5000000498,2017,1,1,0,0,0,101,,PAPER,SD00,RM00,,,,,,125058,,,0,0,,S,USD,35.00,0,65.80,,0,,22,LB,22,LB,22,LB,4500000062,10,,,0,,,0,X,,,,,,NA00,,,,,,,,,,,,2017,,,US00,,0,,0,0,0,,0,2,,,,,,,,,B,,,,0,,,,,0,0,0,,,,,0,,0,0,0,,,,,0,,,,0,0,0,,,,7,LB,,125058,0,0,,0,,0,0,,,,,PAPER-056,,ME01,WE01,X,X,0,0,S,,,0,,,0,,,,1,0,,,,,,,,,0,,,,,,,,,F,,,0,,WE,2/1/17,2/1/17,8:11:26 PM,GBI-056,,MIGO_GR,,0,,,,,,,12:00:00 AM,,,,,,,,,,,0,,,,,
375,5000000499,2017,1,1,0,0,0,101,,KRYPTONITE,SD00,RM00,,,,,,125021,,,0,0,,S,USD,100000.00,0,600000.00,,0,,16713,LB,16713,LB,16713,LB,4500000045,10,,,0,,,0,X,,,,,,NA00,,,,,,,,,,,,2017,,,US00,,0,,0,0,0,,0,2,,,,,,,,,B,,,,0,,,,,0,0,0,,,,,0,,0,0,0,,,,,0,,,,0,0,0,,,,100,LB,,125021,0,0,,0,,0,0,,,,,KRYPTONITE-030,,ME01,WE01,X,X,0,0,S,,,0,,,0,,,,1,0,,,,,,,,,0,,,,,,,,,F,,,0,,WE,2/1/17,2/1/17,8:12:51 PM,GBI-030,,MIGO_GR,,0,,,,,,,12:00:00 AM,,,,,,,,,,,0,,,,,
375,5000000500,2017,1,1,0,0,0,101,,KRYPTONITE,SD00,RM00,,,,,,125033,,,0,0,,S,USD,100000.00,0,20500.00,,0,,18310,LB,18310,LB,18310,LB,4500000063,10,,,0,,,0,X,,,,,,NA00,,,,,,,,,,,,2017,,,US00,,0,,0,0,0,,0,2,,,,,,,,,B,,,,0,,,,,0,0,0,,,,,0,,0,0,0,,,,,0,,,,0,0,0,,,,100,LB,,125033,0,0,,0,,0,0,,,,,KRYPTONITE-016,,ME01,WE01,X,X,0,0,S,,,0,,,0,,,,1,0,,,,,,,,,0,,,,,,,,,F,,,0,,WE,2/1/17,2/1/17,8:12:58 PM,GBI-052,,MIGO_GR,,0,,,,,,,12:00:00 AM,,,,,,,,,,,0,,,,,
375,5000000501,2017,1,1,0,0,0,101,,KRYPTONITE,SD00,RM00,,,,,,125055,,,0,0,,S,USD,50000.00,0,28140.00,,0,,6171,LB,6171,LB,6171,LB,4500000065,10,,,0,,,0,X,,,,,,NA00,,,,,,,,,,,,2017,,,US00,,0,,0,0,0,,0,2,,,,,,,,,B,,,,0,,,,,0,0,0,,,,,0,,0,0,0,,,,,0,,,,0,0,0,,,,50,LB,,125055,0,0,,0,,0,0,,,,,KRYPTONITE-044,,ME01,WE01,X,X,0,0,S,,,0,,,0,,,,1,0,,,,,,,,,0,,,,,,,,,F,,,0,,WE,2/1/17,2/1/17,8:24:27 PM,GBI-044,,MIGO_GR,,0,,,,,,,12:00:00 AM,,,,,,,,,,,0,,,,,
375,5000000502,2017,1,1,0,0,0,101,,KRYPTONITE,SD00,RM00,,,,,,125026,,,0,0,,S,USD,100000.00,0,12820.51,,0,,3491,LB,3491,LB,3491,LB,4500000032,10,,,0,,,0,X,,,,,,NA00,,,,,,,,,,,,2017,,,US00,,0,,0,0,0,,0,2,,,,,,,,,B,,,,0,,,,,0,0,0,,,,,0,,0,0,0,,,,,0,,,,0,0,0,,,,100,LB,,125026,0,0,,0,,0,0,,,,,KRYPTONITE-023,,ME01,WE01,X,X,0,0,S,,,0,,,0,,,,1,0,,,,,,,,,0,,,,,,,,,F,,,0,,WE,2/1/17,2/1/17,8:54:24 PM,GBI-023,,MIGO_GR,,0,,,,,,,12:00:00 AM,,,,,,,,,,,0,,,,,
375,5000000503,2017,1,1,0,0,0,101,,KRYPTONITE,SD00,RM00,,,,,,125060,,,0,0,,S,USD,100000.00,0,175000.00,,0,,17109,LB,17109,LB,17109,LB,4500000066,10,,,0,,,0,X,,,,,,NA00,,,,,,,,,,,,2017,,,US00,,0,,0,0,0,,0,2,,,,,,,,,B,,,,0,,,,,0,0,0,,,,,0,,0,0,0,,,,,0,,,,0,0,0,,,,10,OZ,,125060,0,0,,0,,0,0,,,,,KRYPTONITE-051,,ME01,WE01,X,X,0,0,S,,,0,,,0,,,,1,0,,,,,,,,,0,,,,,,,,,F,,,0,,WE,2/1/17,2/1/17,9:12:40 PM,GBI-051,,MIGO_GR,,0,,,,,,,12:00:00 AM,,,,,,,,,,,0,,,,,
375,5000000504,2017,1,1,0,0,0,101,,KRYPTONITE,SD00,RM00,,,,,,125029,,,0,0,,S,USD,5000.00,0,25000.00,,0,,1290,LB,1290,LB,1290,LB,4500000067,10,,,0,,,0,X,,,,,,NA00,,,,,,,,,,,,2017,,,US00,,0,,0,0,0,,0,2,,,,,,,,,B,,,,0,,,,,0,0,0,,,,,0,,0,0,0,,,,,0,,,,0,0,0,,,,5,LB,,125029,0,0,,0,,0,0,,,,,KRYPTONITE-049,,ME01,WE01,X,X,0,0,S,,,0,,,0,,,,1,0,,,,,,,,,0,,,,,,,,,F,,,0,,WE,2/1/17,2/1/17,9:16:33 PM,GBI-049,,MIGO_GR,,0,,,,,,,12:00:00 AM,,,,,,,,,,,0,,,,,
375,5000000505,2017,1,1,0,0,0,101,,CARBONITE,SD00,RM00,,,,,,125062,,,0,0,,S,USD,75000.00,0,75000.00,,0,,128,G,128,G,128,G,4500000068,10,,,0,,,0,X,,,,,,NA00,,,,,,,,,,,,2017,,,US00,,0,,0,0,0,,0,2,,,,,,,,,B,,,,0,,,,,0,0,0,,,,,0,,0,0,0,,,,,0,,,,0,0,0,,,,50,G,,125062,0,0,,0,,0,0,,,,,CARBONITE-042,,ME01,WE01,X,X,0,0,S,,,0,,,0,,,,1,0,,,,,,,,,0,,,,,,,,,F,,,0,,WE,2/1/17,2/1/17,10:11:01 PM,GBI-042,,MIGO_GR,,0,,,,,,,12:00:00 AM,,,,,,,,,,,0,,,,,
375,5000000506,2017,1,1,0,0,0,101,,LIQUID,SD00,RM00,,,,,,125038,,,0,0,,S,USD,200.00,0,209.15,,0,,14,FOZ,14,FOZ,14,FOZ,4500000069,10,,,0,,,0,X,,,,,,NA00,,,,,,,,,,,,2017,,,US00,,0,,0,0,0,,0,2,,,,,,,,,B,,,,0,,,,,0,0,0,,,,,0,,0,0,0,,,,,0,,,,0,0,0,,,,1,FOZ,,125038,0,0,,0,,0,0,,,,,LIQUID-054,,ME01,WE01,X,X,0,0,S,,,0,,,0,,,,1,0,,,,,,,,,0,,,,,,,,,F,,,0,,WE,2/1/17,2/1/17,10:51:17 PM,GBI-054,,MIGO_GR,,0,,,,,,,12:00:00 AM,,,,,,,,,,,0,,,,,
375,5000000507,2017,2,2,0,0,0,101,,LIQUID,SD00,RM00,,,,,,125038,,,0,0,,S,USD,20000.00,0,26143.79,,0,,77,FOZ,77,FOZ,77,FOZ,4500000069,20,,,0,,,0,X,,,,,,NA00,,,,,,,,,,,,2017,,,US00,,0,,0,0,0,,0,2,,,,,,,,,B,,,,0,,,,,0,0,0,,,,,0,,0,0,0,,,,,0,,,,0,0,0,,,,100,FOZ,,125038,0,0,,0,,0,0,,,,,LIQUID-054,,ME01,WE01,X,X,0,0,S,,,0,,,0,,,,2,0,,,,,,,,,0,,,,,,,,,F,,,0,,WE,2/1/17,2/1/17,10:51:17 PM,GBI-054,,MIGO_GR,,0,,,,,,,12:00:00 AM,,,,,,,,,,,0,,,,,
375,5000000508,2017,1,1,0,0,0,101,,MAGICDUST,SD00,RM00,,,,,,125068,,,0,0,,S,USD,150000.00,0,150500.00,,0,,14310,LB,14310,LB,14310,LB,4500000072,10,,,0,,,0,X,,,,,,NA00,,,,,,,,,,,,2017,,,US00,,0,,0,0,0,,0,2,,,,,,,,,B,,,,0,,,,,0,0,0,,,,,0,,0,0,0,,,,,0,,,,0,0,0,,,,100,LB,,125068,0,0,,0,,0,0,,,,,MAGICDUST-037,,ME01,WE01,X,X,0,0,S,,,0,,,0,,,,1,0,,,,,,,,,0,,,,,,,,,F,,,0,,WE,2/1/17,2/1/17,11:25:16 PM,GBI-037,,MIGO_GR,,0,,,,,,,12:00:00 AM,,,,,,,,,,,0,,,,,
375,5000000509,2017,1,1,0,0,0,101,,KRYPTONITE,SD00,RM00,,,,,,125030,,,0,0,,S,USD,10000.00,0,110000.00,,0,,9299,LB,9299,LB,9299,LB,4500000043,10,,,0,,,0,X,,,,,,NA00,,,,,,,,,,,,2017,,,US00,,0,,0,0,0,,0,2,,,,,,,,,B,,,,0,,,,,0,0,0,,,,,0,,0,0,0,,,,,0,,,,0,0,0,,,,10,LB,,125030,0,0,,0,,0,0,,,,,KRYPTONITE-008,,ME01,WE01,X,X,0,0,S,,,0,,,0,,,,1,0,,,,,,,,,0,,,,,,,,,F,,,0,,WE,2/1/17,2/1/17,11:37:02 PM,GBI-008,,MIGO_GR,,0,,,,,,,12:00:00 AM,,,,,,,,,,,0,,,,,
375,5000000510,2017,1,1,0,0,0,101,,ADAMANTIUM,SD00,RM00,,,,,,125057,,,0,0,,S,USD,100000.00,0,60000.00,,0,,8349,LB,8349,LB,8349,LB,4500000073,10,,,0,,,0,X,,,,,,NA00,,,,,,,,,,,,2017,,,US00,,0,,0,0,0,,0,2,,,,,,,,,B,,,,0,,,,,0,0,0,,,,,0,,0,0,0,,,,,0,,,,0,0,0,,,,100,LB,,125057,0,0,,0,,0,0,,,,,ADAMANTIUM-038,,ME01,WE01,X,X,0,0,S,,,0,,,0,,,,1,0,,,,,,,,,0,,,,,,,,,F,,,0,,WE,2/2/17,2/2/17,12:28:07 AM,GBI-038,,MIGO_GR,,0,,,,,,,12:00:00 AM,,,,,,,,,,,0,,,,,
375,5000000511,2017,1,1,0,0,0,101,,SILVER,SD00,RM00,,,,,,125071,,,0,0,,S,USD,100000.00,0,200000.00,,0,,15985,LB,15985,LB,15985,LB,4500000074,10,,,0,,,0,X,,,,,,NA00,,,,,,,,,,,,2017,,,US00,,0,,0,0,0,,0,2,,,,,,,,,B,,,,0,,,,,0,0,0,,,,,0,,0,0,0,,,,,0,,,,0,0,0,,,,100,LB,,125071,0,0,,0,,0,0,,,,,SILVER-061,,ME01,WE01,X,X,0,0,S,,,0,,,0,,,,1,0,,,,,,,,,0,,,,,,,,,F,,,0,,WE,2/2/17,2/2/17,1:07:54 AM,GBI-061,,MIGO_GR,,0,,,,,,,12:00:00 AM,,,,,,,,,,,0,,,,,
375,5000000512,2017,1,1,0,0,0,101,,IRON,SD00,RM00,,,,,,125040,,,0,0,,S,USD,1000.00,0,2143.93,,0,,11563,LB,11563,LB,11563,LB,4500000075,10,,,0,,,0,X,,,,,,NA00,,,,,,,,,,,,2017,,,US00,,0,,0,0,0,,0,2,,,,,,,,,B,,,,0,,,,,0,0,0,,,,,0,,0,0,0,,,,,0,,,,0,0,0,,,,10,LB,,125040,0,0,,0,,0,0,,,,,IRON-085,,ME01,WE01,X,X,200,"20,000.00",S,,,0,,,0,,,,1,0,,,,,,,,,0,,,,,,,,,F,,,0,,WE,2/2/17,2/2/17,1:20:37 AM,GBI-058,,MIGO_GR,,0,,,,,,,12:00:00 AM,,,,,,,,,,,0,,,,,
375,5000000513,2017,1,1,0,0,0,101,,MAGICDUST,SD00,RM00,,,,,,125074,,,0,0,,S,USD,150000.00,0,150500.00,,0,,17590,LB,17590,LB,17590,LB,4500000078,10,,,0,,,0,X,,,,,,NA00,,,,,,,,,,,,2017,,,US00,,0,,0,0,0,,0,2,,,,,,,,,B,,,,0,,,,,0,0,0,,,,,0,,0,0,0,,,,,0,,,,0,0,0,,,,100,LB,,125074,0,0,,0,,0,0,,,,,MAGICDUST2-037,,ME01,WE01,X,X,0,0,S,,,0,,,0,,,,1,0,,,,,,,,,0,,,,,,,,,F,,,0,,WE,2/2/17,2/2/17,4:06:40 AM,GBI-037,,MIGO_GR,,0,,,,,,,12:00:00 AM,,,,,,,,,,,0,,,,,
375,5000000514,2017,1,1,0,0,0,101,,KRYPTONITE,SD00,RM00,,,,,,125042,,,0,0,,S,USD,100000.00,0,100000.00,,0,,6567,LB,6567,LB,6567,LB,4500000044,10,,,0,,,0,X,,,,,,NA00,,,,,,,,,,,,2017,,,US00,,0,,0,0,0,,0,2,,,,,,,,,B,,,,0,,,,,0,0,0,,,,,0,,0,0,0,,,,,0,,,,0,0,0,,,,100,LB,,125042,0,0,,0,,0,0,,,,,KRYPTONITE-043,,ME01,WE01,X,X,0,0,S,,,0,,,0,,,,1,0,,,,,,,,,0,,,,,,,,,F,,,0,,WE,2/2/17,2/2/17,9:33:16 AM,GBI-043,,MIGO_GR,,0,,,,,,,12:00:00 AM,,,,,,,,,,,0,,,,,
375,5000000515,2017,1,1,0,0,0,101,,GOLD,SD00,RM00,,,,,,125070,,,0,0,,S,USD,80.00,0,100.80,,0,,265,G,265,G,265,G,4500000079,10,,,0,,,0,X,,,,,,NA00,,,,,,,,,,,,2017,,,US00,,0,,0,0,0,,0,2,,,,,,,,,B,,,,0,,,,,0,0,0,,,,,0,,0,0,0,,,,,0,,,,0,0,0,,,,2,G,,125070,0,0,,0,,0,0,,,,,GOLD-026,,ME01,WE01,X,X,0,0,S,,,0,,,0,,,,1,0,,,,,,,,,0,,,,,,,,,F,,,0,,WE,2/2/17,2/2/17,10:29:15 AM,GBI-026,,MIGO_GR,,0,,,,,,,12:00:00 AM,,,,,,,,,,,0,,,,,
375,5000000516,2017,1,1,0,0,0,101,,WALLET,SD00,RM00,,,,,,125075,,,0,0,,S,USD,200.00,0,2020.00,,0,,8275,LB,8275,LB,8275,LB,4500000081,10,,,0,,,0,X,,,,,,NA00,,,,,,,,,,,,2017,,,US00,,0,,0,0,0,,0,2,,,,,,,,,B,,,,0,,,,,0,0,0,,,,,0,,0,0,0,,,,,0,,,,0,0,0,,,,10,LB,,125075,0,0,,0,,0,0,,,,,WALLET-031,,ME01,WE01,X,X,0,0,S,,,0,,,0,,,,1,0,,,,,,,,,0,,,,,,,,,F,,,0,,WE,2/2/17,2/2/17,10:35:45 AM,GBI-031,,MIGO_GR,,0,,,,,,,12:00:00 AM,,,,,,,,,,,0,,,,,
375,5000000517,2017,1,1,0,0,0,101,,KRYPTONITE,SD00,RM00,,,,,,125036,,,0,0,,S,USD,4000.00,0,40.00,,0,,17385,LB,17385,LB,17385,LB,4500000080,10,,,0,,,0,X,,,,,,NA00,,,,,,,,,,,,2017,,,US00,,0,,0,0,0,,0,2,,,,,,,,,B,,,,0,,,,,0,0,0,,,,,0,,0,0,0,,,,,0,,,,0,0,0,,,,2,KG,,125036,0,0,,0,,0,0,,,,,KRYPTONITE-053,,ME01,WE01,X,X,0,0,S,,,0,,,0,,,,1,0,,,,,,,,,0,,,,,,,,,F,,,0,,WE,2/2/17,2/2/17,10:39:17 AM,GBI-053,,MIGO_GR,,0,,,,,,,12:00:00 AM,,,,,,,,,,,0,,,,,
375,5000000518,2017,1,1,0,0,0,101,,KRYPTONITE,SD00,RM00,,,,,,125053,,,0,0,,S,USD,5000.00,0,5100.00,,0,,7161,LB,7161,LB,7161,LB,4500000082,10,,,0,,,0,X,,,,,,NA00,,,,,,,,,,,,2017,,,US00,,0,,0,0,0,,0,2,,,,,,,,,B,,,,0,,,,,0,0,0,,,,,0,,0,0,0,,,,,0,,,,0,0,0,,,,10,KG,,125053,0,0,,0,,0,0,,,,,KRYPTONITE-013,,ME01,WE01,X,X,0,0,S,,,0,,,0,,,,1,0,,,,,,,,,0,,,,,,,,,F,,,0,,WE,2/2/17,2/2/17,10:49:29 AM,GBI-013,,MIGO_GR,,0,,,,,,,12:00:00 AM,,,,,,,,,,,0,,,,,
375,5000000519,2017,1,1,0,0,0,101,,KRYPTONITE,SD00,RM00,,,,,,125078,,,0,0,,S,USD,2000.00,0,4000.00,,0,,10598,LB,10598,LB,10598,LB,4500000083,10,,,0,,,0,X,,,,,,NA00,,,,,,,,,,,,2017,,,US00,,0,,0,0,0,,0,2,,,,,,,,,B,,,,0,,,,,0,0,0,,,,,0,,0,0,0,,,,,0,,,,0,0,0,,,,2,GAL,,125078,0,0,,0,,0,0,,,,,KRYPTONITE-GBI048V,,ME01,WE01,X,X,0,0,S,,,0,,,0,,,,1,0,,,,,,,,,0,,,,,,,,,F,,,0,,WE,2/2/17,2/2/17,11:09:09 AM,GBI-048,,MIGO_GR,,0,,,,,,,12:00:00 AM,,,,,,,,,,,0,,,,,
375,5000000520,2017,1,1,0,0,0,101,,RUBY,SD00,RM00,,,,,,125046,,,0,0,,S,USD,30000.00,0,32000.00,,0,,58,G,58,G,58,G,4500000086,20,,,0,,,0,X,,,,,,NA00,,,,,,,,,,,,2017,,,US00,,0,,0,0,0,,0,2,,,,,,,,,B,,,,0,,,,,0,0,0,,,,,0,,0,0,0,,,,,0,,,,0,0,0,,,,200,G,,125046,0,0,,0,,0,0,,,,,RUBY-045,,ME01,WE01,X,X,0,0,S,,,0,,,0,,,,1,0,,,,,,,,,0,,,,,,,,,F,,,0,,WE,2/2/17,2/2/17,4:26:43 PM,GBI-045,,MIGO_GR,,0,,,,,,,12:00:00 AM,,,,,,,,,,,0,,,,,
375,5000000521,2017,1,1,0,0,0,101,,KRYPTONITE,SD00,RM00,,,,,,125054,,,0,0,,S,USD,100000.00,0,89743.59,,0,,6231,LB,6231,LB,6231,LB,4500000064,20,,,0,,,0,X,,,,,,NA00,,,,,,,,,,,,2017,,,US00,,0,,0,0,0,,0,2,,,,,,,,,B,,,,0,,,,,0,0,0,,,,,0,,0,0,0,,,,,0,,,,0,0,0,,,,100,LB,,125054,0,0,,0,,0,0,,,,,KRYPTONITE-033,,ME01,WE01,X,X,0,0,S,,,0,,,0,,,,1,0,,,,,,,,,0,,,,,,,,,F,,,0,,WE,2/2/17,2/2/17,4:27:13 PM,GBI-033,,MIGO_GR,,0,,,,,,,12:00:00 AM,,,,,,,,,,,0,,,,,
375,5000000522,2017,1,1,0,0,0,101,,KRYPTONITE,SD00,RM00,,,,,,125080,,,0,0,,S,USD,9000.00,0,9040.14,,0,,18618,LB,18618,LB,18618,LB,4500000088,10,,,0,,,0,X,,,,,,NA00,,,,,,,,,,,,2017,,,US00,,0,,0,0,0,,0,2,,,,,,,,,B,,,,0,,,,,0,0,0,,,,,0,,0,0,0,,,,,0,,,,0,0,0,,,,3,LB,,125080,0,0,,0,,0,0,,,,,KRYPTONITE-060,,ME01,WE01,X,X,0,0,S,,,0,,,0,,,,1,0,,,,,,,,,0,,,,,,,,,F,,,0,,WE,2/3/17,2/3/17,12:22:55 AM,GBI-060,,MIGO_GR,,0,,,,,,,12:00:00 AM,,,,,,,,,,,0,,,,,
375,5000000523,2017,1,1,0,0,0,101,,KRYPTONITE,SD00,RM00,,,,,,125016,,,0,0,,S,USD,100000.00,0,92470.63,,0,,280,LB,280,LB,280,LB,4500000091,10,,,0,,,0,X,,,,,,NA00,,,,,,,,,,,,2017,,,US00,,0,,0,0,0,,0,2,,,,,,,,,B,,,,0,,,,,0,0,0,,,,,0,,0,0,0,,,,,0,,,,0,0,0,,,,100,LB,,125016,0,0,,0,,0,0,,,,,KRYTONITE-029,,ME01,WE01,X,X,100,"100,000.00",S,,,0,,,0,,,,1,0,,,,,,,,,0,,,,,,,,,F,,,0,,WE,2/4/17,2/4/17,7:14:17 PM,GBI-029,,MIGO_GR,,0,,,,,,,12:00:00 AM,,,,,,,,,,,0,,,,,
375,5000000524,2017,1,1,0,0,0,101,,KRYPTONITE,SD00,RM00,,,,,,125081,,,0,0,,S,USD,100000.00,0,15447.99,,0,,18141,LB,18141,LB,18141,LB,4500000096,10,,,0,,,0,X,,,,,,NA00,,,,,,,,,,,,2017,,,US00,,0,,0,0,0,,0,2,,,,,,,,,B,,,,0,,,,,0,0,0,,,,,0,,0,0,0,,,,,0,,,,0,0,0,,,,100,G,,125081,0,0,,0,,0,0,,,,,KRYPTONITE-009,,ME01,WE01,X,X,0,0,S,,,0,,,0,,,,1,0,,,,,,,,,0,,,,,,,,,F,,,0,,WE,2/6/17,2/6/17,2:47:23 PM,GBI-009,,MIGO_GR,,0,,,,,,,12:00:00 AM,,,,,,,,,,,0,,,,,
375,5000000525,2017,1,1,0,0,0,101,,KRYPTONITE,SD00,RM00,,,,,,125011,,,0,0,,S,USD,100000.00,0,24154.59,,0,,14368,LB,14368,LB,14368,LB,4500000094,10,,,0,,,0,X,,,,,,NA00,,,,,,,,,,,,2017,,,US00,,0,,0,0,0,,0,2,,,,,,,,,B,,,,0,,,,,0,0,0,,,,,0,,0,0,0,,,,,0,,,,0,0,0,,,,100,LB,,125011,0,0,,0,,0,0,,,,,KRYPTONITE-011,,ME01,WE01,X,X,100,"100,000.00",S,,,0,,,0,,,,1,0,,,,,,,,,0,,,,,,,,,F,,,0,,WE,2/6/17,2/6/17,5:00:12 PM,GBI-011,,MIGO_GR,,0,,,,,,,12:00:00 AM,,,,,,,,,,,0,,,,,
375,5000000526,2017,1,1,0,0,0,101,,KRYPTONITE,SD00,RM00,,,,,,125053,,,0,0,,S,USD,5000.00,0,5000.00,,0,,3616,LB,3616,LB,3616,LB,4500000098,10,,,0,,,0,X,,,,,,NA00,,,,,,,,,,,,2017,,,US00,,0,,0,0,0,,0,2,,,,,,,,,B,,,,0,,,,,0,0,0,,,,,0,,0,0,0,,,,,0,,,,0,0,0,,,,10,KG,,125053,0,0,,0,,0,0,,,,,KRYPTONITE-013,,ME01,WE01,X,X,10,"5,000.00",S,,,0,,,0,,,,1,0,,,,,,,,,0,,,,,,,,,F,,,0,,WE,2/6/17,2/6/17,10:26:43 PM,GBI-013,,MIGO_GR,,0,,,,,,,12:00:00 AM,,,,,,,,,,,0,,,,,
375,5000000527,2017,1,1,0,0,0,101,,KRYPTONITE,SD00,RM00,,,,,,125031,,,0,0,,S,USD,500000.00,0,2000000.00,,0,,11738,LB,11738,LB,11738,LB,4500000099,10,,,0,,,0,X,,,,,,NA00,,,,,,,,,,,,2017,,,US00,,0,,0,0,0,,0,2,,,,,,,,,B,,,,0,,,,,0,0,0,,,,,0,,0,0,0,,,,,0,,,,0,0,0,,,,500,LB,,125031,0,0,,0,,0,0,,,,,KRYPTONITE-006,,ME01,WE01,X,X,0,0,S,,,0,,,0,,,,1,0,,,,,,,,,0,,,,,,,,,F,,,0,,WE,2/7/17,2/7/17,10:29:37 AM,GBI-006,,MIGO_GR,,0,,,,,,,12:00:00 AM,,,,,,,,,,,0,,,,,
375,5000000528,2017,1,1,0,0,0,101,,ADAMANTIUM,SD00,RM00,,,,,,125008,,,0,0,,S,USD,25000.00,0,250000.00,,0,,18724,LB,18724,LB,18724,LB,4500000104,10,,,0,,,0,X,,,,,,NA00,,,,,,,,,,,,2017,,,US00,,0,,0,0,0,,0,2,,,,,,,,,B,,,,0,,,,,0,0,0,,,,,0,,0,0,0,,,,,0,,,,0,0,0,,,,50,LB,,125008,0,0,,0,,0,0,,,,,ADAMANTIUM-055,,ME01,WE01,X,X,"12,445","6,222,500.00",S,,,0,,,0,,,,1,0,,,,,,,,,0,,,,,,,,,F,,,0,,WE,2/7/17,2/7/17,9:06:38 PM,GBI-055,,MIGO_GR,,0,,,,,,,12:00:00 AM,,,,,,,,,,,0,,,,,
375,5000000529,2017,1,1,0,0,0,101,,IRON,SD00,RM00,,,,,,125040,,,0,0,,S,USD,2000.00,0,4285.71,,0,,1834,LB,1834,LB,1834,LB,4500000109,10,,,0,,,0,X,,,,,,NA00,,,,,,,,,,,,2017,,,US00,,0,,0,0,0,,0,2,,,,,,,,,B,,,,0,,,,,0,0,0,,,,,0,,0,0,0,,,,,0,,,,0,0,0,,,,20,LB,,125040,0,0,,0,,0,0,,,,,IRON-085,,ME01,WE01,X,X,210,"21,000.00",S,,,0,,,0,,,,1,0,,,,,,,,,0,,,,,,,,,F,,,0,,WE,2/7/17,2/7/17,10:36:42 PM,GBI-058,,MIGO_GR,,0,,,,,,,12:00:00 AM,,,,,,,,,,,0,,,,,
375,5000000530,2017,1,1,0,0,0,101,,KRYPTONITE,SD00,RM00,,,,,,125043,,,0,0,,S,USD,200000.00,0,20200000.00,,0,,2833,LB,2833,LB,2833,LB,4500000110,10,,,0,,,0,X,,,,,,NA00,,,,,,,,,,,,2017,,,US00,,0,,0,0,0,,0,2,,,,,,,,,B,,,,0,,,,,0,0,0,,,,,0,,0,0,0,,,,,0,,,,0,0,0,,,,200,LB,,125043,0,0,,0,,0,0,,,,,KRYPTONITE-059,,ME01,WE01,X,X,200,"200,000.00",S,,,0,,,0,,,,1,0,,,,,,,,,0,,,,,,,,,F,,,0,,WE,2/7/17,2/7/17,10:45:51 PM,GBI-059,,MIGO_GR,,0,,,,,,,12:00:00 AM,,,,,,,,,,,0,,,,,
375,5000000531,2017,1,1,0,0,0,101,,KRYPTONITE,SD00,RM00,,,,,,125010,,,0,0,,S,USD,100000.00,0,107089.31,,0,,3874,LB,3874,LB,3874,LB,4500000111,10,,,0,,,0,X,,,,,,NA00,,,,,,,,,,,,2017,,,US00,,0,,0,0,0,,0,2,,,,,,,,,B,,,,0,,,,,0,0,0,,,,,0,,0,0,0,,,,,0,,,,0,0,0,,,,100,LB,,125010,0,0,,0,,0,0,,,,,KRYPTONITE-027,,ME01,WE01,X,X,200,"200,000.00",S,,,0,,,0,,,,1,0,,,,,,,,,0,,,,,,,,,F,,,0,,WE,2/7/17,2/7/17,10:46:12 PM,GBI-027,,MIGO_GR,,0,,,,,,,12:00:00 AM,,,,,,,,,,,0,,,,,
375,5000000532,2017,1,1,0,0,0,101,,MAGICDUST,SD00,RM00,,,,,,125074,,,0,0,,S,USD,150000.00,0,150000.00,,0,,9293,LB,9293,LB,9293,LB,4500000112,10,,,0,,,0,X,,,,,,NA00,,,,,,,,,,,,2017,,,US00,,0,,0,0,0,,0,2,,,,,,,,,B,,,,0,,,,,0,0,0,,,,,0,,0,0,0,,,,,0,,,,0,0,0,,,,100,LB,,125074,0,0,,0,,0,0,,,,,MAGICDUST-037,,ME01,WE01,X,X,100,"150,000.00",S,,,0,,,0,,,,1,0,,,,,,,,,0,,,,,,,,,F,,,0,,WE,2/8/17,2/8/17,4:16:19 AM,GBI-037,,MIGO_GR,,0,,,,,,,12:00:00 AM,,,,,,,,,,,0,,,,,
375,5000000533,2017,1,1,0,0,0,101,,SILVER,SD00,RM00,,,,,,125071,,,0,0,,S,USD,100000.00,0,100000.00,,0,,14452,LB,14452,LB,14452,LB,4500000113,10,,,0,,,0,X,,,,,,NA00,,,,,,,,,,,,2017,,,US00,,0,,0,0,0,,0,2,,,,,,,,,B,,,,0,,,,,0,0,0,,,,,0,,0,0,0,,,,,0,,,,0,0,0,,,,100,LB,,125071,0,0,,0,,0,0,,,,,SILVER-061,,ME01,WE01,X,X,100,"100,000.00",S,,,0,,,0,,,,1,0,,,,,,,,,0,,,,,,,,,F,,,0,,WE,2/8/17,2/8/17,10:54:35 AM,GBI-061,,MIGO_GR,,0,,,,,,,12:00:00 AM,,,,,,,,,,,0,,,,,
375,5000000534,2017,1,1,0,0,0,101,,KRYPTONITE,SD00,RM00,,,,,,125017,,,0,0,,S,USD,20000.00,0,4000.00,,0,,15955,LB,15955,LB,15955,LB,4500000114,10,,,0,,,0,X,,,,,,NA00,,,,,,,,,,,,2017,,,US00,,0,,0,0,0,,0,2,,,,,,,,,B,,,,0,,,,,0,0,0,,,,,0,,0,0,0,,,,,0,,,,0,0,0,,,,20,LB,,125017,0,0,,0,,0,0,,,,,KRYPTONITE-046,,ME01,WE01,X,X,100,"100,000.00",S,,,0,,,0,,,,1,0,,,,,,,,,0,,,,,,,,,F,,,0,,WE,2/8/17,2/8/17,2:01:34 PM,GBI-046,,MIGO_GR,,0,,,,,,,12:00:00 AM,,,,,,,,,,,0,,,,,
375,5000000535,2017,1,1,0,0,0,101,,KRYPTONITE,SD00,RM00,,,,,,125035,,,0,0,,S,USD,140000.00,0,168000.00,,0,,1914,LB,1914,LB,1914,LB,4500000115,10,,,0,,,0,X,,,,,,NA00,,,,,,,,,,,,2017,,,US00,,0,,0,0,0,,0,2,,,,,,,,,B,,,,0,,,,,0,0,0,,,,,0,,0,0,0,,,,,0,,,,0,0,0,,,,140,LB,,125035,0,0,,0,,0,0,,,,,KRYPTONITE GBI-034,,ME01,WE01,X,X,100,"100,000.00",S,,,0,,,0,,,,1,0,,,,,,,,,0,,,,,,,,,F,,,0,,WE,2/8/17,2/8/17,2:25:22 PM,GBI-034,,MIGO_GR,,0,,,,,,,12:00:00 AM,,,,,,,,,,,0,,,,,
375,5000000536,2017,1,1,0,0,0,101,,KRYPTONITE,SD00,RM00,,,,,,125035,,,0,0,,S,USD,180000.00,0,216000.00,,0,,11456,LB,11456,LB,11456,LB,4500000123,10,,,0,,,0,X,,,,,,NA00,,,,,,,,,,,,2017,,,US00,,0,,0,0,0,,0,2,,,,,,,,,B,,,,0,,,,,0,0,0,,,,,0,,0,0,0,,,,,0,,,,0,0,0,,,,180,LB,,125035,0,0,,0,,0,0,,,,,KRYPTONITE GBI-034,,ME01,WE01,X,X,240,"240,000.00",S,,,0,,,0,,,,1,0,,,,,,,,,0,,,,,,,,,F,,,0,,WE,2/8/17,2/8/17,2:47:29 PM,GBI-034,,MIGO_GR,,0,,,,,,,12:00:00 AM,,,,,,,,,,,0,,,,,
375,5000000537,2017,1,1,0,0,0,101,,DIAMOND,SD00,RM00,,,,,,125003,,,0,0,,S,USD,150000.00,0,150000.00,,0,,1102,LB,1102,LB,1102,LB,4500000122,10,,,0,,,0,X,,,,,,NA00,,,,,,,,,,,,2017,,,US00,,0,,0,0,0,,0,2,,,,,,,,,B,,,,0,,,,,0,0,0,,,,,0,,0,0,0,,,,,0,,,,0,0,0,,,,100,LB,,125003,0,0,,0,,0,0,,,,,DIAMOND-032,,ME01,WE01,X,X,20,"30,000.00",S,,,0,,,0,,,,1,0,,,,,,,,,0,,,,,,,,,F,,,0,,WE,2/8/17,2/8/17,2:47:31 PM,GBI-032,,MIGO_GR,,0,,,,,,,12:00:00 AM,,,,,,,,,,,0,,,,,
375,5000000538,2017,1,1,0,0,0,101,,KRYPTONITE,SD00,RM00,,,,,,125007,,,0,0,,S,USD,20000.00,0,22000.00,,0,,838,LB,838,LB,838,LB,4500000128,10,,,0,,,0,X,,,,,,NA00,,,,,,,,,,,,2017,,,US00,,0,,0,0,0,,0,2,,,,,,,,,B,,,,0,,,,,0,0,0,,,,,0,,0,0,0,,,,,0,,,,0,0,0,,,,20,LB,,125007,0,0,,0,,0,0,,,,,KRYPTONITE-040,,ME01,WE01,X,X,20,"20,000.00",S,,,0,,,0,,,,1,0,,,,,,,,,0,,,,,,,,,F,,,0,,WE,2/8/17,2/8/17,5:00:36 PM,GBI-040,,MIGO_GR,,0,,,,,,,12:00:00 AM,,,,,,,,,,,0,,,,,
375,5000000539,2017,1,1,0,0,0,101,,KRYPTONITE,SD00,RM00,,,,,,125027,,,0,0,,S,USD,100000.00,0,1000.00,,0,,8424,LB,8424,LB,8424,LB,4500000100,10,,,0,,,0,X,,,,,,NA00,,,,,,,,,,,,2017,,,US00,,0,,0,0,0,,0,2,,,,,,,,,B,,,,0,,,,,0,0,0,,,,,0,,0,0,0,,,,,0,,,,0,0,0,,,,100,LB,,125027,0,0,,0,,0,0,,,,,KRYPTONITE-020,,ME01,WE01,X,X,10,"10,000.00",S,,,0,,,0,,,,1,0,,,,,,,,,0,,,,,,,,,F,,,0,,WE,2/8/17,2/8/17,7:30:32 PM,GBI-020,,MIGO_GR,,0,,,,,,,12:00:00 AM,,,,,,,,,,,0,,,,,
375,5000000540,2017,1,1,0,0,0,101,,KRYPTONITE,SD00,RM00,,,,,,125024,,,0,0,,S,USD,1000.00,0,1000.00,,0,,5129,LB,5129,LB,5129,LB,4500000132,10,,,0,,,0,X,,,,,,NA00,,,,,,,,,,,,2017,,,US00,,0,,0,0,0,,0,2,,,,,,,,,B,,,,0,,,,,0,0,0,,,,,0,,0,0,0,,,,,0,,,,0,0,0,,,,1,LB,,125024,0,0,,0,,0,0,,,,,KRYPTONITE-010,,ME01,WE01,X,X,1,"1,000.00",S,,,0,,,0,,,,1,0,,,,,,,,,0,,,,,,,,,F,,,0,,WE,2/8/17,2/8/17,7:54:31 PM,GBI-010,,MIGO_GR,,0,,,,,,,12:00:00 AM,,,,,,,,,,,0,,,,,
375,5000000541,2017,1,1,0,0,0,101,,LIQUID,SD00,RM00,,,,,,125038,,,0,0,,S,USD,200.00,0,217.86,,0,,95,FOZ,95,FOZ,95,FOZ,4500000138,10,,,0,,,0,X,,,,,,NA00,,,,,,,,,,,,2017,,,US00,,0,,0,0,0,,0,2,,,,,,,,,B,,,,0,,,,,0,0,0,,,,,0,,0,0,0,,,,,0,,,,0,0,0,,,,1,FOZ,,125038,0,0,,0,,0,0,,,,,LIQUID-054,,ME01,WE01,X,X,101,"20,200.00",S,,,0,,,0,,,,1,0,,,,,,,,,0,,,,,,,,,F,,,0,,WE,2/8/17,2/8/17,8:54:34 PM,GBI-054,,MIGO_GR,,0,,,,,,,12:00:00 AM,,,,,,,,,,,0,,,,,
375,5000000542,2017,1,1,0,0,0,101,,KRYPTONITE,SD00,RM00,,,,,,125036,,,0,0,,S,USD,4000.00,0,40.00,,0,,7220,LB,7220,LB,7220,LB,4500000137,10,,,0,,,0,X,,,,,,NA00,,,,,,,,,,,,2017,,,US00,,0,,0,0,0,,0,2,,,,,,,,,B,,,,0,,,,,0,0,0,,,,,0,,0,0,0,,,,,0,,,,0,0,0,,,,2,KG,,125036,0,0,,0,,0,0,,,,,KRYPTONITE-053,,ME01,WE01,X,X,2,"4,000.00",S,,,0,,,0,,,,1,0,,,,,,,,,0,,,,,,,,,F,,,0,,WE,2/8/17,2/8/17,8:55:09 PM,GBI-053,,MIGO_GR,,0,,,,,,,12:00:00 AM,,,,,,,,,,,0,,,,,
375,5000000543,2017,1,1,0,0,0,101,,KRYPTONITE,SD00,RM00,,,,,,125078,,,0,0,,S,USD,10000.00,0,20000.00,,0,,18881,LB,18881,LB,18881,LB,4500000142,10,,,0,,,0,X,,,,,,NA00,,,,,,,,,,,,2017,,,US00,,0,,0,0,0,,0,2,,,,,,,,,B,,,,0,,,,,0,0,0,,,,,0,,0,0,0,,,,,0,,,,0,0,0,,,,10,GAL,,125078,0,0,,0,,0,0,,,,,KRYPTONITE-GBI048V,,ME01,WE01,X,X,2,"2,000.00",S,,,0,,,0,,,,1,0,,,,,,,,,0,,,,,,,,,F,,,0,,WE,2/8/17,2/8/17,10:03:31 PM,GBI-048,,MIGO_GR,,0,,,,,,,12:00:00 AM,,,,,,,,,,,0,,,,,
375,5000000544,2017,1,1,0,0,0,101,,KRYPTONITE,SD00,RM00,,,,,,125018,,,0,0,,S,USD,1000000.00,0,949400.00,,0,,14166,LB,14166,LB,14166,LB,4500000117,10,,,0,,,0,X,,,,,,NA00,,,,,,,,,,,,2017,,,US00,,0,,0,0,0,,0,2,,,,,,,,,B,,,,0,,,,,0,0,0,,,,,0,,0,0,0,,,,,0,,,,0,0,0,,,,"1,000",LB,,125018,0,0,,0,,0,0,,,,,KRYPTONITE-017,,ME01,WE01,X,X,"1,000","1,000,000.00",S,,,0,,,0,,,,1,0,,,,,,,,,0,,,,,,,,,F,,,0,,WE,2/8/17,2/8/17,10:03:58 PM,GBI-017,,MIGO_GR,,0,,,,,,,12:00:00 AM,,,,,,,,,,,0,,,,,
375,5000000545,2017,1,1,0,0,0,101,,KRYPTONITE,SD00,RM00,,,,,,125032,,,0,0,,S,USD,12000.00,0,12000.00,,0,,18267,LB,18267,LB,18267,LB,4500000143,10,,,0,,,0,X,,,,,,NA00,,,,,,,,,,,,2017,,,US00,,0,,0,0,0,,0,2,,,,,,,,,B,,,,0,,,,,0,0,0,,,,,0,,0,0,0,,,,,0,,,,0,0,0,,,,10,LB,,125032,0,0,,0,,0,0,,,,,KRYPTONITE-MOHIT,,ME01,WE01,X,X,10,"12,000.00",S,,,0,,,0,,,,1,0,,,,,,,,,0,,,,,,,,,F,,,0,,WE,2/8/17,2/8/17,10:16:27 PM,GBI-050,,MIGO_GR,,0,,,,,,,12:00:00 AM,,,,,,,,,,,0,,,,,
375,5000000546,2017,1,1,0,0,0,101,,KRYPTONITE,SD00,RM00,,,,,,125039,,,0,0,,S,USD,1000000.00,0,1200000.00,,0,,11363,LB,11363,LB,11363,LB,4500000139,10,,,0,,,0,X,,,,,,NA00,,,,,,,,,,,,2017,,,US00,,0,,0,0,0,,0,2,,,,,,,,,B,,,,0,,,,,0,0,0,,,,,0,,0,0,0,,,,,0,,,,0,0,0,,,,"1,000",LB,,125039,0,0,,0,,0,0,,,,,KRYPTONITE-021,,ME01,WE01,X,X,"1,000","1,000,000.00",S,,,0,,,0,,,,1,0,,,,,,,,,0,,,,,,,,,F,,,0,,WE,2/8/17,2/8/17,10:34:33 PM,GBI-021,,MIGO_GR,,0,,,,,,,12:00:00 AM,,,,,,,,,,,0,,,,,
375,5000000547,2017,1,1,0,0,0,101,,KRYPTONITE,SD00,RM00,,,,,,125080,,,0,0,,S,USD,30000.00,0,30133.80,,0,,19280,LB,19280,LB,19280,LB,4500000141,10,,,0,,,0,X,,,,,,NA00,,,,,,,,,,,,2017,,,US00,,0,,0,0,0,,0,2,,,,,,,,,B,,,,0,,,,,0,0,0,,,,,0,,0,0,0,,,,,0,,,,0,0,0,,,,10,LB,,125080,0,0,,0,,0,0,,,,,KRYPTONITE-060,,ME01,WE01,X,X,3,"9,000.00",S,,,0,,,0,,,,1,0,,,,,,,,,0,,,,,,,,,F,,,0,,WE,2/8/17,2/8/17,10:48:52 PM,GBI-060,,MIGO_GR,,0,,,,,,,12:00:00 AM,,,,,,,,,,,0,,,,,
375,5000000548,2017,1,1,0,0,0,101,,KRYPTONITE,SD00,RM00,,,,,,125060,,,0,0,,S,USD,10000.00,0,10000.00,,0,,12249,LB,12249,LB,12249,LB,4500000147,10,,,0,,,0,X,,,,,,NA00,,,,,,,,,,,,2017,,,US00,,0,,0,0,0,,0,2,,,,,,,,,B,,,,0,,,,,0,0,0,,,,,0,,0,0,0,,,,,0,,,,0,0,0,,,,10,LB,,125060,0,0,,0,,0,0,,,,,KRYPTONITE,,ME01,WE01,X,X,"1,700","1,700,000.00",S,,,0,,,0,,,,1,0,,,,,,,,,0,,,,,,,,,F,,,0,,WE,2/8/17,2/8/17,10:58:15 PM,GBI-051,,MIGO_GR,,0,,,,,,,12:00:00 AM,,,,,,,,,,,0,,,,,
375,5000000549,2017,1,1,0,0,0,101,,KRYPTONITE,SD00,RM00,,,,,,125080,,,0,0,,S,USD,30000.00,0,30000.00,,0,,12170,LB,12170,LB,12170,LB,4500000148,10,,,0,,,0,X,,,,,,NA00,,,,,,,,,,,,2017,,,US00,,0,,0,0,0,,0,2,,,,,,,,,B,,,,0,,,,,0,0,0,,,,,0,,0,0,0,,,,,0,,,,0,0,0,,,,10,LB,,125080,0,0,,0,,0,0,,,,,KRYPTONITE-060,,ME01,WE01,X,X,13,"39,000.00",S,,,0,,,0,,,,1,0,,,,,,,,,0,,,,,,,,,F,,,0,,WE,2/8/17,2/8/17,11:01:23 PM,GBI-060,,MIGO_GR,,0,,,,,,,12:00:00 AM,,,,,,,,,,,0,,,,,
375,5000000550,2017,1,1,0,0,0,101,,KRYPTONITE,SD00,RM00,,,,,,125026,,,0,0,,S,USD,10000.00,0,1282.05,,0,,8536,LB,8536,LB,8536,LB,4500000149,10,,,0,,,0,X,,,,,,NA00,,,,,,,,,,,,2017,,,US00,,0,,0,0,0,,0,2,,,,,,,,,B,,,,0,,,,,0,0,0,,,,,0,,0,0,0,,,,,0,,,,0,0,0,,,,10,LB,,125026,0,0,,0,,0,0,,,,,KRYPTONITE-023,,ME01,WE01,X,X,100,"100,000.00",S,,,0,,,0,,,,1,0,,,,,,,,,0,,,,,,,,,F,,,0,,WE,2/8/17,2/8/17,11:12:06 PM,GBI-023,,MIGO_GR,,0,,,,,,,12:00:00 AM,,,,,,,,,,,0,,,,,
375,5000000551,2017,1,1,0,0,0,101,,KRYPTONITE,SD00,RM00,,,,,,125018,,,0,0,,S,USD,1000000.00,0,940000.00,,0,,8253,LB,8253,LB,8253,LB,4500000150,10,,,0,,,0,X,,,,,,NA00,,,,,,,,,,,,2017,,,US00,,0,,0,0,0,,0,2,,,,,,,,,B,,,,0,,,,,0,0,0,,,,,0,,0,0,0,,,,,0,,,,0,0,0,,,,"1,000",LB,,125018,0,0,,0,,0,0,,,,,KRYPTONITE-017,,ME01,WE01,X,X,"2,000","2,000,000.00",S,,,0,,,0,,,,1,0,,,,,,,,,0,,,,,,,,,F,,,0,,WE,2/8/17,2/8/17,11:17:44 PM,GBI-017,,MIGO_GR,,0,,,,,,,12:00:00 AM,,,,,,,,,,,0,,,,,
375,5000000552,2017,1,1,0,0,0,101,,KRYPTONITE,SD00,RM00,,,,,,125018,,,0,0,,S,USD,1000000.00,0,940000.00,,0,,16491,LB,16491,LB,16491,LB,4500000151,10,,,0,,,0,X,,,,,,NA00,,,,,,,,,,,,2017,,,US00,,0,,0,0,0,,0,2,,,,,,,,,B,,,,0,,,,,0,0,0,,,,,0,,0,0,0,,,,,0,,,,0,0,0,,,,"1,000",LB,,125018,0,0,,0,,0,0,,,,,KRYPTONITE-017,,ME01,WE01,X,X,"3,000","3,000,000.00",S,,,0,,,0,,,,1,0,,,,,,,,,0,,,,,,,,,F,,,0,,WE,2/8/17,2/8/17,11:28:41 PM,GBI-017,,MIGO_GR,,0,,,,,,,12:00:00 AM,,,,,,,,,,,0,,,,,
375,5000000553,2017,1,1,0,0,0,101,,KRYPTONITE,SD00,RM00,,,,,,125083,,,0,0,,S,USD,10000.00,0,10100.00,,0,,1163,LB,1163,LB,1163,LB,4500000153,10,,,0,,,0,X,,,,,,NA00,,,,,,,,,,,,2017,,,US00,,0,,0,0,0,,0,2,,,,,,,,,B,,,,0,,,,,0,0,0,,,,,0,,0,0,0,,,,,0,,,,0,0,0,,,,10,LB,,125083,0,0,,0,,0,0,,,,,KRYPTONITE-031,,ME01,WE01,X,X,0,0,S,,,0,,,0,,,,1,0,,,,,,,,,0,,,,,,,,,F,,,0,,WE,2/9/17,2/9/17,2:03:44 AM,GBI-031,,MIGO_GR,,0,,,,,,,12:00:00 AM,,,,,,,,,,,0,,,,,
375,5000000554,2017,1,1,0,0,0,101,,RUBY,SD00,RM00,,,,,,125046,,,0,0,,S,USD,45000.00,0,48000.00,,0,,611,G,611,G,611,G,4500000155,10,,,0,,,0,X,,,,,,NA00,,,,,,,,,,,,2017,,,US00,,0,,0,0,0,,0,2,,,,,,,,,B,,,,0,,,,,0,0,0,,,,,0,,0,0,0,,,,,0,,,,0,0,0,,,,300,G,,125046,0,0,,0,,0,0,,,,,RUBY-045,,ME01,WE01,X,X,200,"30,000.00",S,,,0,,,0,,,,1,0,,,,,,,,,0,,,,,,,,,F,,,0,,WE,2/9/17,2/9/17,9:07:32 AM,GBI-045,,MIGO_GR,,0,,,,,,,12:00:00 AM,,,,,,,,,,,0,,,,,
375,5000000555,2017,1,1,0,0,0,101,,KRYPTONITE,SD00,RM00,,,,,,125042,,,0,0,,S,USD,50000.00,0,50000.00,,0,,11024,LB,11024,LB,11024,LB,4500000157,10,,,0,,,0,X,,,,,,NA00,,,,,,,,,,,,2017,,,US00,,0,,0,0,0,,0,2,,,,,,,,,B,,,,0,,,,,0,0,0,,,,,0,,0,0,0,,,,,0,,,,0,0,0,,,,50,LB,,125042,0,0,,0,,0,0,,,,,KRYPTONITE-043,,ME01,WE01,X,X,100,"100,000.00",S,,,0,,,0,,,,1,0,,,,,,,,,0,,,,,,,,,F,,,0,,WE,2/9/17,2/9/17,9:49:03 AM,GBI-043,,MIGO_GR,,0,,,,,,,12:00:00 AM,,,,,,,,,,,0,,,,,
375,5000000556,2017,1,1,0,0,0,101,,PALLADIUM,SD00,RM00,,,,,,125006,,,0,0,,S,USD,4000.00,0,128.51,,0,,602,G,602,G,602,G,4500000131,10,,,0,,,0,X,,,,,,NA00,,,,,,,,,,,,2017,,,US00,,0,,0,0,0,,0,2,,,,,,,,,B,,,,0,,,,,0,0,0,,,,,0,,0,0,0,,,,,0,,,,0,0,0,,,,40,G,,125006,0,0,,0,,0,0,,,,,PALLADIUM-035,,ME01,WE01,X,X,10,"1,000.00",S,,,0,,,0,,,,1,0,,,,,,,,,0,,,,,,,,,F,,,0,,WE,2/9/17,2/9/17,10:34:28 AM,GBI-035,,MIGO_GR,,0,,,,,,,12:00:00 AM,,,,,,,,,,,0,,,,,
375,5000000557,2017,1,1,0,0,0,101,,KRYPTONITE,SD00,RM00,,,,,,125029,,,0,0,,S,USD,2000.00,0,400.00,,0,,6588,LB,6588,LB,6588,LB,4500000158,10,,,0,,,0,X,,,,,,NA00,,,,,,,,,,,,2017,,,US00,,0,,0,0,0,,0,2,,,,,,,,,B,,,,0,,,,,0,0,0,,,,,0,,0,0,0,,,,,0,,,,0,0,0,,,,2,LB,,125029,0,0,,0,,0,0,,,,,KRYPTONITE-049,,ME01,WE01,X,X,5,"5,000.00",S,,,0,,,0,,,,1,0,,,,,,,,,0,,,,,,,,,F,,,0,,WE,2/9/17,2/9/17,11:14:50 AM,GBI-049,,MIGO_GR,,0,,,,,,,12:00:00 AM,,,,,,,,,,,0,,,,,
375,5000000558,2017,1,1,0,0,0,101,,PALLADIUM,SD00,RM00,,,,,,125006,,,0,0,,S,USD,5000.00,0,160.63,,0,,567,G,567,G,567,G,4500000160,10,,,0,,,0,X,,,,,,NA00,,,,,,,,,,,,2017,,,US00,,0,,0,0,0,,0,2,,,,,,,,,B,,,,0,,,,,0,0,0,,,,,0,,0,0,0,,,,,0,,,,0,0,0,,,,50,G,,125006,0,0,,0,,0,0,,,,,PALLADIUM-035,,ME01,WE01,X,X,50,"5,000.00",S,,,0,,,0,,,,1,0,,,,,,,,,0,,,,,,,,,F,,,0,,WE,2/9/17,2/9/17,11:19:32 AM,GBI-035,,MIGO_GR,,0,,,,,,,12:00:00 AM,,,,,,,,,,,0,,,,,
375,5000000559,2017,1,1,0,0,0,101,,KRYPTONITE,SD00,RM00,,,,,,125082,,,0,0,,S,USD,100000.00,0,100000.00,,0,,15844,LB,15844,LB,15844,LB,4500000101,10,,,0,,,0,X,,,,,,NA00,,,,,,,,,,,,2017,,,US00,,0,,0,0,0,,0,2,,,,,,,,,B,,,,0,,,,,0,0,0,,,,,0,,0,0,0,,,,,0,,,,0,0,0,,,,100,LB,,125082,0,0,,0,,0,0,,,,,KRYPTONITE,,ME01,WE01,X,X,"1,710","1,710,000.00",S,,,0,,,0,,,,1,0,,,,,,,,,0,,,,,,,,,F,,,0,,WE,2/10/17,2/10/17,6:28:30 PM,GBI-039,,MIGO_GR,,0,,,,,,,12:00:00 AM,,,,,,,,,,,0,,,,,
375,5000000560,2017,1,1,0,0,0,101,,TEST,SD00,RM00,,,,,,125047,,,0,0,,S,USD,9000.00,0,900000.00,,0,,9147,LB,9147,LB,9147,LB,4500000171,10,,,0,,,0,X,,,,,,NA00,,,,,,,,,,,,2017,,,US00,,0,,0,0,0,,0,2,,,,,,,,,B,,,,0,,,,,0,0,0,,,,,0,,0,0,0,,,,,0,,,,0,0,0,,,,90,LB,,125047,0,0,,0,,0,0,,,,,TEST1,,ME01,WE01,X,X,0,0,S,,,0,,,90,LB,,,1,0,,,,,,,,,0,,,,,,,,,F,,,0,,WE,2/13/17,2/13/17,3:03:38 PM,GBI-065,,MIGO_GR,,0,,,,,,,12:00:00 AM,,,,,,,,,,,0,,,,,
375,5000000561,2017,1,1,0,0,0,101,,TEST,SD00,RM00,,,,,,125047,,,0,0,,S,USD,8000.00,0,800000.00,,0,,7246,LB,7246,LB,7246,LB,4500000172,10,,,0,,,0,,,,,,,NA00,,,,,,,,,,,,2017,,,US00,,0,,0,0,0,,0,2,,,,,,,,,B,,,,0,,,,,0,0,0,,,,,0,,0,0,0,,,,,0,,,,0,0,0,,,,80,LB,,125047,0,0,,0,,0,0,,,,,TEST1,,ME01,WE01,X,X,90,"9,000.00",S,,,0,,,0,,,,1,0,,,,,,,,,0,,,,,,,,,F,,,0,,WE,2/13/17,2/13/17,3:21:16 PM,GBI-065,,MIGO_GR,,0,,,,,,,12:00:00 AM,,,,,,,,,,,0,,,,,
375,5000000562,2017,1,1,0,0,0,101,,KRYPTONITE,SD00,RM00,,,,,,125000,,,0,0,,S,USD,98000.00,0,2617.58,,0,,10294,LB,10294,LB,10294,LB,4500000173,10,,,0,,,0,,,,,,,NA00,,,,,,,,,,,,2017,,,US00,,0,,0,0,0,,0,2,,,,,,,,,B,,,,0,,,,,0,0,0,,,,,0,,0,0,0,,,,,0,,,,0,0,0,,,,98,LB,,125000,0,0,,0,,0,0,,,,,KRYPTONITE,,ME01,WE01,X,X,"1,810","1,810,000.00",S,,,0,,,0,,,,1,0,,,,,,,,,0,,,,,,,,,F,,,0,,WE,2/13/17,2/13/17,3:41:36 PM,GBIFAC-01,,MIGO_GR,,0,,,,,,,12:00:00 AM,,,,,,,,,,,0,,,,,
375,5000000563,2017,1,1,0,0,0,101,,KRYPTONITE,SD00,RM00,,,,,,125000,,,0,0,,S,USD,98000.00,0,2617.58,,0,,12528,LB,12528,LB,12528,LB,4500000174,10,,,0,,,0,X,,,,,,NA00,,,,,,,,,,,,2017,,,US00,,0,,0,0,0,,0,2,,,,,,,,,B,,,,0,,,,,0,0,0,,,,,0,,0,0,0,,,,,0,,,,0,0,0,,,,98,LB,,125000,0,0,,0,,0,0,,,,,KRYPTONITE,,ME01,WE01,X,X,"1,908","1,908,000.00",S,,,0,,,0,,,,1,0,,,,,,,,,0,,,,,,,,,F,,,0,,WE,2/13/17,2/13/17,3:55:25 PM,GBIFAC-01,,MIGO_GR,,0,,,,,,,12:00:00 AM,,,,,,,,,,,0,,,,,
375,5000000564,2017,1,1,0,0,0,101,,KRYPTONITE,SD00,RM00,,,,,,125000,,,0,0,,S,USD,50000.00,0,1335.50,,0,,15483,LB,15483,LB,15483,LB,4500000175,10,,,0,,,0,X,,,,,,NA00,,,,,,,,,,,,2017,,,US00,,0,,0,0,0,,0,2,,,,,,,,,B,,,,0,,,,,0,0,0,,,,,0,,0,0,0,,,,,0,,,,0,0,0,,,,50,LB,,125000,0,0,,0,,0,0,,,,,KRYPTONITE,,ME01,WE01,X,X,"2,006","2,006,000.00",S,,,0,,,0,,,,1,0,,,,,,,,,0,,,,,,,,,F,,,0,,WE,2/13/17,2/13/17,3:59:49 PM,GBIFAC-01,,MIGO_GR,,0,,,,,,,12:00:00 AM,,,,,,,,,,,0,,,,,
375,5000000565,2017,1,1,0,0,0,101,,KRYPTONITE,SD00,RM00,,,,,,125000,,,0,0,,S,USD,98000.00,0,2617.58,,0,,5926,LB,5926,LB,5926,LB,4500000185,10,,,0,,,0,X,,,,,,NA00,,,,,,,,,,,,2017,,,US00,,0,,0,0,0,,0,2,,,,,,,,,B,,,,0,,,,,0,0,0,,,,,0,,0,0,0,,,,,0,,,,0,0,0,,,,98,LB,,125000,0,0,,0,,0,0,,,,,KRYPTONITE,,ME01,WE01,X,X,"2,056","2,056,000.00",S,,,0,,,0,,,,1,0,,,,,,,,,0,,,,,,,,,F,,,0,,WE,2/14/17,2/14/17,7:19:13 PM,GBIFAC-01,,MIGO_GR,,0,,,,,,,12:00:00 AM,,,,,,,,,,,0,,,,,
375,5000000566,2017,1,1,0,0,0,101,,HEXNT,SD00,RM00,,,,,,125094,,,0,0,,S,USD,12300.00,0,12200.00,,0,,3100,LB,3100,LB,3100,LB,4500000186,10,,,0,,,0,X,,,,,,NA00,,,,,,,,,,,,2017,,,US00,,0,,0,0,0,,0,2,,,,,,,,,B,,,,0,,,,,0,0,0,,,,,0,,0,0,0,,,,,0,,,,0,0,0,,,,"10,000",LB,,125094,0,0,,0,,0,0,,,,,HEXNT-01,,ME01,WE01,X,X,0,0,S,,,0,,,0,,,,1,0,,,,,,,,,0,,,,,,,,,F,,,0,,WE,2/14/17,2/14/17,7:58:17 PM,GBI-050,,MIGO_GR,,0,,,,,,,12:00:00 AM,,,,,,,,,,,0,,,,,
375,5000000567,2017,1,1,0,0,0,101,,HEXNT,SD00,RM00,,,,,,125094,,,0,0,,S,USD,12300.00,0,12300.00,,0,,18345,LB,18345,LB,18345,LB,4500000187,10,,,0,,,0,X,,,,,,NA00,,,,,,,,,,,,2017,,,US00,,0,,0,0,0,,0,2,,,,,,,,,B,,,,0,,,,,0,0,0,,,,,0,,0,0,0,,,,,0,,,,0,0,0,,,,"10,000",LB,,125094,0,0,,0,,0,0,,,,,HEXNT-01,,ME01,WE01,X,X,"10,000","12,300.00",S,,,0,,,0,,,,1,0,,,,,,,,,0,,,,,,,,,F,,,0,,WE,2/14/17,2/14/17,8:00:11 PM,GBI-050,,MIGO_GR,,0,,,,,,,12:00:00 AM,,,,,,,,,,,0,,,,,
375,5000000568,2017,1,1,0,0,0,101,,HEXNT,SD00,RM00,,,,,,125094,,,0,0,,S,USD,12300.00,0,12300.00,,0,,7000,LB,7000,LB,7000,LB,4500000188,10,,,0,,,0,X,,,,,,NA00,,,,,,,,,,,,2017,,,US00,,0,,0,0,0,,0,2,,,,,,,,,B,,,,0,,,,,0,0,0,,,,,0,,0,0,0,,,,,0,,,,0,0,0,,,,"10,000",LB,,125094,0,0,,0,,0,0,,,,,HEXNT-01,,ME01,WE01,X,X,"20,000","24,600.00",S,,,0,,,0,,,,1,0,,,,,,,,,0,,,,,,,,,F,,,0,,WE,2/14/17,2/14/17,8:00:47 PM,GBI-050,,MIGO_GR,,0,,,,,,,12:00:00 AM,,,,,,,,,,,0,,,,,
375,5000000569,2017,1,1,0,0,0,101,,HEXNT,SD00,RM00,,,,,,125094,,,0,0,,S,USD,12300.00,0,12300.00,,0,,8561,LB,8561,LB,8561,LB,4500000189,10,,,0,,,0,X,,,,,,NA00,,,,,,,,,,,,2017,,,US00,,0,,0,0,0,,0,2,,,,,,,,,B,,,,0,,,,,0,0,0,,,,,0,,0,0,0,,,,,0,,,,0,0,0,,,,"10,000",LB,,125094,0,0,,0,,0,0,,,,,HEXNT-01,,ME01,WE01,X,X,"30,000","36,900.00",S,,,0,,,0,,,,1,0,,,,,,,,,0,,,,,,,,,F,,,0,,WE,2/14/17,2/14/17,8:01:15 PM,GBI-050,,MIGO_GR,,0,,,,,,,12:00:00 AM,,,,,,,,,,,0,,,,,
375,5000000570,2017,1,1,0,0,0,101,,HEXNT,SD00,RM00,,,,,,125094,,,0,0,,S,USD,12300.00,0,12400.00,,0,,627,LB,627,LB,627,LB,4500000190,10,,,0,,,0,X,,,,,,NA00,,,,,,,,,,,,2017,,,US00,,0,,0,0,0,,0,2,,,,,,,,,B,,,,0,,,,,0,0,0,,,,,0,,0,0,0,,,,,0,,,,0,0,0,,,,"10,000",LB,,125094,0,0,,0,,0,0,,,,,HEXNT-01,,ME01,WE01,X,X,"40,000","49,200.00",S,,,0,,,0,,,,1,0,,,,,,,,,0,,,,,,,,,F,,,0,,WE,2/14/17,2/14/17,8:01:43 PM,GBI-050,,MIGO_GR,,0,,,,,,,12:00:00 AM,,,,,,,,,,,0,,,,,
375,5000000571,2017,1,1,0,0,0,101,,HEXNT,SD00,RM00,,,,,,125094,,,0,0,,S,USD,12300.00,0,12200.00,,0,,2434,LB,2434,LB,2434,LB,4500000191,10,,,0,,,0,X,,,,,,NA00,,,,,,,,,,,,2017,,,US00,,0,,0,0,0,,0,2,,,,,,,,,B,,,,0,,,,,0,0,0,,,,,0,,0,0,0,,,,,0,,,,0,0,0,,,,"10,000",LB,,125094,0,0,,0,,0,0,,,,,HEXNT-01,,ME01,WE01,X,X,"50,000","61,500.00",S,,,0,,,0,,,,1,0,,,,,,,,,0,,,,,,,,,F,,,0,,WE,2/14/17,2/14/17,8:02:08 PM,GBI-050,,MIGO_GR,,0,,,,,,,12:00:00 AM,,,,,,,,,,,0,,,,,
375,5000000572,2017,1,3,0,0,0,101,,GOLD,SD00,RM00,,,,,,125070,,,0,0,,S,USD,800.00,0,1008.00,,0,,950,G,950,G,950,G,4500000121,10,,,0,,,0,X,,,,,,NA00,,,,,,,,,,,,2017,,,US00,,0,,0,0,0,,0,2,,,,,,,,,B,,,,0,,,,,0,0,0,,,,,0,,0,0,0,,,,,0,,,,0,0,0,,,,20,G,,125070,0,0,,0,,0,0,,,,,GOLD-026,,ME01,WE01,X,X,2,80,S,,,0,,,0,,,,1,0,,,,,,,,,0,,,,,,,,,F,,,0,,WE,2/14/17,2/14/17,9:45:16 PM,GBI-026,,MIGO_GR,,0,,,,,,,12:00:00 AM,,,,,,,,,,,0,,,,,
375,5000000573,2017,1,1,0,0,0,101,,HEXNT,SD00,RM00,,,,,,125094,,,0,0,,S,USD,12300.00,0,12300.00,,0,,17989,LB,17989,LB,17989,LB,4500000192,10,,,0,,,0,X,,,,,,NA00,,,,,,,,,,,,2017,,,US00,,0,,0,0,0,,0,2,,,,,,,,,B,,,,0,,,,,0,0,0,,,,,0,,0,0,0,,,,,0,,,,0,0,0,,,,"10,000",LB,,125094,0,0,,0,,0,0,,,,,HEXNT-01,,ME01,WE01,X,X,"60,000","73,800.00",S,,,0,,,0,,,,1,0,,,,,,,,,0,,,,,,,,,F,,,0,,WE,2/14/17,2/14/17,10:13:28 PM,GBI-046,,MIGO_GR,,0,,,,,,,12:00:00 AM,,,,,,,,,,,0,,,,,
375,5000000574,2017,1,1,0,0,0,101,,HEXNT,SD00,RM00,,,,,,125094,,,0,0,,S,USD,12300.00,0,12300.00,,0,,8863,LB,8863,LB,8863,LB,4500000193,10,,,0,,,0,X,,,,,,NA00,,,,,,,,,,,,2017,,,US00,,0,,0,0,0,,0,2,,,,,,,,,B,,,,0,,,,,0,0,0,,,,,0,,0,0,0,,,,,0,,,,0,0,0,,,,"10,000",LB,,125094,0,0,,0,,0,0,,,,,HEXNT-01,,ME01,WE01,X,X,"70,000","86,100.00",S,,,0,,,0,,,,1,0,,,,,,,,,0,,,,,,,,,F,,,0,,WE,2/14/17,2/14/17,10:14:24 PM,GBI-046,,MIGO_GR,,0,,,,,,,12:00:00 AM,,,,,,,,,,,0,,,,,
375,5000000575,2017,1,1,0,0,0,101,,HEXNT,SD00,RM00,,,,,,125094,,,0,0,,S,USD,12300.00,0,12200.00,,0,,7827,LB,7827,LB,7827,LB,4500000194,10,,,0,,,0,X,,,,,,NA00,,,,,,,,,,,,2017,,,US00,,0,,0,0,0,,0,2,,,,,,,,,B,,,,0,,,,,0,0,0,,,,,0,,0,0,0,,,,,0,,,,0,0,0,,,,"10,000",LB,,125094,0,0,,0,,0,0,,,,,HEXNT-01,,ME01,WE01,X,X,"80,000","98,400.00",S,,,0,,,0,,,,1,0,,,,,,,,,0,,,,,,,,,F,,,0,,WE,2/14/17,2/14/17,10:14:59 PM,GBI-046,,MIGO_GR,,0,,,,,,,12:00:00 AM,,,,,,,,,,,0,,,,,
375,5000000576,2017,1,1,0,0,0,101,,HEXNT,SD00,RM00,,,,,,125094,,,0,0,,S,USD,12300.00,0,12200.00,,0,,13332,LB,13332,LB,13332,LB,4500000195,10,,,0,,,0,X,,,,,,NA00,,,,,,,,,,,,2017,,,US00,,0,,0,0,0,,0,2,,,,,,,,,B,,,,0,,,,,0,0,0,,,,,0,,0,0,0,,,,,0,,,,0,0,0,,,,"10,000",LB,,125094,0,0,,0,,0,0,,,,,HEXNT-01,,ME01,WE01,X,X,"90,000","110,700.00",S,,,0,,,0,,,,1,0,,,,,,,,,0,,,,,,,,,F,,,0,,WE,2/14/17,2/14/17,10:15:25 PM,GBI-046,,MIGO_GR,,0,,,,,,,12:00:00 AM,,,,,,,,,,,0,,,,,
375,5000000577,2017,1,1,0,0,0,101,,HEXNT,SD00,RM00,,,,,,125094,,,0,0,,S,USD,12300.00,0,12300.00,,0,,7953,LB,7953,LB,7953,LB,4500000196,10,,,0,,,0,X,,,,,,NA00,,,,,,,,,,,,2017,,,US00,,0,,0,0,0,,0,2,,,,,,,,,B,,,,0,,,,,0,0,0,,,,,0,,0,0,0,,,,,0,,,,0,0,0,,,,"10,000",LB,,125094,0,0,,0,,0,0,,,,,HEXNT-01,,ME01,WE01,X,X,"100,000","123,000.00",S,,,0,,,0,,,,1,0,,,,,,,,,0,,,,,,,,,F,,,0,,WE,2/14/17,2/14/17,10:15:47 PM,GBI-046,,MIGO_GR,,0,,,,,,,12:00:00 AM,,,,,,,,,,,0,,,,,
375,5000000578,2017,1,1,0,0,0,101,,HEXNT,SD00,RM00,,,,,,125094,,,0,0,,S,USD,12300.00,0,12200.00,,0,,1376,LB,1376,LB,1376,LB,4500000197,10,,,0,,,0,X,,,,,,NA00,,,,,,,,,,,,2017,,,US00,,0,,0,0,0,,0,2,,,,,,,,,B,,,,0,,,,,0,0,0,,,,,0,,0,0,0,,,,,0,,,,0,0,0,,,,"10,000",LB,,125094,0,0,,0,,0,0,,,,,HEXNT-01,,ME01,WE01,X,X,"110,000","135,300.00",S,,,0,,,0,,,,1,0,,,,,,,,,0,,,,,,,,,F,,,0,,WE,2/14/17,2/14/17,10:16:09 PM,GBI-046,,MIGO_GR,,0,,,,,,,12:00:00 AM,,,,,,,,,,,0,,,,,
375,5000000579,2017,1,1,0,0,0,101,,HEXNT,SD00,RM00,,,,,,125094,,,0,0,,S,USD,12300.00,0,12300.00,,0,,1694,LB,1694,LB,1694,LB,4500000199,10,,,0,,,0,X,,,,,,NA00,,,,,,,,,,,,2017,,,US00,,0,,0,0,0,,0,2,,,,,,,,,B,,,,0,,,,,0,0,0,,,,,0,,0,0,0,,,,,0,,,,0,0,0,,,,"10,000",LB,,125094,0,0,,0,,0,0,,,,,HEXNT-01,,ME01,WE01,X,X,"120,000","147,600.00",S,,,0,,,0,,,,1,0,,,,,,,,,0,,,,,,,,,F,,,0,,WE,2/14/17,2/14/17,11:01:06 PM,GBI-058,,MIGO_GR,,0,,,,,,,12:00:00 AM,,,,,,,,,,,0,,,,,
375,5000000580,2017,1,1,0,0,0,101,,HEXNT,SD00,RM00,,,,,,125094,,,0,0,,S,USD,12300.00,0,12300.00,,0,,19539,LB,19539,LB,19539,LB,4500000200,10,,,0,,,0,X,,,,,,NA00,,,,,,,,,,,,2017,,,US00,,0,,0,0,0,,0,2,,,,,,,,,B,,,,0,,,,,0,0,0,,,,,0,,0,0,0,,,,,0,,,,0,0,0,,,,"10,000",LB,,125094,0,0,,0,,0,0,,,,,HEXNT-01,,ME01,WE01,X,X,"130,000","159,900.00",S,,,0,,,0,,,,1,0,,,,,,,,,0,,,,,,,,,F,,,0,,WE,2/14/17,2/14/17,11:01:58 PM,GBI-058,,MIGO_GR,,0,,,,,,,12:00:00 AM,,,,,,,,,,,0,,,,,
375,5000000581,2017,1,1,0,0,0,101,,HEXNT,SD00,RM00,,,,,,125094,,,0,0,,S,USD,12300.00,0,12400.00,,0,,16073,LB,16073,LB,16073,LB,4500000201,10,,,0,,,0,X,,,,,,NA00,,,,,,,,,,,,2017,,,US00,,0,,0,0,0,,0,2,,,,,,,,,B,,,,0,,,,,0,0,0,,,,,0,,0,0,0,,,,,0,,,,0,0,0,,,,"10,000",LB,,125094,0,0,,0,,0,0,,,,,HEXNT-01,,ME01,WE01,X,X,"140,000","172,200.00",S,,,0,,,0,,,,1,0,,,,,,,,,0,,,,,,,,,F,,,0,,WE,2/14/17,2/14/17,11:02:35 PM,GBI-058,,MIGO_GR,,0,,,,,,,12:00:00 AM,,,,,,,,,,,0,,,,,
375,5000000582,2017,1,1,0,0,0,101,,HEXNT,SD00,RM00,,,,,,125094,,,0,0,,S,USD,12300.00,0,12300.00,,0,,7409,LB,7409,LB,7409,LB,4500000202,10,,,0,,,0,X,,,,,,NA00,,,,,,,,,,,,2017,,,US00,,0,,0,0,0,,0,2,,,,,,,,,B,,,,0,,,,,0,0,0,,,,,0,,0,0,0,,,,,0,,,,0,0,0,,,,"10,000",LB,,125094,0,0,,0,,0,0,,,,,HEXNT-01,,ME01,WE01,X,X,"150,000","184,500.00",S,,,0,,,0,,,,1,0,,,,,,,,,0,,,,,,,,,F,,,0,,WE,2/14/17,2/14/17,11:03:32 PM,GBI-058,,MIGO_GR,,0,,,,,,,12:00:00 AM,,,,,,,,,,,0,,,,,
375,5000000583,2017,1,1,0,0,0,101,,HEXNT,SD00,RM00,,,,,,125094,,,0,0,,S,USD,12300.00,0,12400.00,,0,,10444,LB,10444,LB,10444,LB,4500000203,10,,,0,,,0,X,,,,,,NA00,,,,,,,,,,,,2017,,,US00,,0,,0,0,0,,0,2,,,,,,,,,B,,,,0,,,,,0,0,0,,,,,0,,0,0,0,,,,,0,,,,0,0,0,,,,"10,000",LB,,125094,0,0,,0,,0,0,,,,,HEXNT-01,,ME01,WE01,X,X,"160,000","196,800.00",S,,,0,,,0,,,,1,0,,,,,,,,,0,,,,,,,,,F,,,0,,WE,2/14/17,2/14/17,11:04:02 PM,GBI-058,,MIGO_GR,,0,,,,,,,12:00:00 AM,,,,,,,,,,,0,,,,,
375,5000000584,2017,1,1,0,0,0,101,,HEXNT,SD00,RM00,,,,,,125094,,,0,0,,S,USD,12300.00,0,12200.00,,0,,14545,LB,14545,LB,14545,LB,4500000204,10,,,0,,,0,X,,,,,,NA00,,,,,,,,,,,,2017,,,US00,,0,,0,0,0,,0,2,,,,,,,,,B,,,,0,,,,,0,0,0,,,,,0,,0,0,0,,,,,0,,,,0,0,0,,,,"10,000",LB,,125094,0,0,,0,,0,0,,,,,HEXNT-01,,ME01,WE01,X,X,"170,000","209,100.00",S,,,0,,,0,,,,1,0,,,,,,,,,0,,,,,,,,,F,,,0,,WE,2/14/17,2/14/17,11:04:45 PM,GBI-058,,MIGO_GR,,0,,,,,,,12:00:00 AM,,,,,,,,,,,0,,,,,
375,5000000585,2017,1,1,0,0,0,101,,TEST,SD00,RM00,,,,,,125045,,,0,0,,S,USD,9000.00,0,90000.00,,0,,70,FT3,70,FT3,70,FT3,4500000205,10,,,0,,,0,X,,,,,,NA00,,,,,,,,,,,,2017,,,US00,,0,,0,0,0,,0,2,,,,,,,,,B,,,,0,,,,,0,0,0,,,,,0,,0,0,0,,,,,0,,,,0,0,0,,,,9,FT3,,125045,0,0,,0,,0,0,,,,,TEST11,,ME01,WE01,X,X,0,0,S,,,0,,,0,,,,1,0,,,,,,,,,0,,,,,,,,,F,,,0,,WE,2/15/17,2/15/17,12:23:06 AM,GBI-064,,MIGO_GR,,0,,,,,,,12:00:00 AM,,,,,,,,,,,0,,,,,
375,5000000586,2017,1,1,0,0,0,101,,TEST,SD00,RM00,,,,,,125045,,,0,0,,S,USD,91000.00,0,91000.00,,0,,116,FT3,116,FT3,116,FT3,4500000206,10,,,0,,,0,X,,,,,,NA00,,,,,,,,,,,,2017,,,US00,,0,,0,0,0,,0,2,,,,,,,,,B,,,,0,,,,,0,0,0,,,,,0,,0,0,0,,,,,0,,,,0,0,0,,,,91,FT3,,125045,0,0,,0,,0,0,,,,,TEST11,,ME01,WE01,X,X,9,"9,000.00",S,,,0,,,0,,,,1,0,,,,,,,,,0,,,,,,,,,F,,,0,,WE,2/15/17,2/15/17,12:47:07 AM,GBI-064,,MIGO_GR,,0,,,,,,,12:00:00 AM,,,,,,,,,,,0,,,,,
375,5000000587,2017,1,1,0,0,0,101,,TEST,SD00,RM00,,,,,,125045,,,0,0,,S,USD,97000.00,0,97000.00,,0,,64,FT3,64,FT3,64,FT3,4500000207,10,,,0,,,0,X,,,,,,NA00,,,,,,,,,,,,2017,,,US00,,0,,0,0,0,,0,2,,,,,,,,,B,,,,0,,,,,0,0,0,,,,,0,,0,0,0,,,,,0,,,,0,0,0,,,,97,FT3,,125045,0,0,,0,,0,0,,,,,TEST11,,ME01,WE01,X,X,100,"100,000.00",S,,,0,,,0,,,,1,0,,,,,,,,,0,,,,,,,,,F,,,0,,WE,2/15/17,2/15/17,12:53:45 AM,GBI-064,,MIGO_GR,,0,,,,,,,12:00:00 AM,,,,,,,,,,,0,,,,,
375,5000000588,2017,1,1,0,0,0,101,,HEXNT,SD00,RM00,,,,,,125094,,,0,0,,S,USD,12300.00,0,12400.00,,0,,11786,LB,11786,LB,11786,LB,4500000208,10,,,0,,,0,X,,,,,,NA00,,,,,,,,,,,,2017,,,US00,,0,,0,0,0,,0,2,,,,,,,,,B,,,,0,,,,,0,0,0,,,,,0,,0,0,0,,,,,0,,,,0,0,0,,,,"10,000",LB,,125094,0,0,,0,,0,0,,,,,HEXNT-01,,ME01,WE01,X,X,"180,000","221,400.00",S,,,0,,,0,,,,1,0,,,,,,,,,0,,,,,,,,,F,,,0,,WE,2/15/17,2/15/17,12:08:26 PM,GBI-027,,MIGO_GR,,0,,,,,,,12:00:00 AM,,,,,,,,,,,0,,,,,
375,5000000589,2017,1,1,0,0,0,101,,HEXNT,SD00,RM00,,,,,,125094,,,0,0,,S,USD,12300.00,0,12400.00,,0,,19996,LB,19996,LB,19996,LB,4500000209,10,,,0,,,0,X,,,,,,NA00,,,,,,,,,,,,2017,,,US00,,0,,0,0,0,,0,2,,,,,,,,,B,,,,0,,,,,0,0,0,,,,,0,,0,0,0,,,,,0,,,,0,0,0,,,,"10,000",LB,,125094,0,0,,0,,0,0,,,,,HEXNT-01,,ME01,WE01,X,X,"190,000","233,700.00",S,,,0,,,0,,,,1,0,,,,,,,,,0,,,,,,,,,F,,,0,,WE,2/15/17,2/15/17,12:09:36 PM,GBI-027,,MIGO_GR,,0,,,,,,,12:00:00 AM,,,,,,,,,,,0,,,,,
375,5000000590,2017,1,1,0,0,0,101,,HEXNT,SD00,RM00,,,,,,125094,,,0,0,,S,USD,12300.00,0,12400.00,,0,,13566,LB,13566,LB,13566,LB,4500000210,10,,,0,,,0,X,,,,,,NA00,,,,,,,,,,,,2017,,,US00,,0,,0,0,0,,0,2,,,,,,,,,B,,,,0,,,,,0,0,0,,,,,0,,0,0,0,,,,,0,,,,0,0,0,,,,"10,000",LB,,125094,0,0,,0,,0,0,,,,,HEXNT-01,,ME01,WE01,X,X,"200,000","246,000.00",S,,,0,,,0,,,,1,0,,,,,,,,,0,,,,,,,,,F,,,0,,WE,2/15/17,2/15/17,12:10:15 PM,GBI-027,,MIGO_GR,,0,,,,,,,12:00:00 AM,,,,,,,,,,,0,,,,,
375,5000000591,2017,1,1,0,0,0,101,,HEXNT,SD00,RM00,,,,,,125094,,,0,0,,S,USD,12300.00,0,12400.00,,0,,4705,LB,4705,LB,4705,LB,4500000211,10,,,0,,,0,X,,,,,,NA00,,,,,,,,,,,,2017,,,US00,,0,,0,0,0,,0,2,,,,,,,,,B,,,,0,,,,,0,0,0,,,,,0,,0,0,0,,,,,0,,,,0,0,0,,,,"10,000",LB,,125094,0,0,,0,,0,0,,,,,HEXNT-01,,ME01,WE01,X,X,"210,000","258,300.00",S,,,0,,,0,,,,1,0,,,,,,,,,0,,,,,,,,,F,,,0,,WE,2/15/17,2/15/17,12:10:50 PM,GBI-027,,MIGO_GR,,0,,,,,,,12:00:00 AM,,,,,,,,,,,0,,,,,
375,5000000592,2017,1,1,0,0,0,101,,HEXNT,SD00,RM00,,,,,,125094,,,0,0,,S,USD,12300.00,0,12400.00,,0,,5227,LB,5227,LB,5227,LB,4500000212,10,,,0,,,0,X,,,,,,NA00,,,,,,,,,,,,2017,,,US00,,0,,0,0,0,,0,2,,,,,,,,,B,,,,0,,,,,0,0,0,,,,,0,,0,0,0,,,,,0,,,,0,0,0,,,,"10,000",LB,,125094,0,0,,0,,0,0,,,,,HEXNT-01,,ME01,WE01,X,X,"220,000","270,600.00",S,,,0,,,0,,,,1,0,,,,,,,,,0,,,,,,,,,F,,,0,,WE,2/15/17,2/15/17,12:11:26 PM,GBI-027,,MIGO_GR,,0,,,,,,,12:00:00 AM,,,,,,,,,,,0,,,,,
375,5000000593,2017,1,1,0,0,0,101,,HEXNT,SD00,RM00,,,,,,125094,,,0,0,,S,USD,12300.00,0,12400.00,,0,,13053,LB,13053,LB,13053,LB,4500000213,10,,,0,,,0,X,,,,,,NA00,,,,,,,,,,,,2017,,,US00,,0,,0,0,0,,0,2,,,,,,,,,B,,,,0,,,,,0,0,0,,,,,0,,0,0,0,,,,,0,,,,0,0,0,,,,"10,000",LB,,125094,0,0,,0,,0,0,,,,,HEXNT-01,,ME01,WE01,X,X,"230,000","282,900.00",S,,,0,,,0,,,,1,0,,,,,,,,,0,,,,,,,,,F,,,0,,WE,2/15/17,2/15/17,12:11:59 PM,GBI-027,,MIGO_GR,,0,,,,,,,12:00:00 AM,,,,,,,,,,,0,,,,,
375,5000000594,2017,1,1,0,0,0,101,,HEXNT,SD00,RM00,,,,,,125094,,,0,0,,S,USD,12300.00,0,12200.00,,0,,12790,LB,12790,LB,12790,LB,4500000215,10,,,0,,,0,X,,,,,,NA00,,,,,,,,,,,,2017,,,US00,,0,,0,0,0,,0,2,,,,,,,,,B,,,,0,,,,,0,0,0,,,,,0,,0,0,0,,,,,0,,,,0,0,0,,,,"10,000",LB,,125094,0,0,,0,,0,0,,,,,HEXNT-01,,ME01,WE01,X,X,"240,000","295,200.00",S,,,0,,,0,,,,1,0,,,,,,,,,0,,,,,,,,,F,,,0,,WE,2/15/17,2/15/17,12:32:27 PM,GBI-027,,MIGO_GR,,0,,,,,,,12:00:00 AM,,,,,,,,,,,0,,,,,
375,5000000595,2017,1,1,0,0,0,101,,HEXNT,SD00,RM00,,,,,,125094,,,0,0,,S,USD,12300.00,0,12200.00,,0,,2020,LB,2020,LB,2020,LB,4500000217,10,,,0,,,0,X,,,,,,NA00,,,,,,,,,,,,2017,,,US00,,0,,0,0,0,,0,2,,,,,,,,,B,,,,0,,,,,0,0,0,,,,,0,,0,0,0,,,,,0,,,,0,0,0,,,,"10,000",LB,,125094,0,0,,0,,0,0,,,,,HEXNT-01,,ME01,WE01,X,X,"250,000","307,500.00",S,,,0,,,0,,,,1,0,,,,,,,,,0,,,,,,,,,F,,,0,,WE,2/15/17,2/15/17,12:40:36 PM,GBI-027,,MIGO_GR,,0,,,,,,,12:00:00 AM,,,,,,,,,,,0,,,,,
375,5000000596,2017,1,1,0,0,0,101,,HEXNT,SD00,RM00,,,,,,125094,,,0,0,,S,USD,12300.00,0,12200.00,,0,,1590,LB,1590,LB,1590,LB,4500000218,10,,,0,,,0,X,,,,,,NA00,,,,,,,,,,,,2017,,,US00,,0,,0,0,0,,0,2,,,,,,,,,B,,,,0,,,,,0,0,0,,,,,0,,0,0,0,,,,,0,,,,0,0,0,,,,"10,000",LB,,125094,0,0,,0,,0,0,,,,,HEXNT-01,,ME01,WE01,X,X,"260,000","319,800.00",S,,,0,,,0,,,,1,0,,,,,,,,,0,,,,,,,,,F,,,0,,WE,2/15/17,2/15/17,12:44:59 PM,GBI-027,,MIGO_GR,,0,,,,,,,12:00:00 AM,,,,,,,,,,,0,,,,,
375,5000000597,2017,1,1,0,0,0,101,,HEXNT,SD00,RM00,,,,,,125094,,,0,0,,S,USD,12300.00,0,12300.00,,0,,249,LB,249,LB,249,LB,4500000219,10,,,0,,,0,X,,,,,,NA00,,,,,,,,,,,,2017,,,US00,,0,,0,0,0,,0,2,,,,,,,,,B,,,,0,,,,,0,0,0,,,,,0,,0,0,0,,,,,0,,,,0,0,0,,,,"10,000",LB,,125094,0,0,,0,,0,0,,,,,HEXNT-01,,ME01,WE01,X,X,"270,000","332,100.00",S,,,0,,,0,,,,1,0,,,,,,,,,0,,,,,,,,,F,,,0,,WE,2/15/17,2/15/17,12:52:28 PM,GBI-027,,MIGO_GR,,0,,,,,,,12:00:00 AM,,,,,,,,,,,0,,,,,
375,5000000598,2017,1,1,0,0,0,101,,KRYPTONITE,SD00,RM00,,,,,,125000,,,0,0,,S,USD,100000.00,0,2671.00,,0,,3724,LB,3724,LB,3724,LB,4500000220,10,,,0,,,0,X,,,,,,NA00,,,,,,,,,,,,2017,,,US00,,0,,0,0,0,,0,2,,,,,,,,,B,,,,0,,,,,0,0,0,,,,,0,,0,0,0,,,,,0,,,,0,0,0,,,,100,LB,,125000,0,0,,0,,0,0,,,,,KRYPTONITE,,ME01,WE01,X,X,"2,154","2,154,000.00",S,,,0,,,0,,,,1,0,,,,,,,,,0,,,,,,,,,F,,,0,,WE,2/15/17,2/15/17,12:57:18 PM,GBIFAC-01,,MIGO_GR,,0,,,,,,,12:00:00 AM,,,,,,,,,,,0,,,,,
375,5000000599,2017,1,1,0,0,0,101,,KRYPTONITE,SD00,RM00,,,,,,125000,,,0,0,,S,USD,98000.00,0,2617.58,,0,,10004,LB,10004,LB,10004,LB,4500000222,10,,,0,,,0,X,,,,,,NA00,,,,,,,,,,,,2017,,,US00,,0,,0,0,0,,0,2,,,,,,,,,B,,,,0,,,,,0,0,0,,,,,0,,0,0,0,,,,,0,,,,0,0,0,,,,98,LB,,125000,0,0,,0,,0,0,,,,,KRYPTONITE,,ME01,WE01,X,X,"2,254","2,254,000.00",S,,,0,,,0,,,,1,0,,,,,,,,,0,,,,,,,,,F,,,0,,WE,2/15/17,2/15/17,1:43:11 PM,GBIFAC-01,,MIGO_GR,,0,,,,,,,12:00:00 AM,,,,,,,,,,,0,,,,,
375,5000000600,2017,1,1,0,0,0,101,,HEXNT,SD00,RM00,,,,,,125094,,,0,0,,S,USD,12300.00,0,12800.00,,0,,13585,LB,13585,LB,13585,LB,4500000232,10,,,0,,,0,X,,,,,,NA00,,,,,,,,,,,,2017,,,US00,,0,,0,0,0,,0,2,,,,,,,,,B,,,,0,,,,,0,0,0,,,,,0,,0,0,0,,,,,0,,,,0,0,0,,,,"10,000",LB,,125094,0,0,,0,,0,0,,,,,HEXNT-01,,ME01,WE01,X,X,"280,000","344,400.00",S,,,0,,,0,,,,1,0,,,,,,,,,0,,,,,,,,,F,,,0,,WE,2/16/17,2/16/17,11:03:50 AM,GBI-035,,MIGO_GR,,0,,,,,,,12:00:00 AM,,,,,,,,,,,0,,,,,
375,5000000601,2017,1,1,0,0,0,101,,HEXNT,SD00,RM00,,,,,,125094,,,0,0,,S,USD,12300.00,0,12800.00,,0,,18039,LB,18039,LB,18039,LB,4500000233,10,,,0,,,0,X,,,,,,NA00,,,,,,,,,,,,2017,,,US00,,0,,0,0,0,,0,2,,,,,,,,,B,,,,0,,,,,0,0,0,,,,,0,,0,0,0,,,,,0,,,,0,0,0,,,,"10,000",LB,,125094,0,0,,0,,0,0,,,,,HEXNT-01,,ME01,WE01,X,X,"290,000","356,700.00",S,,,0,,,0,,,,1,0,,,,,,,,,0,,,,,,,,,F,,,0,,WE,2/16/17,2/16/17,11:41:25 AM,GBI-035,,MIGO_GR,,0,,,,,,,12:00:00 AM,,,,,,,,,,,0,,,,,
375,5000000602,2017,1,1,0,0,0,101,,HEXNT,SD00,RM00,,,,,,125094,,,0,0,,S,USD,12300.00,0,12800.00,,0,,16167,LB,16167,LB,16167,LB,4500000234,10,,,0,,,0,X,,,,,,NA00,,,,,,,,,,,,2017,,,US00,,0,,0,0,0,,0,2,,,,,,,,,B,,,,0,,,,,0,0,0,,,,,0,,0,0,0,,,,,0,,,,0,0,0,,,,"10,000",LB,,125094,0,0,,0,,0,0,,,,,HEXNT-01,,ME01,WE01,X,X,"300,000","369,000.00",S,,,0,,,0,,,,1,0,,,,,,,,,0,,,,,,,,,F,,,0,,WE,2/16/17,2/16/17,12:23:22 PM,GBI-035,,MIGO_GR,,0,,,,,,,12:00:00 AM,,,,,,,,,,,0,,,,,
375,5000000603,2017,1,1,0,0,0,101,,HEXNT,SD00,RM00,,,,,,125094,,,0,0,,S,USD,12300.00,0,12700.00,,0,,1676,LB,1676,LB,1676,LB,4500000235,10,,,0,,,0,X,,,,,,NA00,,,,,,,,,,,,2017,,,US00,,0,,0,0,0,,0,2,,,,,,,,,B,,,,0,,,,,0,0,0,,,,,0,,0,0,0,,,,,0,,,,0,0,0,,,,"10,000",LB,,125094,0,0,,0,,0,0,,,,,HEXNT-01,,ME01,WE01,X,X,"310,000","381,300.00",S,,,0,,,0,,,,1,0,,,,,,,,,0,,,,,,,,,F,,,0,,WE,2/16/17,2/16/17,12:30:26 PM,GBI-035,,MIGO_GR,,0,,,,,,,12:00:00 AM,,,,,,,,,,,0,,,,,
375,5000000604,2017,1,1,0,0,0,101,,HEXNT,SD00,RM00,,,,,,125094,,,0,0,,S,USD,12300.00,0,12200.00,,0,,19756,LB,19756,LB,19756,LB,4500000236,10,,,0,,,0,X,,,,,,NA00,,,,,,,,,,,,2017,,,US00,,0,,0,0,0,,0,2,,,,,,,,,B,,,,0,,,,,0,0,0,,,,,0,,0,0,0,,,,,0,,,,0,0,0,,,,"10,000",LB,,125094,0,0,,0,,0,0,,,,,HEXNT-01,,ME01,WE01,X,X,"320,000","393,600.00",S,,,0,,,0,,,,1,0,,,,,,,,,0,,,,,,,,,F,,,0,,WE,2/16/17,2/16/17,12:34:26 PM,GBI-035,,MIGO_GR,,0,,,,,,,12:00:00 AM,,,,,,,,,,,0,,,,,
375,5000000605,2017,1,1,0,0,0,101,,HEXNT,SD00,RM00,,,,,,125094,,,0,0,,S,USD,12300.00,0,12200.00,,0,,19816,LB,19816,LB,19816,LB,4500000237,10,,,0,,,0,X,,,,,,NA00,,,,,,,,,,,,2017,,,US00,,0,,0,0,0,,0,2,,,,,,,,,B,,,,0,,,,,0,0,0,,,,,0,,0,0,0,,,,,0,,,,0,0,0,,,,"10,000",LB,,125094,0,0,,0,,0,0,,,,,HEXNT-01,,ME01,WE01,X,X,"330,000","405,900.00",S,,,0,,,0,,,,1,0,,,,,,,,,0,,,,,,,,,F,,,0,,WE,2/16/17,2/16/17,12:39:39 PM,GBI-035,,MIGO_GR,,0,,,,,,,12:00:00 AM,,,,,,,,,,,0,,,,,
375,5000000606,2017,1,1,0,0,0,101,,HEXNT,SD00,RM00,,,,,,125094,,,0,0,,S,USD,12300.00,0,12800.00,,0,,7556,LB,7556,LB,7556,LB,4500000238,10,,,0,,,0,X,,,,,,NA00,,,,,,,,,,,,2017,,,US00,,0,,0,0,0,,0,2,,,,,,,,,B,,,,0,,,,,0,0,0,,,,,0,,0,0,0,,,,,0,,,,0,0,0,,,,"10,000",LB,,125094,0,0,,0,,0,0,,,,,HEXNT-01,,ME01,WE01,X,X,"340,000","418,200.00",S,,,0,,,0,,,,1,0,,,,,,,,,0,,,,,,,,,F,,,0,,WE,2/16/17,2/16/17,12:46:24 PM,GBI-035,,MIGO_GR,,0,,,,,,,12:00:00 AM,,,,,,,,,,,0,,,,,
375,5000000607,2017,1,1,0,0,0,101,,HEXNT,SD00,RM00,,,,,,125094,,,0,0,,S,USD,12300.00,0,12800.00,,0,,14770,LB,14770,LB,14770,LB,4500000239,10,,,0,,,0,X,,,,,,NA00,,,,,,,,,,,,2017,,,US00,,0,,0,0,0,,0,2,,,,,,,,,B,,,,0,,,,,0,0,0,,,,,0,,0,0,0,,,,,0,,,,0,0,0,,,,"10,000",LB,,125094,0,0,,0,,0,0,,,,,HEXNT-01,,ME01,WE01,X,X,"350,000","430,500.00",S,,,0,,,0,,,,1,0,,,,,,,,,0,,,,,,,,,F,,,0,,WE,2/16/17,2/16/17,12:49:00 PM,GBI-035,,MIGO_GR,,0,,,,,,,12:00:00 AM,,,,,,,,,,,0,,,,,
375,5000000608,2017,1,1,0,0,0,101,,ROSE ESSENTIAL OIL,SD00,RM00,,,,,,125087,,,0,0,,S,USD,1590.00,0,1620.00,,0,,982,L,982,L,982,L,4500000176,10,,,0,,,0,X,,,,,,NA00,,,,,,,,,,,,2017,,,US00,,0,,0,0,0,,0,2,,,,,,,,,B,,,,0,,,,,0,0,0,,,,,0,,0,0,0,,,,,0,,,,0,0,0,,,,30,L,,125087,0,0,,0,,0,0,,,,,ROSE ESSENTIAL OIL,,ME01,WE01,X,X,0,0,S,,,0,,,0,,,,1,0,,,,,,,,,0,,,,,,,,,F,,,0,,WE,2/16/17,2/16/17,2:22:47 PM,GBI-057,,MIGO_GR,,0,,,,,,,12:00:00 AM,,,,,,,,,,,0,,,,,
375,5000000609,2017,1,1,0,0,0,101,,ROSE ESSENTIAL OIL,SD00,RM00,,,,,,125087,,,0,0,,S,USD,2650.00,0,2700.00,,0,,1001,L,1001,L,1001,L,4500000161,10,,,0,,,0,X,,,,,,NA00,,,,,,,,,,,,2017,,,US00,,0,,0,0,0,,0,2,,,,,,,,,B,,,,0,,,,,0,0,0,,,,,0,,0,0,0,,,,,0,,,,0,0,0,,,,50,L,,125087,0,0,,0,,0,0,,,,,ROSE ESSENTIAL OIL,,ME01,WE01,X,X,30,"1,590.00",S,,,0,,,0,,,,1,0,,,,,,,,,0,,,,,,,,,F,,,0,,WE,2/16/17,2/16/17,2:27:17 PM,GBI-057,,MIGO_GR,,0,,,,,,,12:00:00 AM,,,,,,,,,,,0,,,,,
375,5000000610,2017,1,1,0,0,0,101,,ROSE ESSENTIAL OIL,SD00,RM00,,,,,,125087,,,0,0,,S,USD,2120.00,0,2160.00,,0,,906,L,906,L,906,L,4500000177,10,,,0,,,0,X,,,,,,NA00,,,,,,,,,,,,2017,,,US00,,0,,0,0,0,,0,2,,,,,,,,,B,,,,0,,,,,0,0,0,,,,,0,,0,0,0,,,,,0,,,,0,0,0,,,,40,L,,125087,0,0,,0,,0,0,,,,,ROSE ESSENTIAL OIL,,ME01,WE01,X,X,80,"4,240.00",S,,,0,,,0,,,,1,0,,,,,,,,,0,,,,,,,,,F,,,0,,WE,2/16/17,2/16/17,2:28:04 PM,GBI-057,,MIGO_GR,,0,,,,,,,12:00:00 AM,,,,,,,,,,,0,,,,,
375,5000000611,2017,1,1,0,0,0,101,,ROSE ESSENTIAL OIL,SD00,RM00,,,,,,125087,,,0,0,,S,USD,1325.00,0,1350.00,,0,,1021,L,1021,L,1021,L,4500000178,10,,,0,,,0,X,,,,,,NA00,,,,,,,,,,,,2017,,,US00,,0,,0,0,0,,0,2,,,,,,,,,B,,,,0,,,,,0,0,0,,,,,0,,0,0,0,,,,,0,,,,0,0,0,,,,25,L,,125087,0,0,,0,,0,0,,,,,ROSE ESSENTIAL OIL,,ME01,WE01,X,X,120,"6,360.00",S,,,0,,,0,,,,1,0,,,,,,,,,0,,,,,,,,,F,,,0,,WE,2/16/17,2/16/17,2:28:38 PM,GBI-057,,MIGO_GR,,0,,,,,,,12:00:00 AM,,,,,,,,,,,0,,,,,
375,5000000612,2017,1,1,0,0,0,101,,ROSE ESSENTIAL OIL,SD00,RM00,,,,,,125087,,,0,0,,S,USD,2385.00,0,2430.00,,0,,675,L,675,L,675,L,4500000179,10,,,0,,,0,X,,,,,,NA00,,,,,,,,,,,,2017,,,US00,,0,,0,0,0,,0,2,,,,,,,,,B,,,,0,,,,,0,0,0,,,,,0,,0,0,0,,,,,0,,,,0,0,0,,,,45,L,,125087,0,0,,0,,0,0,,,,,ROSE ESSENTIAL OIL,,ME01,WE01,X,X,145,"7,685.00",S,,,0,,,0,,,,1,0,,,,,,,,,0,,,,,,,,,F,,,0,,WE,2/16/17,2/16/17,2:29:04 PM,GBI-057,,MIGO_GR,,0,,,,,,,12:00:00 AM,,,,,,,,,,,0,,,,,
375,5000000613,2017,1,1,0,0,0,101,,ROSE ESSENTIAL OIL,SD00,RM00,,,,,,125085,,,0,0,,S,USD,530.00,0,530.00,,0,,371,L,371,L,371,L,4500000169,10,,,0,,,0,X,,,,,,NA00,,,,,,,,,,,,2017,,,US00,,0,,0,0,0,,0,2,,,,,,,,,B,,,,0,,,,,0,0,0,,,,,0,,0,0,0,,,,,0,,,,0,0,0,,,,10,L,,125085,0,0,,0,,0,0,,,,,ROSE ESSENTIAL OIL,,ME01,WE01,X,X,190,"10,070.00",S,,,0,,,0,,,,1,0,,,,,,,,,0,,,,,,,,,F,,,0,,WE,2/16/17,2/16/17,2:29:33 PM,GBI-057,,MIGO_GR,,0,,,,,,,12:00:00 AM,,,,,,,,,,,0,,,,,
375,5000000614,2017,1,1,0,0,0,101,,ROSE ESSENTIAL OIL,SD00,RM00,,,,,,125085,,,0,0,,S,USD,2120.00,0,2120.00,,0,,562,L,562,L,562,L,4500000168,10,,,0,,,0,X,,,,,,NA00,,,,,,,,,,,,2017,,,US00,,0,,0,0,0,,0,2,,,,,,,,,B,,,,0,,,,,0,0,0,,,,,0,,0,0,0,,,,,0,,,,0,0,0,,,,40,L,,125085,0,0,,0,,0,0,,,,,ROSE ESSENTIAL OIL,,ME01,WE01,X,X,200,"10,600.00",S,,,0,,,0,,,,1,0,,,,,,,,,0,,,,,,,,,F,,,0,,WE,2/16/17,2/16/17,2:29:56 PM,GBI-057,,MIGO_GR,,0,,,,,,,12:00:00 AM,,,,,,,,,,,0,,,,,
375,5000000615,2017,1,1,0,0,0,101,,ROSE ESSENTIAL OIL,SD00,RM00,,,,,,125085,,,0,0,,S,USD,2650.00,0,2750.00,,0,,700,L,700,L,700,L,4500000167,10,,,0,,,0,X,,,,,,NA00,,,,,,,,,,,,2017,,,US00,,0,,0,0,0,,0,2,,,,,,,,,B,,,,0,,,,,0,0,0,,,,,0,,0,0,0,,,,,0,,,,0,0,0,,,,50,L,,125085,0,0,,0,,0,0,,,,,ROSE ESSENTIAL OIL,,ME01,WE01,X,X,240,"12,720.00",S,,,0,,,0,,,,1,0,,,,,,,,,0,,,,,,,,,F,,,0,,WE,2/16/17,2/16/17,2:30:23 PM,GBI-057,,MIGO_GR,,0,,,,,,,12:00:00 AM,,,,,,,,,,,0,,,,,
375,5000000616,2017,1,1,0,0,0,101,,ROSE ESSENTIAL OIL,SD00,RM00,,,,,,125085,,,0,0,,S,USD,1590.00,0,1650.00,,0,,156,L,156,L,156,L,4500000164,10,,,0,,,0,X,,,,,,NA00,,,,,,,,,,,,2017,,,US00,,0,,0,0,0,,0,2,,,,,,,,,B,,,,0,,,,,0,0,0,,,,,0,,0,0,0,,,,,0,,,,0,0,0,,,,30,L,,125085,0,0,,0,,0,0,,,,,ROSE ESSENTIAL OIL,,ME01,WE01,X,X,290,"15,370.00",S,,,0,,,0,,,,1,0,,,,,,,,,0,,,,,,,,,F,,,0,,WE,2/16/17,2/16/17,2:30:45 PM,GBI-057,,MIGO_GR,,0,,,,,,,12:00:00 AM,,,,,,,,,,,0,,,,,
375,5000000617,2017,1,1,0,0,0,101,,ROSE ESSENTIAL OIL,SD00,RM00,,,,,,125085,,,0,0,,S,USD,2650.00,0,2750.00,,0,,775,L,775,L,775,L,4500000165,10,,,0,,,0,X,,,,,,NA00,,,,,,,,,,,,2017,,,US00,,0,,0,0,0,,0,2,,,,,,,,,B,,,,0,,,,,0,0,0,,,,,0,,0,0,0,,,,,0,,,,0,0,0,,,,50,L,,125085,0,0,,0,,0,0,,,,,ROSE ESSENTIAL OIL,,ME01,WE01,X,X,320,"16,960.00",S,,,0,,,0,,,,1,0,,,,,,,,,0,,,,,,,,,F,,,0,,WE,2/16/17,2/16/17,2:31:07 PM,GBI-057,,MIGO_GR,,0,,,,,,,12:00:00 AM,,,,,,,,,,,0,,,,,
375,5000000618,2017,1,1,0,0,0,101,,ROSE ESSENTIAL OIL,SD00,RM00,,,,,,125086,,,0,0,,S,USD,2650.00,0,2900.00,,0,,1080,L,1080,L,1080,L,4500000180,10,,,0,,,0,X,,,,,,NA00,,,,,,,,,,,,2017,,,US00,,0,,0,0,0,,0,2,,,,,,,,,B,,,,0,,,,,0,0,0,,,,,0,,0,0,0,,,,,0,,,,0,0,0,,,,50,L,,125086,0,0,,0,,0,0,,,,,ROSE ESSENTIAL OIL,,ME01,WE01,X,X,370,"19,610.00",S,,,0,,,0,,,,1,0,,,,,,,,,0,,,,,,,,,F,,,0,,WE,2/16/17,2/16/17,2:31:39 PM,GBI-057,,MIGO_GR,,0,,,,,,,12:00:00 AM,,,,,,,,,,,0,,,,,
375,5000000619,2017,1,1,0,0,0,101,,ROSE ESSENTIAL OIL,SD00,RM00,,,,,,125086,,,0,0,,S,USD,2385.00,0,2619.00,,0,,665,L,665,L,665,L,4500000181,10,,,0,,,0,X,,,,,,NA00,,,,,,,,,,,,2017,,,US00,,0,,0,0,0,,0,2,,,,,,,,,B,,,,0,,,,,0,0,0,,,,,0,,0,0,0,,,,,0,,,,0,0,0,,,,45,L,,125086,0,0,,0,,0,0,,,,,ROSE ESSENTIAL OIL,,ME01,WE01,X,X,420,"22,260.00",S,,,0,,,0,,,,1,0,,,,,,,,,0,,,,,,,,,F,,,0,,WE,2/16/17,2/16/17,2:32:28 PM,GBI-057,,MIGO_GR,,0,,,,,,,12:00:00 AM,,,,,,,,,,,0,,,,,
375,5000000620,2017,1,1,0,0,0,101,,ROSE ESSENTIAL OIL,SD00,RM00,,,,,,125086,,,0,0,,S,USD,1855.00,0,2038.75,,0,,432,L,432,L,432,L,4500000182,10,,,0,,,0,X,,,,,,NA00,,,,,,,,,,,,2017,,,US00,,0,,0,0,0,,0,2,,,,,,,,,B,,,,0,,,,,0,0,0,,,,,0,,0,0,0,,,,,0,,,,0,0,0,,,,35,L,,125086,0,0,,0,,0,0,,,,,ROSE ESSENTIAL OIL,,ME01,WE01,X,X,465,"24,645.00",S,,,0,,,0,,,,1,0,,,,,,,,,0,,,,,,,,,F,,,0,,WE,2/16/17,2/16/17,2:32:58 PM,GBI-057,,MIGO_GR,,0,,,,,,,12:00:00 AM,,,,,,,,,,,0,,,,,
375,5000000621,2017,1,1,0,0,0,101,,ROSE ESSENTIAL OIL,SD00,RM00,,,,,,125086,,,0,0,,S,USD,3180.00,0,3483.00,,0,,916,L,916,L,916,L,4500000183,10,,,0,,,0,X,,,,,,NA00,,,,,,,,,,,,2017,,,US00,,0,,0,0,0,,0,2,,,,,,,,,B,,,,0,,,,,0,0,0,,,,,0,,0,0,0,,,,,0,,,,0,0,0,,,,60,L,,125086,0,0,,0,,0,0,,,,,ROSE ESSENTIAL OIL,,ME01,WE01,X,X,500,"26,500.00",S,,,0,,,0,,,,1,0,,,,,,,,,0,,,,,,,,,F,,,0,,WE,2/16/17,2/16/17,2:33:29 PM,GBI-057,,MIGO_GR,,0,,,,,,,12:00:00 AM,,,,,,,,,,,0,,,,,
375,5000000622,2017,1,1,0,0,0,101,,ROSE ESSENTIAL OIL,SD00,RM00,,,,,,125086,,,0,0,,S,USD,2120.00,0,2332.00,,0,,189,L,189,L,189,L,4500000184,10,,,0,,,0,X,,,,,,NA00,,,,,,,,,,,,2017,,,US00,,0,,0,0,0,,0,2,,,,,,,,,B,,,,0,,,,,0,0,0,,,,,0,,0,0,0,,,,,0,,,,0,0,0,,,,40,L,,125086,0,0,,0,,0,0,,,,,ROSE ESSENTIAL OIL,,ME01,WE01,X,X,560,"29,680.00",S,,,0,,,0,,,,1,0,,,,,,,,,0,,,,,,,,,F,,,0,,WE,2/16/17,2/16/17,2:33:50 PM,GBI-057,,MIGO_GR,,0,,,,,,,12:00:00 AM,,,,,,,,,,,0,,,,,
375,5000000623,2017,1,1,0,0,0,101,,TEST,SD00,RM00,,,,,,125000,,,0,0,,S,USD,80000.00,0,80000.00,,0,,82,FT3,82,FT3,82,FT3,4500000242,10,,,0,,,0,X,,,,,,NA00,,,,,,,,,,,,2017,,,US00,,0,,0,0,0,,0,2,,,,,,,,,B,,,,0,,,,,0,0,0,,,,,0,,0,0,0,,,,,0,,,,0,0,0,,,,80,FT3,,125000,0,0,,0,,0,0,,,,,TEST11,,ME01,WE01,X,X,197,"197,000.00",S,,,0,,,0,,,,1,0,,,,,,,,,0,,,,,,,,,F,,,0,,WE,2/16/17,2/16/17,4:37:31 PM,GBIFAC-01,,MIGO_GR,,0,,,,,,,12:00:00 AM,,,,,,,,,,,0,,,,,
375,5000000624,2017,1,1,0,0,0,101,,GOLD,SD00,RM00,,,,,,125070,,,0,0,,S,USD,80.00,0,94.08,,0,,465,G,465,G,465,G,4500000243,10,,,0,,,0,X,,,,,,NA00,,,,,,,,,,,,2017,,,US00,,0,,0,0,0,,0,2,,,,,,,,,B,,,,0,,,,,0,0,0,,,,,0,,0,0,0,,,,,0,,,,0,0,0,,,,2,G,,125070,0,0,,0,,0,0,,,,,GOLD-026,,ME01,WE01,X,X,22,880,S,,,0,,,0,,,,1,0,,,,,,,,,0,,,,,,,,,F,,,0,,WE,2/16/17,2/16/17,5:11:51 PM,GBI-026,,MIGO_GR,,0,,,,,,,12:00:00 AM,,,,,,,,,,,0,,,,,
375,5000000625,2017,1,1,0,0,0,101,,GOLD,SD00,RM00,,,,,,125070,,,0,0,,S,USD,80.00,0,94.08,,0,,697,G,697,G,697,G,4500000243,10,,,0,,,0,,,,,,,NA00,,,,,,,,,,,,2017,,,US00,,0,,0,0,0,,0,2,,,,,,,,,B,,,,0,,,,,0,0,0,,,,,0,,0,0,1,,,,,0,,,,0,0,0,,,,2,G,,125070,0,0,,0,,0,0,,,,,GOLD-026,,ME01,WE01,X,X,24,960,S,,,0,,,0,,,,1,0,,,,,,,,,0,,,,,,,,,F,,,0,,WE,2/16/17,2/16/17,9:30:16 PM,GBI-026,,MIGO_GR,,0,,,,,,,12:00:00 AM,,,,,,,,,,,0,,,,,
375,5000000626,2017,1,1,0,0,0,101,,GOLD,SD00,RM00,,,,,,125070,,,0,0,,S,USD,120.00,0,141.12,,0,,431,G,431,G,431,G,4500000246,10,,,0,,,0,X,,,,,,NA00,,,,,,,,,,,,2017,,,US00,,0,,0,0,0,,0,2,,,,,,,,,B,,,,0,,,,,0,0,0,,,,,0,,0,0,0,,,,,0,,,,0,0,0,,,,3,G,,125070,0,0,,0,,0,0,,,,,GOLD-026,,ME01,WE01,X,X,22,880,S,,,0,,,0,,,,1,0,,,,,,,,,0,,,,,,,,,F,,,0,,WE,2/16/17,2/16/17,11:29:34 PM,GBI-026,,MIGO_GR,,0,,,,,,,12:00:00 AM,,,,,,,,,,,0,,,,,
375,5000000627,2017,1,1,0,0,0,101,,GOLD,SD00,RM00,,,,,,125070,,,0,0,,S,USD,120.00,0,141.12,,0,,895,G,895,G,895,G,4500000247,10,,,0,,,0,X,,,,,,NA00,,,,,,,,,,,,2017,,,US00,,0,,0,0,0,,0,2,,,,,,,,,B,,,,0,,,,,0,0,0,,,,,0,,0,0,0,,,,,0,,,,0,0,0,,,,3,G,,125070,0,0,,0,,0,0,,,,,GOLD-026,,ME01,WE01,X,X,25,"1,000.00",S,,,0,,,0,,,,1,0,,,,,,,,,0,,,,,,,,,F,,,0,,WE,2/16/17,2/16/17,11:56:19 PM,GBI-026,,MIGO_GR,,0,,,,,,,12:00:00 AM,,,,,,,,,,,0,,,,,
375,5000000628,2017,1,1,0,0,0,101,,KRYPTONITE,SD00,RM00,,,,,,125000,,,0,0,,S,USD,5000.00,0,133.55,,0,,2909,LB,2909,LB,2909,LB,4500000249,10,,,0,,,0,X,,,,,,NA00,,,,,,,,,,,,2017,,,US00,,0,,0,0,0,,0,2,,,,,,,,,B,,,,0,,,,,0,0,0,,,,,0,,0,0,0,,,,,0,,,,0,0,0,,,,5,LB,,125000,0,0,,0,,0,0,,,,,KRYPTONITE,,ME01,WE01,X,X,"2,352","2,352,000.00",S,,,0,,,0,,,,1,0,,,,,,,,,0,,,,,,,,,F,,,0,,WE,2/17/17,2/17/17,8:46:51 AM,GBIFAC-01,,MIGO_GR,,0,,,,,,,12:00:00 AM,,,,,,,,,,,0,,,,,
375,5000000629,2017,1,1,0,0,0,101,,KRYPTONITE,SD00,RM00,,,,,,125000,,,0,0,,S,USD,11000.00,0,11000.00,,0,,2369,LB,2369,LB,2369,LB,4500000250,10,2017,1000000002,1,,,0,,,,,,,NA00,BI00,,NAIS1000,,,,,,,,,2017,,,US00,,0,,0,0,0,,0,2,,,,,,,,,B,V,,,0,,,,,0,0,0,,,,,0,,0,1,0,,,,,0,,,,0,0,0,,,770000,1,AU,,,0,0,,1,,0,0,,,,,,,ME02,WE06,,,0,0,,,,0,,,0,,,,1,0,,,,,,,,,0,,,,,,,,,F,,,0,,WE,2/17/17,2/17/17,9:28:01 AM,GBIFAC-01,,ML81N,,0,,,,,,,12:00:00 AM,,,,,,,,,,,0,,,,,
375,5000000630,2017,1,1,0,0,0,101,,KRYPTONITE,SD00,RM00,,,,,,125000,,,0,0,,S,USD,12000.00,0,12000.00,,0,,12213,LB,12213,LB,12213,LB,4500000251,10,2017,1000000003,1,,,0,,,,,,,NA00,BI00,,NAIS1000,,,,,,,,,2017,,,US00,,0,,0,0,0,,0,2,,,,,,,,,B,V,,,0,,,,,0,0,0,,,,,0,,0,1,0,,,,,0,,,,0,0,0,,,770000,1,AU,,,0,0,,1,,0,0,,,,,,,ME02,WE06,,,0,0,,,,0,,,0,,,,1,0,,,,,,,,,0,,,,,,,,,F,,,0,,WE,2/17/17,2/17/17,10:11:48 AM,GBIFAC-01,,ML81N,,0,,,,,,,12:00:00 AM,,,,,,,,,,,0,,,,,
375,5000000631,2017,1,1,0,0,0,101,,KRYPTONITE,SD00,RM00,,,,,,125000,,,0,0,,S,USD,10000.00,0,10000.00,,0,,2722,LB,2722,LB,2722,LB,4500000253,10,2017,1000000005,1,,,0,,,,,,,NA00,BI00,,NAIS1000,,,,,,,,,2017,,,US00,,0,,0,0,0,,0,2,,,,,,,,,B,V,,,0,,,,,0,0,0,,,,,0,,0,1,0,,,,,0,,,,0,0,0,,,770000,1,AU,,,0,0,,1,,0,0,,,,,,,ME02,WE06,,,0,0,,,,0,,,0,,,,1,0,,,,,,,,,0,,,,,,,,,F,,,0,,WE,2/17/17,2/17/17,10:29:58 AM,GBIFAC-01,,ML81N,,0,,,,,,,12:00:00 AM,,,,,,,,,,,0,,,,,
375,5000000632,2017,1,1,0,0,0,101,,KRYPTONITE,SD00,RM00,,,,,,125000,,,0,0,,S,USD,2000.00,0,2000.00,,0,,9891,LB,9891,LB,9891,LB,4500000253,10,2017,1000000006,1,,,0,,,,,,,NA00,BI00,,NAIS1000,,,,,,,,,2017,,,US00,,0,,0,0,0,,0,2,,,,,,,,,B,V,,,0,,,,,0,0,0,,,,,0,,0,1,0,,,,,0,,,,0,0,0,,,770000,1,AU,,,0,0,,1,,0,0,,,,,,,ME02,WE06,,,0,0,,,,0,,,0,,,,1,0,,,,,,,,,0,,,,,,,,,F,,,0,,WE,2/17/17,2/17/17,10:31:51 AM,GBIFAC-01,,ML81N,,0,,,,,,,12:00:00 AM,,,,,,,,,,,0,,,,,
375,5000000633,2017,1,1,0,0,0,101,,KRYPTONITE,SD00,RM00,,,,,,125098,,,0,0,,S,USD,5450.00,0,5450.00,,0,,7151,LB,7151,LB,7151,LB,4500000223,10,2017,1000000008,1,,,0,,,,,,,NA00,BI00,,NAIS1000,,,,,,,,,2017,,,US00,,0,,0,0,0,,0,2,,,,,,,,,B,V,,,0,,,,,0,0,0,,,,,0,,0,1,0,,,,,0,,,,0,0,0,,,770000,1,AU,,,0,0,,1,,0,0,,,,,,,ME02,WE06,,,0,0,,,,0,,,0,,,,1,0,,,,,,,,,0,,,,,,,,,F,,,0,,WE,2/17/17,2/17/17,10:38:54 AM,GBI-013,,ML81N,,0,,,,,,,12:00:00 AM,,,,,,,,,,,0,,,,,
375,5000000634,2017,1,1,0,0,0,101,,KRYPTONITE,SD00,RM00,,,,,,125000,,,0,0,,S,USD,5000.00,0,133.55,,0,,65,LB,65,LB,65,LB,4500000256,10,,,0,,,0,X,,,,,,NA00,,,,,,,,,,,,2017,,,US00,,0,,0,0,0,,0,2,,,,,,,,,B,,,,0,,,,,0,0,0,,,,,0,,0,0,0,,,,,0,,,,0,0,0,,,,5,LB,,125000,0,0,,0,,0,0,,,,,KRYPTONITE,,ME01,WE01,X,X,"2,347","2,347,000.00",S,,,0,,,0,,,,1,0,,,,,,,,,0,,,,,,,,,F,,,0,,WE,2/17/17,2/17/17,10:52:24 AM,GBIFAC-01,,MIGO_GR,,0,,,,,,,12:00:00 AM,,,,,,,,,,,0,,,,,
375,5000000635,2017,1,1,0,0,0,101,,KRYPTONITE,SD00,RM00,,,,,,125110,,,0,0,,S,USD,9000.00,0,9000.00,,0,,5477,LB,5477,LB,5477,LB,4500000255,10,2017,1000000012,1,,,0,,,,,,,NA00,BI00,,NAIS1000,,,,,,,,,2017,,,US00,,0,,0,0,0,,0,2,,,,,,,,,B,V,,,0,,,,,0,0,0,,,,,0,,0,1,0,,,,,0,,,,0,0,0,,,770000,1,AU,,,0,0,,1,,0,0,,,,,,,ME02,WE06,,,0,0,,,,0,,,0,,,,1,0,,,,,,,,,0,,,,,,,,,F,,,0,,WE,2/17/17,2/17/17,11:10:56 AM,GBI-018,,ML81N,,0,,,,,,,12:00:00 AM,,,,,,,,,,,0,,,,,
375,5000000636,2017,1,1,0,0,0,101,,KRYPTONITE,SD00,RM00,,,,,,125110,,,0,0,,S,USD,14250.00,0,14250.00,,0,,4009,LB,4009,LB,4009,LB,4500000258,10,2017,1000000013,1,,,0,,,,,,,NA00,BI00,,NAIS1000,,,,,,,,,2017,,,US00,,0,,0,0,0,,0,2,,,,,,,,,B,V,,,0,,,,,0,0,0,,,,,0,,0,1,0,,,,,0,,,,0,0,0,,,770000,1,AU,,,0,0,,1,,0,0,,,,,,,ME02,WE06,,,0,0,,,,0,,,0,,,,1,0,,,,,,,,,0,,,,,,,,,F,,,0,,WE,2/17/17,2/17/17,11:11:22 AM,GBI-018,,ML81N,,0,,,,,,,12:00:00 AM,,,,,,,,,,,0,,,,,
375,5000000637,2017,1,1,0,0,0,101,,KRYPTONITE,SD00,RM00,,,,,,125109,,,0,0,,S,USD,7500.00,0,7500.00,,0,,6790,LB,6790,LB,6790,LB,4500000254,10,2017,1000000009,1,,,0,,,,,,,NA00,BI00,,NAIS1000,,,,,,,,,2017,,,US00,,0,,0,0,0,,0,2,,,,,,,,,B,V,,,0,,,,,0,0,0,,,,,0,,0,1,0,,,,,0,,,,0,0,0,,,770000,1,AU,,,0,0,,1,,0,0,,,,,,,ME02,WE06,,,0,0,,,,0,,,0,,,,1,0,,,,,,,,,0,,,,,,,,,F,,,0,,WE,2/17/17,2/17/17,11:18:14 AM,GBI-018,,ML81N,,0,,,,,,,12:00:00 AM,,,,,,,,,,,0,,,,,
375,5000000638,2017,1,1,0,0,0,101,,KRYPTONITE,SD00,RM00,,,,,,125098,,,0,0,,S,USD,15000.00,0,15000.00,,0,,10979,LB,10979,LB,10979,LB,4500000260,10,2017,1000000019,1,,,0,,,,,,,NA00,BI00,,NAIS1000,,,,,,,,,2017,,,US00,,0,,0,0,0,,0,2,,,,,,,,,B,V,,,0,,,,,0,0,0,,,,,0,,0,1,0,,,,,0,,,,0,0,0,,,770000,1,AU,,,0,0,,1,,0,0,,,,,,,ME02,WE06,,,0,0,,,,0,,,0,,,,1,0,,,,,,,,,0,,,,,,,,,F,,,0,,WE,2/17/17,2/17/17,11:18:55 AM,GBI-018,,ML81N,,0,,,,,,,12:00:00 AM,,,,,,,,,,,0,,,,,
375,5000000639,2017,1,1,0,0,0,101,,KRYPTONITE,SD00,RM00,,,,,,125109,,,0,0,,S,USD,7500.00,0,7500.00,,0,,9186,LB,9186,LB,9186,LB,4500000257,10,2017,1000000010,1,,,0,,,,,,,NA00,BI00,,NAIS1000,,,,,,,,,2017,,,US00,,0,,0,0,0,,0,2,,,,,,,,,B,V,,,0,,,,,0,0,0,,,,,0,,0,1,0,,,,,0,,,,0,0,0,,,770000,1,AU,,,0,0,,1,,0,0,,,,,,,ME02,WE06,,,0,0,,,,0,,,0,,,,1,0,,,,,,,,,0,,,,,,,,,F,,,0,,WE,2/17/17,2/17/17,11:20:48 AM,GBI-018,,ML81N,,0,,,,,,,12:00:00 AM,,,,,,,,,,,0,,,,,
375,5000000640,2017,1,1,0,0,0,101,,KRYPTONITE,SD00,RM00,,,,,,125098,,,0,0,,S,USD,11250.00,0,11250.00,,0,,4235,LB,4235,LB,4235,LB,4500000228,10,2017,1000000022,1,,,0,,,,,,,NA00,BI00,,NAIS1000,,,,,,,,,2017,,,US00,,0,,0,0,0,,0,2,,,,,,,,,B,V,,,0,,,,,0,0,0,,,,,0,,0,1,0,,,,,0,,,,0,0,0,,,770000,1,AU,,,0,0,,1,,0,0,,,,,,,ME02,WE06,,,0,0,,,,0,,,0,,,,1,0,,,,,,,,,0,,,,,,,,,F,,,0,,WE,2/17/17,2/17/17,11:24:19 AM,GBI-018,,ML81N,,0,,,,,,,12:00:00 AM,,,,,,,,,,,0,,,,,
375,5000000641,2017,1,1,0,0,0,101,,RUSSIAN RUBY,SD00,RM00,,,,,,125101,,,0,0,,S,USD,15000000.00,0,1578116.78,,0,,328,G,328,G,328,G,4500000261,10,,,0,,,0,X,,,,,,NA00,,,,,,,,,,,,2017,,,US00,,0,,0,0,0,,0,2,,,,,,,,,B,,,,0,,,,,0,0,0,,,,,0,,0,0,0,,,,,0,,,,0,0,0,,,,100,G,,125101,0,0,,0,,0,0,,,,,RUSSIAN RUBY,,ME01,WE01,X,X,0,0,S,,,0,,,0,,,,1,0,,,,,,,,,0,,,,,,,,,F,,,0,,WE,2/17/17,2/17/17,11:30:08 AM,GBI-024,,MIGO_GR,,0,,,,,,,12:00:00 AM,,,,,,,,,,,0,,,,,
375,5000000642,2017,1,1,0,0,0,101,,RUSSIAN RUBY,SD00,RM00,,,,,,125098,,,0,0,,S,USD,1950.00,0,1950.00,,0,,871,G,871,G,871,G,4500000223,10,2017,1000000015,1,,,0,,,,,,,NA00,BI00,,NAIS1000,,,,,,,,,2017,,,US00,,0,,0,0,0,,0,2,,,,,,,,,B,V,,,0,,,,,0,0,0,,,,,0,,0,1,0,,,,,0,,,,0,0,0,,,770000,1,AU,,,0,0,,1,,0,0,,,,,,,ME02,WE06,,,0,0,,,,0,,,0,,,,1,0,,,,,,,,,0,,,,,,,,,F,,,0,,WE,2/17/17,2/17/17,11:33:01 AM,GBI-018,,ML81N,,0,,,,,,,12:00:00 AM,,,,,,,,,,,0,,,,,
375,5000000643,2017,1,1,0,0,0,101,,RUSSIAN RUBY,SD00,RM00,,,,,,125098,,,0,0,,S,USD,2000.00,0,2000.00,,0,,436,G,436,G,436,G,4500000223,10,2017,1000000016,1,,,0,,,,,,,NA00,BI00,,NAIS1000,,,,,,,,,2017,,,US00,,0,,0,0,0,,0,2,,,,,,,,,B,V,,,0,,,,,0,0,0,,,,,0,,0,1,0,,,,,0,,,,0,0,0,,,770000,1,AU,,,0,0,,1,,0,0,,,,,,,ME02,WE06,,,0,0,,,,0,,,0,,,,1,0,,,,,,,,,0,,,,,,,,,F,,,0,,WE,2/17/17,2/17/17,11:34:22 AM,GBI-018,,ML81N,,0,,,,,,,12:00:00 AM,,,,,,,,,,,0,,,,,
375,5000000644,2017,2,2,0,0,0,101,,RUSSIAN RUBY,SD00,RM00,,,,,,125098,,,0,0,,S,USD,4750.00,0,4750.00,,0,,466,G,466,G,466,G,4500000223,10,2017,1000000017,1,,,0,,,,,,,NA00,BI00,,NAIS1000,,,,,,,,,2017,,,US00,,0,,0,0,0,,0,2,,,,,,,,,B,V,,,0,,,,,0,0,0,,,,,0,,0,1,0,,,,,0,,,,0,0,0,,,770000,1,AU,,,0,0,,1,,0,0,,,,,,,ME02,WE06,,,0,0,,,,0,,,0,,,,2,0,,,,,,,,,0,,,,,,,,,F,,,0,,WE,2/17/17,2/17/17,11:34:22 AM,GBI-018,,ML81N,,0,,,,,,,12:00:00 AM,,,,,,,,,,,0,,,,,
375,5000000645,2017,3,3,0,0,0,101,,RUSSIAN RUBY,SD00,RM00,,,,,,125098,,,0,0,,S,USD,4600.00,0,4600.00,,0,,437,G,437,G,437,G,4500000223,10,2017,1000000018,1,,,0,,,,,,,NA00,BI00,,NAIS1000,,,,,,,,,2017,,,US00,,0,,0,0,0,,0,2,,,,,,,,,B,V,,,0,,,,,0,0,0,,,,,0,,0,1,0,,,,,0,,,,0,0,0,,,770000,1,AU,,,0,0,,1,,0,0,,,,,,,ME02,WE06,,,0,0,,,,0,,,0,,,,3,0,,,,,,,,,0,,,,,,,,,F,,,0,,WE,2/17/17,2/17/17,11:34:22 AM,GBI-018,,ML81N,,0,,,,,,,12:00:00 AM,,,,,,,,,,,0,,,,,
375,5000000646,2017,1,1,0,0,0,101,,AUSTRALIAN AMETHYST,SD00,RM00,,,,,,125112,,,0,0,,S,USD,7000000.00,0,511285600.00,,0,,288,G,288,G,288,G,4500000262,10,,,0,,,0,X,,,,,,NA00,,,,,,,,,,,,2017,,,US00,,0,,0,0,0,,0,2,,,,,,,,,B,,,,0,,,,,0,0,0,,,,,0,,0,0,0,,,,,0,,,,0,0,0,,,,100,G,,125112,0,0,,0,,0,0,,,,,AUSTRALIANAMETHYST,,ME01,WE01,X,X,0,0,S,,,0,,,0,,,,1,0,,,,,,,,,0,,,,,,,,,F,,,0,,WE,2/17/17,2/17/17,12:43:24 PM,GBI-024,,MIGO_GR,,0,,,,,,,12:00:00 AM,,,,,,,,,,,0,,,,,
375,5000000647,2017,1,1,0,0,0,101,,BRITAIN BLACK PEAR,SD00,RM00,,,,,,125114,,,0,0,,S,USD,50000000.00,0,6039000000.00,,0,,106,G,106,G,106,G,4500000264,10,,,0,,,0,X,,,,,,NA00,,,,,,,,,,,,2017,,,US00,,0,,0,0,0,,0,2,,,,,,,,,B,,,,0,,,,,0,0,0,,,,,0,,0,0,0,,,,,0,,,,0,0,0,,,,100,G,,125114,0,0,,0,,0,0,,,,,BRITAIN BLACK PEAR,,ME01,WE01,X,X,0,0,S,,,0,,,0,,,,1,0,,,,,,,,,0,,,,,,,,,F,,,0,,WE,2/17/17,2/17/17,12:53:39 PM,GBI-024,,MIGO_GR,,0,,,,,,,12:00:00 AM,,,,,,,,,,,0,,,,,
375,5000000648,2017,1,1,0,0,0,101,,CANADIAN CRYSTAL,SD00,RM00,,,,,,125113,,,0,0,,S,USD,20000000.00,0,4378843582.89,,0,,556,G,556,G,556,G,4500000263,10,,,0,,,0,X,,,,,,NA00,,,,,,,,,,,,2017,,,US00,,0,,0,0,0,,0,2,,,,,,,,,B,,,,0,,,,,0,0,0,,,,,0,,0,0,0,,,,,0,,,,0,0,0,,,,100,G,,125113,0,0,,0,,0,0,,,,,CANADIAN CRYSTAL,,ME01,WE01,X,X,0,0,S,,,0,,,0,,,,1,0,,,,,,,,,0,,,,,,,,,F,,,0,,WE,2/17/17,2/17/17,12:56:09 PM,GBI-024,,MIGO_GR,,0,,,,,,,12:00:00 AM,,,,,,,,,,,0,,,,,
375,5000000649,2017,1,1,0,0,0,101,,SWISS SAPPHIRE,SD00,RM00,,,,,,125116,,,0,0,,S,USD,10000000.00,0,624609618.99,,0,,324,G,324,G,324,G,4500000265,10,,,0,,,0,X,,,,,,NA00,,,,,,,,,,,,2017,,,US00,,0,,0,0,0,,0,2,,,,,,,,,B,,,,0,,,,,0,0,0,,,,,0,,0,0,0,,,,,0,,,,0,0,0,,,,100,G,,125116,0,0,,0,,0,0,,,,,SWISS SAPPHIRE,,ME01,WE01,X,X,0,0,S,,,0,,,0,,,,1,0,,,,,,,,,0,,,,,,,,,F,,,0,,WE,2/17/17,2/17/17,1:04:46 PM,GBI-024,,MIGO_GR,,0,,,,,,,12:00:00 AM,,,,,,,,,,,0,,,,,
375,5000000650,2017,1,1,0,0,0,101,,RUSSIAN RUBY,SD00,RM00,,,,,,125101,,,0,0,,S,USD,750000.00,0,78905.84,,0,,467,G,467,G,467,G,4500000267,10,,,0,,,0,X,,,,,,NA00,,,,,,,,,,,,2017,,,US00,,0,,0,0,0,,0,2,,,,,,,,,B,,,,0,,,,,0,0,0,,,,,0,,0,0,0,,,,,0,,,,0,0,0,,,,5,G,,125101,0,0,,0,,0,0,,,,,RUSSIAN RUBY,,ME01,WE01,X,X,100,"15,000,000.00",S,,,0,,,0,,,,1,0,,,,,,,,,0,,,,,,,,,F,,,0,,WE,2/17/17,2/17/17,1:55:18 PM,GBI-024,,MIGO_GR,,0,,,,,,,12:00:00 AM,,,,,,,,,,,0,,,,,
375,5000000651,2017,1,1,0,0,0,101,,SA SAPPHIRE,SD00,RM00,,,,,,125100,,,0,0,,S,USD,1000000.00,0,132257.64,,0,,108,G,108,G,108,G,4500000268,10,,,0,,,0,X,,,,,,NA00,,,,,,,,,,,,2017,,,US00,,0,,0,0,0,,0,2,,,,,,,,,B,,,,0,,,,,0,0,0,,,,,0,,0,0,0,,,,,0,,,,0,0,0,,,,10,G,,125100,0,0,,0,,0,0,,,,,SA SAPPHIRE,,ME01,WE01,X,X,0,0,S,,,0,,,0,,,,1,0,,,,,,,,,0,,,,,,,,,F,,,0,,WE,2/17/17,2/17/17,2:07:45 PM,GBI-023,,MIGO_GR,,0,,,,,,,12:00:00 AM,,,,,,,,,,,0,,,,,
375,5000000652,2017,1,1,0,0,0,101,,RUSSIAN RUBY,SD00,RM00,,,,,,125101,,,0,0,,S,USD,750000.00,0,78905.84,,0,,196,G,196,G,196,G,4500000269,10,,,0,,,0,X,,,,,,NA00,,,,,,,,,,,,2017,,,US00,,0,,0,0,0,,0,2,,,,,,,,,B,,,,0,,,,,0,0,0,,,,,0,,0,0,0,,,,,0,,,,0,0,0,,,,5,G,,125101,0,0,,0,,0,0,,,,,RUSSIAN RUBY,,ME01,WE01,X,X,95,"14,250,000.00",S,,,0,,,0,,,,1,0,,,,,,,,,0,,,,,,,,,F,,,0,,WE,2/17/17,2/17/17,2:44:08 PM,GBIFAC-01,,MIGO_GR,,0,,,,,,,12:00:00 AM,,,,,,,,,,,0,,,,,
375,5000000653,2017,1,1,0,0,0,101,,RUSSIAN RUBY,SD00,RM00,,,,,,125101,,,0,0,,S,USD,93750.00,0,93750.00,,0,,822,G,822,G,822,G,4500000270,10,,,0,,,0,X,,,,,,NA00,BI00,,NAIS1000,,,,,,,,,2017,,,US00,,0,,0,0,0,,0,2,,,,,,,,,B,V,,,0,,,,,0,0,0,,,,,0,,0,0,0,,,,,0,,,,0,0,0,,,720000,5,G,,,0,0,,0,,0,0,,,,,RUSSIAN RUBY,,ME02,WE06,X,X,90,"13,500,000.00",S,,,0,,,0,,,,1,0,,,,,,,,,0,,,,,,,,,F,,,0,,WE,2/17/17,2/17/17,3:02:38 PM,GBIFAC-01,,MIGO_GR,,0,,,,,,,12:00:00 AM,,,,,,,,,,,0,,,,,
375,5000000654,2017,1,1,0,0,0,101,,RUSSIAN RUBY,SD00,RM00,,,,,,125101,,,0,0,,S,USD,86538.46,0,86538.46,,0,,724,G,724,G,724,G,4500000271,10,,,0,,,0,X,,,,,,NA00,BI00,,NAIS1000,,,,,,,,,2017,,,US00,,0,,0,0,0,,0,2,,,,,,,,,B,V,,,0,,,,,0,0,0,,,,,0,,0,0,0,,,,,0,,,,0,0,0,,,720000,5,G,,,0,0,,0,,0,0,,,,,RUSSIAN RUBY,,ME02,WE06,X,X,90,"13,500,000.00",S,,,0,,,0,,,,1,0,,,,,,,,,0,,,,,,,,,F,,,0,,WE,2/17/17,2/17/17,7:01:46 PM,GBIFAC-01,,MIGO_GR,,0,,,,,,,12:00:00 AM,,,,,,,,,,,0,,,,,
375,5000000655,2017,1,1,0,0,0,101,,GOLD,SD00,RM00,,,,,,125070,,,0,0,,S,USD,240.00,0,302.40,,0,,126,G,126,G,126,G,4500000284,10,,,0,,,0,X,,,,,,NA00,,,,,,,,,,,,2017,,,US00,,0,,0,0,0,,0,2,,,,,,,,,B,,,,0,,,,,0,0,0,,,,,0,,0,0,0,,,,,0,,,,0,0,0,,,,6,G,,125070,0,0,,0,,0,0,,,,,GOLD-026,,ME01,WE01,X,X,22,880,S,,,0,,,0,,,,1,0,,,,,,,,,0,,,,,,,,,F,,,0,,WE,2/17/17,2/17/17,11:29:31 PM,GBI-026,,MIGO_GR,,0,,,,,,,12:00:00 AM,,,,,,,,,,,0,,,,,
375,5000000656,2017,1,1,0,0,0,101,,GOLD,SD00,RM00,,,,,,125070,,,0,0,,S,USD,240.00,0,302.40,,0,,174,G,174,G,174,G,4500000293,10,,,0,,,0,X,,,,,,NA00,,,,,,,,,,,,2017,,,US00,,0,,0,0,0,,0,2,,,,,,,,,B,,,,0,,,,,0,0,0,,,,,0,,0,0,0,,,,,0,,,,0,0,0,,,,6,G,,125070,0,0,,0,,0,0,,,,,GOLD-026,,ME01,WE01,X,X,28,"1,120.00",S,,,0,,,0,,,,1,0,,,,,,,,,0,,,,,,,,,F,,,0,,WE,2/17/17,2/17/17,11:51:28 PM,GBI-026,,MIGO_GR,,0,,,,,,,12:00:00 AM,,,,,,,,,,,0,,,,,
375,5000000657,2017,1,1,0,0,0,101,,CONCRETE,SD00,RM00,,,,,,125118,,,0,0,,S,USD,11000.00,0,11000.00,,0,,114,YD3,114,YD3,114,YD3,4500000305,10,,,0,,,0,X,,,,,,NA00,,,,,,,,,,,,2017,,,US00,,0,,0,0,0,,0,2,,,,,,,,,B,,,,0,,,,,0,0,0,,,,,0,,0,0,0,,,,,0,,,,0,0,0,,,,110,YD3,,125118,0,0,,0,,0,0,,,,,CONCRETE,,ME01,WE01,X,X,0,0,S,,,0,,,0,,,,1,0,,,,,,,,,0,,,,,,,,,F,,,0,,WE,2/18/17,2/18/17,12:28:42 PM,GBI-065,,MIGO_GR,,0,,,,,,,12:00:00 AM,,,,,,,,,,,0,,,,,
375,5000000658,2017,1,1,0,0,0,101,,CONCRETE,SD00,RM00,,,,,,125119,,,0,0,,S,USD,9200.00,0,9200.00,,0,,126,YD3,126,YD3,126,YD3,4500000306,10,,,0,,,0,X,,,,,,NA00,,,,,,,,,,,,2017,,,US00,,0,,0,0,0,,0,2,,,,,,,,,B,,,,0,,,,,0,0,0,,,,,0,,0,0,0,,,,,0,,,,0,0,0,,,,92,YD3,,125119,0,0,,0,,0,0,,,,,CONCRETE,,ME01,WE01,X,X,110,"11,000.00",S,,,0,,,0,,,,1,0,,,,,,,,,0,,,,,,,,,F,,,0,,WE,2/18/17,2/18/17,12:30:02 PM,GBI-005,,MIGO_GR,,0,,,,,,,12:00:00 AM,,,,,,,,,,,0,,,,,
375,5000000659,2017,1,1,0,0,0,101,,CONCRETE,SD00,RM00,,,,,,125119,,,0,0,,S,USD,9000.00,0,9000.00,,0,,130,YD3,130,YD3,130,YD3,4500000310,10,,,0,,,0,X,,,,,,NA00,,,,,,,,,,,,2017,,,US00,,0,,0,0,0,,0,2,,,,,,,,,B,,,,0,,,,,0,0,0,,,,,0,,0,0,0,,,,,0,,,,0,0,0,,,,90,YD3,,125119,0,0,,0,,0,0,,,,,CONCRETE,,ME01,WE01,X,X,202,"20,200.00",S,,,0,,,0,,,,1,0,,,,,,,,,0,,,,,,,,,F,,,0,,WE,2/18/17,2/18/17,12:33:02 PM,GBI-005,,MIGO_GR,,0,,,,,,,12:00:00 AM,,,,,,,,,,,0,,,,,
375,5000000660,2017,1,1,0,0,0,101,,CONCRETE,SD00,RM00,,,,,,125119,,,0,0,,S,USD,9100.00,0,9100.00,,0,,107,YD3,107,YD3,107,YD3,4500000312,10,,,0,,,0,X,,,,,,NA00,,,,,,,,,,,,2017,,,US00,,0,,0,0,0,,0,2,,,,,,,,,B,,,,0,,,,,0,0,0,,,,,0,,0,0,0,,,,,0,,,,0,0,0,,,,91,YD3,,125119,0,0,,0,,0,0,,,,,CONCRETE,,ME01,WE01,X,X,292,"29,200.00",S,,,0,,,0,,,,1,0,,,,,,,,,0,,,,,,,,,F,,,0,,WE,2/18/17,2/18/17,12:33:57 PM,GBI-005,,MIGO_GR,,0,,,,,,,12:00:00 AM,,,,,,,,,,,0,,,,,
375,5000000661,2017,1,1,0,0,0,101,,CONCRETE,SD00,RM00,,,,,,125118,,,0,0,,S,USD,10800.00,0,10800.00,,0,,85,YD3,85,YD3,85,YD3,4500000307,10,,,0,,,0,X,,,,,,NA00,,,,,,,,,,,,2017,,,US00,,0,,0,0,0,,0,2,,,,,,,,,B,,,,0,,,,,0,0,0,,,,,0,,0,0,0,,,,,0,,,,0,0,0,,,,108,YD3,,125118,0,0,,0,,0,0,,,,,CONCRETE,,ME01,WE01,X,X,383,"38,300.00",S,,,0,,,0,,,,1,0,,,,,,,,,0,,,,,,,,,F,,,0,,WE,2/18/17,2/18/17,12:34:26 PM,GBI-065,,MIGO_GR,,0,,,,,,,12:00:00 AM,,,,,,,,,,,0,,,,,
375,5000000662,2017,1,1,0,0,0,101,,CONCRETE,SD00,RM00,,,,,,125119,,,0,0,,S,USD,9000.00,0,9000.00,,0,,109,YD3,109,YD3,109,YD3,4500000316,10,,,0,,,0,X,,,,,,NA00,,,,,,,,,,,,2017,,,US00,,0,,0,0,0,,0,2,,,,,,,,,B,,,,0,,,,,0,0,0,,,,,0,,0,0,0,,,,,0,,,,0,0,0,,,,90,YD3,,125119,0,0,,0,,0,0,,,,,CONCRETE,,ME01,WE01,X,X,491,"49,100.00",S,,,0,,,0,,,,1,0,,,,,,,,,0,,,,,,,,,F,,,0,,WE,2/18/17,2/18/17,12:34:48 PM,GBI-005,,MIGO_GR,,0,,,,,,,12:00:00 AM,,,,,,,,,,,0,,,,,
375,5000000663,2017,1,1,0,0,0,101,,CONCRETE,SD00,RM00,,,,,,125117,,,0,0,,S,USD,10000.00,0,10000.00,,0,,140,YD3,140,YD3,140,YD3,4500000318,10,,,0,,,0,X,,,,,,NA00,,,,,,,,,,,,2017,,,US00,,0,,0,0,0,,0,2,,,,,,,,,B,,,,0,,,,,0,0,0,,,,,0,,0,0,0,,,,,0,,,,0,0,0,,,,100,YD3,,125117,0,0,,0,,0,0,,,,,CONCRETE,,ME01,WE01,X,X,581,"58,100.00",S,,,0,,,0,,,,1,0,,,,,,,,,0,,,,,,,,,F,,,0,,WE,2/18/17,2/18/17,12:35:30 PM,GBI-039,,MIGO_GR,,0,,,,,,,12:00:00 AM,,,,,,,,,,,0,,,,,
375,5000000664,2017,1,1,0,0,0,101,,CONCRETE,SD00,RM00,,,,,,125119,,,0,0,,S,USD,9000.00,0,9000.00,,0,,84,YD3,84,YD3,84,YD3,4500000320,10,,,0,,,0,X,,,,,,NA00,,,,,,,,,,,,2017,,,US00,,0,,0,0,0,,0,2,,,,,,,,,B,,,,0,,,,,0,0,0,,,,,0,,0,0,0,,,,,0,,,,0,0,0,,,,90,YD3,,125119,0,0,,0,,0,0,,,,,CONCRETE,,ME01,WE01,X,X,681,"68,100.00",S,,,0,,,0,,,,1,0,,,,,,,,,0,,,,,,,,,F,,,0,,WE,2/18/17,2/18/17,12:35:36 PM,GBI-005,,MIGO_GR,,0,,,,,,,12:00:00 AM,,,,,,,,,,,0,,,,,
375,5000000665,2017,1,1,0,0,0,101,,CONCRETE,SD00,RM00,,,,,,125118,,,0,0,,S,USD,10000.00,0,10000.00,,0,,129,YD3,129,YD3,129,YD3,4500000309,10,,,0,,,0,X,,,,,,NA00,,,,,,,,,,,,2017,,,US00,,0,,0,0,0,,0,2,,,,,,,,,B,,,,0,,,,,0,0,0,,,,,0,,0,0,0,,,,,0,,,,0,0,0,,,,100,YD3,,125118,0,0,,0,,0,0,,,,,CONCRETE,,ME01,WE01,X,X,771,"77,100.00",S,,,0,,,0,,,,1,0,,,,,,,,,0,,,,,,,,,F,,,0,,WE,2/18/17,2/18/17,12:35:43 PM,GBI-065,,MIGO_GR,,0,,,,,,,12:00:00 AM,,,,,,,,,,,0,,,,,
375,5000000666,2017,1,1,0,0,0,101,,CONCRETE,SD00,RM00,,,,,,125121,,,0,0,,S,USD,10000.00,0,10000.00,,0,,96,YD3,96,YD3,96,YD3,4500000308,10,,,0,,,0,X,,,,,,NA00,,,,,,,,,,,,2017,,,US00,,0,,0,0,0,,0,2,,,,,,,,,B,,,,0,,,,,0,0,0,,,,,0,,0,0,0,,,,,0,,,,0,0,0,,,,100,YD3,,125121,0,0,,0,,0,0,,,,,CONCRETE,,ME01,WE01,X,X,871,"87,100.00",S,,,0,,,0,,,,1,0,,,,,,,,,0,,,,,,,,,F,,,0,,WE,2/18/17,2/18/17,12:35:43 PM,GBI-062,,MIGO_GR,,0,,,,,,,12:00:00 AM,,,,,,,,,,,0,,,,,
375,5000000667,2017,1,1,0,0,0,101,,CONCRETE,SD00,RM00,,,,,,125122,,,0,0,,S,USD,10400.00,0,10400.00,,0,,131,YD3,131,YD3,131,YD3,4500000321,10,,,0,,,0,X,,,,,,NA00,,,,,,,,,,,,2017,,,US00,,0,,0,0,0,,0,2,,,,,,,,,B,,,,0,,,,,0,0,0,,,,,0,,0,0,0,,,,,0,,,,0,0,0,,,,104,YD3,,125122,0,0,,0,,0,0,,,,,CONCRETE,,ME01,WE01,X,X,971,"97,100.00",S,,,0,,,0,,,,1,0,,,,,,,,,0,,,,,,,,,F,,,0,,WE,2/18/17,2/18/17,12:36:44 PM,GBI-005,,MIGO_GR,,0,,,,,,,12:00:00 AM,,,,,,,,,,,0,,,,,
375,5000000668,2017,1,1,0,0,0,101,,CONCRETE,SD00,RM00,,,,,,125118,,,0,0,,S,USD,9800.00,0,9800.00,,0,,96,YD3,96,YD3,96,YD3,4500000314,10,,,0,,,0,X,,,,,,NA00,,,,,,,,,,,,2017,,,US00,,0,,0,0,0,,0,2,,,,,,,,,B,,,,0,,,,,0,0,0,,,,,0,,0,0,0,,,,,0,,,,0,0,0,,,,98,YD3,,125118,0,0,,0,,0,0,,,,,CONCRETE,,ME01,WE01,X,X,"1,075","107,500.00",S,,,0,,,0,,,,1,0,,,,,,,,,0,,,,,,,,,F,,,0,,WE,2/18/17,2/18/17,12:36:52 PM,GBI-065,,MIGO_GR,,0,,,,,,,12:00:00 AM,,,,,,,,,,,0,,,,,
375,5000000669,2017,1,1,0,0,0,101,,CONCRETE,SD00,RM00,,,,,,125117,,,0,0,,S,USD,10200.00,0,10200.00,,0,,133,YD3,133,YD3,133,YD3,4500000325,10,,,0,,,0,X,,,,,,NA00,,,,,,,,,,,,2017,,,US00,,0,,0,0,0,,0,2,,,,,,,,,B,,,,0,,,,,0,0,0,,,,,0,,0,0,0,,,,,0,,,,0,0,0,,,,102,YD3,,125117,0,0,,0,,0,0,,,,,CONCRETE,,ME01,WE01,X,X,"1,173","117,300.00",S,,,0,,,0,,,,1,0,,,,,,,,,0,,,,,,,,,F,,,0,,WE,2/18/17,2/18/17,12:37:18 PM,GBI-039,,MIGO_GR,,0,,,,,,,12:00:00 AM,,,,,,,,,,,0,,,,,
375,5000000670,2017,1,1,0,0,0,101,,CONCRETE,SD00,RM00,,,,,,125120,,,0,0,,S,USD,9800.00,0,9800.00,,0,,111,YD3,111,YD3,111,YD3,4500000313,10,,,0,,,0,X,,,,,,NA00,,,,,,,,,,,,2017,,,US00,,0,,0,0,0,,0,2,,,,,,,,,B,,,,0,,,,,0,0,0,,,,,0,,0,0,0,,,,,0,,,,0,0,0,,,,98,YD3,,125120,0,0,,0,,0,0,,,,,CONCRETE,,ME01,WE01,X,X,"1,275","127,500.00",S,,,0,,,0,,,,1,0,,,,,,,,,0,,,,,,,,,F,,,0,,WE,2/18/17,2/18/17,12:37:18 PM,GBI-060,,MIGO_GR,,0,,,,,,,12:00:00 AM,,,,,,,,,,,0,,,,,
375,5000000671,2017,1,1,0,0,0,101,,CONCRETE,SD00,RM00,,,,,,125122,,,0,0,,S,USD,10100.00,0,10100.00,,0,,126,YD3,126,YD3,126,YD3,4500000324,10,,,0,,,0,X,,,,,,NA00,,,,,,,,,,,,2017,,,US00,,0,,0,0,0,,0,2,,,,,,,,,B,,,,0,,,,,0,0,0,,,,,0,,0,0,0,,,,,0,,,,0,0,0,,,,101,YD3,,125122,0,0,,0,,0,0,,,,,CONCRETE,,ME01,WE01,X,X,"1,373","137,300.00",S,,,0,,,0,,,,1,0,,,,,,,,,0,,,,,,,,,F,,,0,,WE,2/18/17,2/18/17,12:37:35 PM,GBI-005,,MIGO_GR,,0,,,,,,,12:00:00 AM,,,,,,,,,,,0,,,,,
375,5000000672,2017,1,1,0,0,0,101,,CONCRETE,SD00,RM00,,,,,,125121,,,0,0,,S,USD,10900.00,0,10900.00,,0,,125,YD3,125,YD3,125,YD3,4500000311,10,,,0,,,0,X,,,,,,NA00,,,,,,,,,,,,2017,,,US00,,0,,0,0,0,,0,2,,,,,,,,,B,,,,0,,,,,0,0,0,,,,,0,,0,0,0,,,,,0,,,,0,0,0,,,,109,YD3,,125121,0,0,,0,,0,0,,,,,CONCRETE,,ME01,WE01,X,X,"1,474","147,400.00",S,,,0,,,0,,,,1,0,,,,,,,,,0,,,,,,,,,F,,,0,,WE,2/18/17,2/18/17,12:38:00 PM,GBI-062,,MIGO_GR,,0,,,,,,,12:00:00 AM,,,,,,,,,,,0,,,,,
375,5000000673,2017,1,1,0,0,0,101,,CONCRETE,SD00,RM00,,,,,,125118,,,0,0,,S,USD,10000.00,0,10000.00,,0,,119,YD3,119,YD3,119,YD3,4500000317,10,,,0,,,0,X,,,,,,NA00,,,,,,,,,,,,2017,,,US00,,0,,0,0,0,,0,2,,,,,,,,,B,,,,0,,,,,0,0,0,,,,,0,,0,0,0,,,,,0,,,,0,0,0,,,,100,YD3,,125118,0,0,,0,,0,0,,,,,CONCRETE,,ME01,WE01,X,X,"1,583","158,300.00",S,,,0,,,0,,,,1,0,,,,,,,,,0,,,,,,,,,F,,,0,,WE,2/18/17,2/18/17,12:38:11 PM,GBI-065,,MIGO_GR,,0,,,,,,,12:00:00 AM,,,,,,,,,,,0,,,,,
375,5000000674,2017,1,1,0,0,0,101,,CONCRETE,SD00,RM00,,,,,,125122,,,0,0,,S,USD,10100.00,0,10100.00,,0,,96,YD3,96,YD3,96,YD3,4500000326,10,,,0,,,0,X,,,,,,NA00,,,,,,,,,,,,2017,,,US00,,0,,0,0,0,,0,2,,,,,,,,,B,,,,0,,,,,0,0,0,,,,,0,,0,0,0,,,,,0,,,,0,0,0,,,,101,YD3,,125122,0,0,,0,,0,0,,,,,CONCRETE,,ME01,WE01,X,X,"1,683","168,300.00",S,,,0,,,0,,,,1,0,,,,,,,,,0,,,,,,,,,F,,,0,,WE,2/18/17,2/18/17,12:38:41 PM,GBI-005,,MIGO_GR,,0,,,,,,,12:00:00 AM,,,,,,,,,,,0,,,,,
375,5000000675,2017,1,1,0,0,0,101,,CONCRETE,SD00,RM00,,,,,,125120,,,0,0,,S,USD,10100.00,0,10100.00,,0,,109,YD3,109,YD3,109,YD3,4500000322,10,,,0,,,0,X,,,,,,NA00,,,,,,,,,,,,2017,,,US00,,0,,0,0,0,,0,2,,,,,,,,,B,,,,0,,,,,0,0,0,,,,,0,,0,0,0,,,,,0,,,,0,0,0,,,,101,YD3,,125120,0,0,,0,,0,0,,,,,CONCRETE,,ME01,WE01,X,X,"1,784","178,400.00",S,,,0,,,0,,,,1,0,,,,,,,,,0,,,,,,,,,F,,,0,,WE,2/18/17,2/18/17,12:39:00 PM,GBI-060,,MIGO_GR,,0,,,,,,,12:00:00 AM,,,,,,,,,,,0,,,,,
375,5000000676,2017,1,1,0,0,0,101,,CONCRETE,SD00,RM00,,,,,,125117,,,0,0,,S,USD,10600.00,0,10600.00,,0,,129,YD3,129,YD3,129,YD3,4500000332,10,,,0,,,0,X,,,,,,NA00,,,,,,,,,,,,2017,,,US00,,0,,0,0,0,,0,2,,,,,,,,,B,,,,0,,,,,0,0,0,,,,,0,,0,0,0,,,,,0,,,,0,0,0,,,,106,YD3,,125117,0,0,,0,,0,0,,,,,CONCRETE,,ME01,WE01,X,X,"1,885","188,500.00",S,,,0,,,0,,,,1,0,,,,,,,,,0,,,,,,,,,F,,,0,,WE,2/18/17,2/18/17,12:39:05 PM,GBI-039,,MIGO_GR,,0,,,,,,,12:00:00 AM,,,,,,,,,,,0,,,,,
375,5000000677,2017,1,1,0,0,0,101,,CONCRETE,SD00,RM00,,,,,,125122,,,0,0,,S,USD,10100.00,0,10100.00,,0,,134,YD3,134,YD3,134,YD3,4500000327,10,,,0,,,0,X,,,,,,NA00,,,,,,,,,,,,2017,,,US00,,0,,0,0,0,,0,2,,,,,,,,,B,,,,0,,,,,0,0,0,,,,,0,,0,0,0,,,,,0,,,,0,0,0,,,,101,YD3,,125122,0,0,,0,,0,0,,,,,CONCRETE,,ME01,WE01,X,X,"1,991","199,100.00",S,,,0,,,0,,,,1,0,,,,,,,,,0,,,,,,,,,F,,,0,,WE,2/18/17,2/18/17,12:39:33 PM,GBI-005,,MIGO_GR,,0,,,,,,,12:00:00 AM,,,,,,,,,,,0,,,,,
375,5000000678,2017,1,1,0,0,0,101,,CONCRETE,SD00,RM00,,,,,,125117,,,0,0,,S,USD,10200.00,0,10200.00,,0,,125,YD3,125,YD3,125,YD3,4500000334,10,,,0,,,0,X,,,,,,NA00,,,,,,,,,,,,2017,,,US00,,0,,0,0,0,,0,2,,,,,,,,,B,,,,0,,,,,0,0,0,,,,,0,,0,0,0,,,,,0,,,,0,0,0,,,,102,YD3,,125117,0,0,,0,,0,0,,,,,CONCRETE,,ME01,WE01,X,X,"2,092","209,200.00",S,,,0,,,0,,,,1,0,,,,,,,,,0,,,,,,,,,F,,,0,,WE,2/18/17,2/18/17,12:40:19 PM,GBI-039,,MIGO_GR,,0,,,,,,,12:00:00 AM,,,,,,,,,,,0,,,,,
375,5000000679,2017,1,1,0,0,0,101,,CONCRETE,SD00,RM00,,,,,,125121,,,0,0,,S,USD,10100.00,0,10100.00,,0,,133,YD3,133,YD3,133,YD3,4500000319,10,,,0,,,0,X,,,,,,NA00,,,,,,,,,,,,2017,,,US00,,0,,0,0,0,,0,2,,,,,,,,,B,,,,0,,,,,0,0,0,,,,,0,,0,0,0,,,,,0,,,,0,0,0,,,,101,YD3,,125121,0,0,,0,,0,0,,,,,CONCRETE,,ME01,WE01,X,X,"2,194","219,400.00",S,,,0,,,0,,,,1,0,,,,,,,,,0,,,,,,,,,F,,,0,,WE,2/18/17,2/18/17,12:40:21 PM,GBI-062,,MIGO_GR,,0,,,,,,,12:00:00 AM,,,,,,,,,,,0,,,,,
375,5000000680,2017,1,1,0,0,0,101,,CONCRETE,SD00,RM00,,,,,,125120,,,0,0,,S,USD,10400.00,0,10400.00,,0,,93,YD3,93,YD3,93,YD3,4500000329,10,,,0,,,0,X,,,,,,NA00,,,,,,,,,,,,2017,,,US00,,0,,0,0,0,,0,2,,,,,,,,,B,,,,0,,,,,0,0,0,,,,,0,,0,0,0,,,,,0,,,,0,0,0,,,,104,YD3,,125120,0,0,,0,,0,0,,,,,CONCRETE,,ME01,WE01,X,X,"2,295","229,500.00",S,,,0,,,0,,,,1,0,,,,,,,,,0,,,,,,,,,F,,,0,,WE,2/18/17,2/18/17,12:40:28 PM,GBI-060,,MIGO_GR,,0,,,,,,,12:00:00 AM,,,,,,,,,,,0,,,,,
375,5000000681,2017,1,1,0,0,0,101,,CONCRETE,SD00,RM00,,,,,,125122,,,0,0,,S,USD,10700.00,0,10700.00,,0,,145,YD3,145,YD3,145,YD3,4500000328,10,,,0,,,0,X,,,,,,NA00,,,,,,,,,,,,2017,,,US00,,0,,0,0,0,,0,2,,,,,,,,,B,,,,0,,,,,0,0,0,,,,,0,,0,0,0,,,,,0,,,,0,0,0,,,,107,YD3,,125122,0,0,,0,,0,0,,,,,CONCRETE,,ME01,WE01,X,X,"2,399","239,900.00",S,,,0,,,0,,,,1,0,,,,,,,,,0,,,,,,,,,F,,,0,,WE,2/18/17,2/18/17,12:40:31 PM,GBI-005,,MIGO_GR,,0,,,,,,,12:00:00 AM,,,,,,,,,,,0,,,,,
375,5000000682,2017,1,1,0,0,0,101,,CONCRETE,SD00,RM00,,,,,,125120,,,0,0,,S,USD,10300.00,0,10300.00,,0,,82,YD3,82,YD3,82,YD3,4500000330,10,,,0,,,0,X,,,,,,NA00,,,,,,,,,,,,2017,,,US00,,0,,0,0,0,,0,2,,,,,,,,,B,,,,0,,,,,0,0,0,,,,,0,,0,0,0,,,,,0,,,,0,0,0,,,,103,YD3,,125120,0,0,,0,,0,0,,,,,CONCRETE,,ME01,WE01,X,X,"2,506","250,600.00",S,,,0,,,0,,,,1,0,,,,,,,,,0,,,,,,,,,F,,,0,,WE,2/18/17,2/18/17,12:41:19 PM,GBI-060,,MIGO_GR,,0,,,,,,,12:00:00 AM,,,,,,,,,,,0,,,,,
375,5000000683,2017,1,1,0,0,0,101,,CONCRETE,SD00,RM00,,,,,,125117,,,0,0,,S,USD,10000.00,0,10000.00,,0,,143,YD3,143,YD3,143,YD3,4500000331,10,,,0,,,0,X,,,,,,NA00,,,,,,,,,,,,2017,,,US00,,0,,0,0,0,,0,2,,,,,,,,,B,,,,0,,,,,0,0,0,,,,,0,,0,0,0,,,,,0,,,,0,0,0,,,,100,YD3,,125117,0,0,,0,,0,0,,,,,CONCRETE,,ME01,WE01,X,X,"2,609","260,900.00",S,,,0,,,0,,,,1,0,,,,,,,,,0,,,,,,,,,F,,,0,,WE,2/18/17,2/18/17,12:42:00 PM,GBI-039,,MIGO_GR,,0,,,,,,,12:00:00 AM,,,,,,,,,,,0,,,,,
375,5000000684,2017,1,1,0,0,0,101,,CONCRETE,SD00,RM00,,,,,,125120,,,0,0,,S,USD,9800.00,0,9800.00,,0,,91,YD3,91,YD3,91,YD3,4500000333,10,,,0,,,0,X,,,,,,NA00,,,,,,,,,,,,2017,,,US00,,0,,0,0,0,,0,2,,,,,,,,,B,,,,0,,,,,0,0,0,,,,,0,,0,0,0,,,,,0,,,,0,0,0,,,,98,YD3,,125120,0,0,,0,,0,0,,,,,CONCRETE,,ME01,WE01,X,X,"2,709","270,900.00",S,,,0,,,0,,,,1,0,,,,,,,,,0,,,,,,,,,F,,,0,,WE,2/18/17,2/18/17,12:42:08 PM,GBI-060,,MIGO_GR,,0,,,,,,,12:00:00 AM,,,,,,,,,,,0,,,,,
375,5000000685,2017,1,1,0,0,0,101,,CONCRETE,SD00,RM00,,,,,,125118,,,0,0,,S,USD,11000.00,0,11000.00,,0,,82,YD3,82,YD3,82,YD3,4500000335,10,,,0,,,0,X,,,,,,NA00,,,,,,,,,,,,2017,,,US00,,0,,0,0,0,,0,2,,,,,,,,,B,,,,0,,,,,0,0,0,,,,,0,,0,0,0,,,,,0,,,,0,0,0,,,,110,YD3,,125118,0,0,,0,,0,0,,,,,CONCRETE,,ME01,WE01,X,X,"2,807","280,700.00",S,,,0,,,0,,,,1,0,,,,,,,,,0,,,,,,,,,F,,,0,,WE,2/18/17,2/18/17,12:43:19 PM,GBI-065,,MIGO_GR,,0,,,,,,,12:00:00 AM,,,,,,,,,,,0,,,,,
375,5000000686,2017,1,1,0,0,0,101,,CONCRETE,SD00,RM00,,,,,,125119,,,0,0,,S,USD,9200.00,0,9200.00,,0,,129,YD3,129,YD3,129,YD3,4500000336,10,,,0,,,0,X,,,,,,NA00,,,,,,,,,,,,2017,,,US00,,0,,0,0,0,,0,2,,,,,,,,,B,,,,0,,,,,0,0,0,,,,,0,,0,0,0,,,,,0,,,,0,0,0,,,,92,YD3,,125119,0,0,,0,,0,0,,,,,CONCRETE,,ME01,WE01,X,X,"2,917","291,700.00",S,,,0,,,0,,,,1,0,,,,,,,,,0,,,,,,,,,F,,,0,,WE,2/18/17,2/18/17,12:44:26 PM,GBI-005,,MIGO_GR,,0,,,,,,,12:00:00 AM,,,,,,,,,,,0,,,,,
375,5000000687,2017,1,1,0,0,0,101,,CONCRETE,SD00,RM00,,,,,,125121,,,0,0,,S,USD,9500.00,0,9500.00,,0,,121,YD3,121,YD3,121,YD3,4500000323,10,,,0,,,0,X,,,,,,NA00,,,,,,,,,,,,2017,,,US00,,0,,0,0,0,,0,2,,,,,,,,,B,,,,0,,,,,0,0,0,,,,,0,,0,0,0,,,,,0,,,,0,0,0,,,,95,YD3,,125121,0,0,,0,,0,0,,,,,CONCRETE,,ME01,WE01,X,X,"3,009","300,900.00",S,,,0,,,0,,,,1,0,,,,,,,,,0,,,,,,,,,F,,,0,,WE,2/18/17,2/18/17,12:44:34 PM,GBI-062,,MIGO_GR,,0,,,,,,,12:00:00 AM,,,,,,,,,,,0,,,,,
375,5000000688,2017,1,1,0,0,0,101,,CONCRETE,SD00,RM00,,,,,,125121,,,0,0,,S,USD,10100.00,0,10100.00,,0,,117,YD3,117,YD3,117,YD3,4500000315,10,,,0,,,0,X,,,,,,NA00,,,,,,,,,,,,2017,,,US00,,0,,0,0,0,,0,2,,,,,,,,,B,,,,0,,,,,0,0,0,,,,,0,,0,0,0,,,,,0,,,,0,0,0,,,,101,YD3,,125121,0,0,,0,,0,0,,,,,CONCRETE,,ME01,WE01,X,X,"3,104","310,400.00",S,,,0,,,0,,,,1,0,,,,,,,,,0,,,,,,,,,F,,,0,,WE,2/18/17,2/18/17,12:50:34 PM,GBI-062,,MIGO_GR,,0,,,,,,,12:00:00 AM,,,,,,,,,,,0,,,,,
375,5000000689,2017,1,1,0,0,0,101,,CONCRETE,SD00,RM00,,,,,,125121,,,0,0,,S,USD,10000.00,0,10000.00,,0,,139,YD3,139,YD3,139,YD3,4500000337,10,,,0,,,0,X,,,,,,NA00,,,,,,,,,,,,2017,,,US00,,0,,0,0,0,,0,2,,,,,,,,,B,,,,0,,,,,0,0,0,,,,,0,,0,0,0,,,,,0,,,,0,0,0,,,,100,YD3,,125121,0,0,,0,,0,0,,,,,CONCRETE,,ME01,WE01,X,X,"3,205","320,500.00",S,,,0,,,0,,,,1,0,,,,,,,,,0,,,,,,,,,F,,,0,,WE,2/18/17,2/18/17,1:58:29 PM,GBI-065,,MIGO_GR,,0,,,,,,,12:00:00 AM,,,,,,,,,,,0,,,,,
375,5000000690,2017,1,1,0,0,0,101,,CONCRETE,SD00,RM00,,,,,,125121,,,0,0,,S,USD,10900.00,0,10900.00,,0,,121,YD3,121,YD3,121,YD3,4500000339,10,,,0,,,0,X,,,,,,NA00,,,,,,,,,,,,2017,,,US00,,0,,0,0,0,,0,2,,,,,,,,,B,,,,0,,,,,0,0,0,,,,,0,,0,0,0,,,,,0,,,,0,0,0,,,,109,YD3,,125121,0,0,,0,,0,0,,,,,CONCRETE,,ME01,WE01,X,X,"3,305","330,500.00",S,,,0,,,0,,,,1,0,,,,,,,,,0,,,,,,,,,F,,,0,,WE,2/18/17,2/18/17,1:58:29 PM,GBI-062,,MIGO_GR,,0,,,,,,,12:00:00 AM,,,,,,,,,,,0,,,,,
375,5000000691,2017,1,1,0,0,0,101,,CONCRETE,SD00,RM00,,,,,,125121,,,0,0,,S,USD,10200.00,0,10200.00,,0,,120,YD3,120,YD3,120,YD3,4500000340,10,,,0,,,0,X,,,,,,NA00,,,,,,,,,,,,2017,,,US00,,0,,0,0,0,,0,2,,,,,,,,,B,,,,0,,,,,0,0,0,,,,,0,,0,0,0,,,,,0,,,,0,0,0,,,,102,YD3,,125121,0,0,,0,,0,0,,,,,CONCRETE,,ME01,WE01,X,X,"3,414","341,400.00",S,,,0,,,0,,,,1,0,,,,,,,,,0,,,,,,,,,F,,,0,,WE,2/18/17,2/18/17,1:58:30 PM,GBI-064,,MIGO_GR,,0,,,,,,,12:00:00 AM,,,,,,,,,,,0,,,,,
375,5000000692,2017,1,1,0,0,0,101,,CONCRETE,SD00,RM00,,,,,,125117,,,0,0,,S,USD,10600.00,0,10600.00,,0,,95,YD3,95,YD3,95,YD3,4500000338,10,,,0,,,0,X,,,,,,NA00,,,,,,,,,,,,2017,,,US00,,0,,0,0,0,,0,2,,,,,,,,,B,,,,0,,,,,0,0,0,,,,,0,,0,0,0,,,,,0,,,,0,0,0,,,,106,YD3,,125117,0,0,,0,,0,0,,,,,CONCRETE,,ME01,WE01,X,X,"3,516","351,600.00",S,,,0,,,0,,,,1,0,,,,,,,,,0,,,,,,,,,F,,,0,,WE,2/18/17,2/18/17,1:58:31 PM,GBI-039,,MIGO_GR,,0,,,,,,,12:00:00 AM,,,,,,,,,,,0,,,,,
375,5000000693,2017,1,1,0,0,0,101,,CONCRETE,SD00,RM00,,,,,,125121,,,0,0,,S,USD,10100.00,0,10100.00,,0,,133,YD3,133,YD3,133,YD3,4500000341,10,,,0,,,0,X,,,,,,NA00,,,,,,,,,,,,2017,,,US00,,0,,0,0,0,,0,2,,,,,,,,,B,,,,0,,,,,0,0,0,,,,,0,,0,0,0,,,,,0,,,,0,0,0,,,,101,YD3,,125121,0,0,,0,,0,0,,,,,CONCRETE,,ME01,WE01,X,X,"3,622","362,200.00",S,,,0,,,0,,,,1,0,,,,,,,,,0,,,,,,,,,F,,,0,,WE,2/18/17,2/18/17,1:59:35 PM,GBI-065,,MIGO_GR,,0,,,,,,,12:00:00 AM,,,,,,,,,,,0,,,,,
375,5000000694,2017,1,1,0,0,0,101,,CONCRETE,SD00,RM00,,,,,,125121,,,0,0,,S,USD,9500.00,0,9500.00,,0,,109,YD3,109,YD3,109,YD3,4500000343,10,,,0,,,0,X,,,,,,NA00,,,,,,,,,,,,2017,,,US00,,0,,0,0,0,,0,2,,,,,,,,,B,,,,0,,,,,0,0,0,,,,,0,,0,0,0,,,,,0,,,,0,0,0,,,,95,YD3,,125121,0,0,,0,,0,0,,,,,CONCRETE,,ME01,WE01,X,X,"3,723","372,300.00",S,,,0,,,0,,,,1,0,,,,,,,,,0,,,,,,,,,F,,,0,,WE,2/18/17,2/18/17,2:12:18 PM,GBI-065,,MIGO_GR,,0,,,,,,,12:00:00 AM,,,,,,,,,,,0,,,,,
375,5000000695,2017,1,1,0,0,0,101,,GOLD,SD00,RM00,,,,,,125104,,,0,0,,S,USD,43309.00,0,43309.00,,0,,22,OZ,22,OZ,22,OZ,4500000272,10,,,0,,,0,X,,,,,,NA00,,,,,,,,,,,,2017,,,US00,,0,,0,0,0,,0,2,,,,,,,,,B,,,,0,,,,,0,0,0,,,,,0,,0,0,0,,,,,0,,,,0,0,0,,,,35,OZ,,125104,0,0,,0,,0,0,,,,,GOLD TEAM 8,,ME01,WE01,X,X,0,0,V,,,0,,,0,,,,1,0,,,,,,,,,0,,,,,,,,,F,,,0,,WE,2/18/17,2/18/17,3:54:45 PM,GBI-033,,MIGO_GR,,0,,,,,,,12:00:00 AM,,,,,,,,,,,0,,,,,
375,5000000696,2017,1,1,0,0,0,101,,GOLD,SD00,RM00,,,,,,125104,,,0,0,,S,USD,54441.20,0,54441.20,,0,,59,OZ,59,OZ,59,OZ,4500000273,10,,,0,,,0,X,,,,,,NA00,,,,,,,,,,,,2017,,,US00,,0,,0,0,0,,0,2,,,,,,,,,B,,,,0,,,,,0,0,0,,,,,0,,0,0,0,,,,,0,,,,0,0,0,,,,44,OZ,,125104,0,0,,0,,0,0,,,,,GOLD TEAM 8,,ME01,WE01,X,X,35,"43,309.00",V,,,0,,,0,,,,1,0,,,,,,,,,0,,,,,,,,,F,,,0,,WE,2/18/17,2/18/17,4:08:43 PM,GBI-033,,MIGO_GR,,0,,,,,,,12:00:00 AM,,,,,,,,,,,0,,,,,
375,5000000697,2017,1,1,0,0,0,101,,GOLD,SD00,RM00,,,,,,125104,,,0,0,,S,USD,50646.89,0,50646.89,,0,,31,OZ,31,OZ,31,OZ,4500000274,10,,,0,,,0,X,,,,,,NA00,,,,,,,,,,,,2017,,,US00,,0,,0,0,0,,0,2,,,,,,,,,B,,,,0,,,,,0,0,0,,,,,0,,0,0,0,,,,,0,,,,0,0,0,,,,41,OZ,,125104,0,0,,0,,0,0,,,,,GOLD TEAM 8,,ME01,WE01,X,X,79,"97,750.20",V,,,0,,,0,,,,1,0,,,,,,,,,0,,,,,,,,,F,,,0,,WE,2/18/17,2/18/17,4:11:01 PM,GBI-033,,MIGO_GR,,0,,,,,,,12:00:00 AM,,,,,,,,,,,0,,,,,
375,5000000698,2017,1,1,0,0,0,101,,GOLD,SD00,RM00,,,,,,125104,,,0,0,,S,USD,98823.20,0,98823.20,,0,,67,OZ,67,OZ,67,OZ,4500000275,10,,,0,,,0,X,,,,,,NA00,,,,,,,,,,,,2017,,,US00,,0,,0,0,0,,0,2,,,,,,,,,B,,,,0,,,,,0,0,0,,,,,0,,0,0,0,,,,,0,,,,0,0,0,,,,80,OZ,,125104,0,0,,0,,0,0,,,,,GOLD TEAM 8,,ME01,WE01,X,X,120,"148,397.09",V,,,0,,,0,,,,1,0,,,,,,,,,0,,,,,,,,,F,,,0,,WE,2/18/17,2/18/17,4:11:30 PM,GBI-033,,MIGO_GR,,0,,,,,,,12:00:00 AM,,,,,,,,,,,0,,,,,
375,5000000699,2017,1,1,0,0,0,101,,GOLD,SD00,RM00,,,,,,125104,,,0,0,,S,USD,70411.53,0,70411.53,,0,,22,OZ,22,OZ,22,OZ,4500000276,10,,,0,,,0,X,,,,,,NA00,,,,,,,,,,,,2017,,,US00,,0,,0,0,0,,0,2,,,,,,,,,B,,,,0,,,,,0,0,0,,,,,0,,0,0,0,,,,,0,,,,0,0,0,,,,57,OZ,,125104,0,0,,0,,0,0,,,,,GOLD TEAM 8,,ME01,WE01,X,X,200,"247,220.29",V,,,0,,,0,,,,1,0,,,,,,,,,0,,,,,,,,,F,,,0,,WE,2/18/17,2/18/17,4:11:58 PM,GBI-033,,MIGO_GR,,0,,,,,,,12:00:00 AM,,,,,,,,,,,0,,,,,
375,5000000700,2017,1,1,0,0,0,101,,GOLD,SD00,RM00,,,,,,125104,,,0,0,,S,USD,100058.49,0,100058.49,,0,,32,OZ,32,OZ,32,OZ,4500000277,10,,,0,,,0,X,,,,,,NA00,,,,,,,,,,,,2017,,,US00,,0,,0,0,0,,0,2,,,,,,,,,B,,,,0,,,,,0,0,0,,,,,0,,0,0,0,,,,,0,,,,0,0,0,,,,81,OZ,,125104,0,0,,0,,0,0,,,,,GOLD TEAM 8,,ME01,WE01,X,X,257,"317,631.82",V,,,0,,,0,,,,1,0,,,,,,,,,0,,,,,,,,,F,,,0,,WE,2/18/17,2/18/17,4:12:13 PM,GBI-033,,MIGO_GR,,0,,,,,,,12:00:00 AM,,,,,,,,,,,0,,,,,
375,5000000701,2017,1,1,0,0,0,101,,GOLD,SD00,RM00,,,,,,125104,,,0,0,,S,USD,79058.56,0,79058.56,,0,,27,OZ,27,OZ,27,OZ,4500000278,10,,,0,,,0,X,,,,,,NA00,,,,,,,,,,,,2017,,,US00,,0,,0,0,0,,0,2,,,,,,,,,B,,,,0,,,,,0,0,0,,,,,0,,0,0,0,,,,,0,,,,0,0,0,,,,64,OZ,,125104,0,0,,0,,0,0,,,,,GOLD TEAM 8,,ME01,WE01,X,X,338,"417,690.31",V,,,0,,,0,,,,1,0,,,,,,,,,0,,,,,,,,,F,,,0,,WE,2/18/17,2/18/17,4:12:28 PM,GBI-033,,MIGO_GR,,0,,,,,,,12:00:00 AM,,,,,,,,,,,0,,,,,
375,5000000702,2017,1,1,0,0,0,101,,GOLD,SD00,RM00,,,,,,125104,,,0,0,,S,USD,96352.62,0,96352.62,,0,,4,OZ,4,OZ,4,OZ,4500000279,10,,,0,,,0,X,,,,,,NA00,,,,,,,,,,,,2017,,,US00,,0,,0,0,0,,0,2,,,,,,,,,B,,,,0,,,,,0,0,0,,,,,0,,0,0,0,,,,,0,,,,0,0,0,,,,78,OZ,,125104,0,0,,0,,0,0,,,,,GOLD TEAM 8,,ME01,WE01,X,X,402,"496,748.87",V,,,0,,,0,,,,1,0,,,,,,,,,0,,,,,,,,,F,,,0,,WE,2/18/17,2/18/17,4:12:41 PM,GBI-033,,MIGO_GR,,0,,,,,,,12:00:00 AM,,,,,,,,,,,0,,,,,
375,5000000703,2017,1,1,0,0,0,101,,GOLD,SD00,RM00,,,,,,125104,,,0,0,,S,USD,53117.47,0,53117.47,,0,,77,OZ,77,OZ,77,OZ,4500000280,10,,,0,,,0,X,,,,,,NA00,,,,,,,,,,,,2017,,,US00,,0,,0,0,0,,0,2,,,,,,,,,B,,,,0,,,,,0,0,0,,,,,0,,0,0,0,,,,,0,,,,0,0,0,,,,43,OZ,,125104,0,0,,0,,0,0,,,,,GOLD TEAM 8,,ME01,WE01,X,X,480,"593,101.49",V,,,0,,,0,,,,1,0,,,,,,,,,0,,,,,,,,,F,,,0,,WE,2/18/17,2/18/17,4:12:56 PM,GBI-033,,MIGO_GR,,0,,,,,,,12:00:00 AM,,,,,,,,,,,0,,,,,
375,5000000704,2017,1,1,0,0,0,101,,GOLD,SD00,RM00,,,,,,125104,,,0,0,,S,USD,58058.63,0,58058.63,,0,,52,OZ,52,OZ,52,OZ,4500000281,10,,,0,,,0,X,,,,,,NA00,,,,,,,,,,,,2017,,,US00,,0,,0,0,0,,0,2,,,,,,,,,B,,,,0,,,,,0,0,0,,,,,0,,0,0,0,,,,,0,,,,0,0,0,,,,47,OZ,,125104,0,0,,0,,0,0,,,,,GOLD TEAM 8,,ME01,WE01,X,X,523,"646,218.96",V,,,0,,,0,,,,1,0,,,,,,,,,0,,,,,,,,,F,,,0,,WE,2/18/17,2/18/17,4:13:09 PM,GBI-033,,MIGO_GR,,0,,,,,,,12:00:00 AM,,,,,,,,,,,0,,,,,
375,5000000705,2017,1,1,0,0,0,101,,GOLD,SD00,RM00,,,,,,125104,,,0,0,,S,USD,100058.49,0,100058.49,,0,,87,OZ,87,OZ,87,OZ,4500000282,10,,,0,,,0,X,,,,,,NA00,,,,,,,,,,,,2017,,,US00,,0,,0,0,0,,0,2,,,,,,,,,B,,,,0,,,,,0,0,0,,,,,0,,0,0,0,,,,,0,,,,0,0,0,,,,81,OZ,,125104,0,0,,0,,0,0,,,,,GOLD TEAM 8,,ME01,WE01,X,X,570,"704,277.59",V,,,0,,,0,,,,1,0,,,,,,,,,0,,,,,,,,,F,,,0,,WE,2/18/17,2/18/17,4:13:23 PM,GBI-033,,MIGO_GR,,0,,,,,,,12:00:00 AM,,,,,,,,,,,0,,,,,
375,5000000706,2017,1,1,0,0,0,101,,GOLD,SD00,RM00,,,,,,125104,,,0,0,,S,USD,90176.17,0,90176.17,,0,,38,OZ,38,OZ,38,OZ,4500000283,10,,,0,,,0,X,,,,,,NA00,,,,,,,,,,,,2017,,,US00,,0,,0,0,0,,0,2,,,,,,,,,B,,,,0,,,,,0,0,0,,,,,0,,0,0,0,,,,,0,,,,0,0,0,,,,73,OZ,,125104,0,0,,0,,0,0,,,,,GOLD TEAM 8,,ME01,WE01,X,X,651,"804,336.08",V,,,0,,,0,,,,1,0,,,,,,,,,0,,,,,,,,,F,,,0,,WE,2/18/17,2/18/17,4:13:42 PM,GBI-033,,MIGO_GR,,0,,,,,,,12:00:00 AM,,,,,,,,,,,0,,,,,
375,5000000707,2017,1,1,0,0,0,101,,GOLD,SD00,RM00,,,,,,125104,,,0,0,,S,USD,97587.91,0,97587.91,,0,,60,OZ,60,OZ,60,OZ,4500000285,10,,,0,,,0,X,,,,,,NA00,,,,,,,,,,,,2017,,,US00,,0,,0,0,0,,0,2,,,,,,,,,B,,,,0,,,,,0,0,0,,,,,0,,0,0,0,,,,,0,,,,0,0,0,,,,79,OZ,,125104,0,0,,0,,0,0,,,,,GOLD TEAM 8,,ME01,WE01,X,X,724,"894,512.25",V,,,0,,,0,,,,1,0,,,,,,,,,0,,,,,,,,,F,,,0,,WE,2/18/17,2/18/17,4:13:58 PM,GBI-033,,MIGO_GR,,0,,,,,,,12:00:00 AM,,,,,,,,,,,0,,,,,
375,5000000708,2017,1,1,0,0,0,101,,GOLD,SD00,RM00,,,,,,125104,,,0,0,,S,USD,87705.59,0,87705.59,,0,,93,OZ,93,OZ,93,OZ,4500000286,10,,,0,,,0,X,,,,,,NA00,,,,,,,,,,,,2017,,,US00,,0,,0,0,0,,0,2,,,,,,,,,B,,,,0,,,,,0,0,0,,,,,0,,0,0,0,,,,,0,,,,0,0,0,,,,71,OZ,,125104,0,0,,0,,0,0,,,,,GOLD TEAM 8,,ME01,WE01,X,X,803,"992,100.16",V,,,0,,,0,,,,1,0,,,,,,,,,0,,,,,,,,,F,,,0,,WE,2/18/17,2/18/17,4:14:16 PM,GBI-033,,MIGO_GR,,0,,,,,,,12:00:00 AM,,,,,,,,,,,0,,,,,
375,5000000709,2017,1,1,0,0,0,101,,GOLD,SD00,RM00,,,,,,125104,,,0,0,,S,USD,82764.43,0,82764.43,,0,,49,OZ,49,OZ,49,OZ,4500000287,10,,,0,,,0,X,,,,,,NA00,,,,,,,,,,,,2017,,,US00,,0,,0,0,0,,0,2,,,,,,,,,B,,,,0,,,,,0,0,0,,,,,0,,0,0,0,,,,,0,,,,0,0,0,,,,67,OZ,,125104,0,0,,0,,0,0,,,,,GOLD TEAM 8,,ME01,WE01,X,X,874,"1,079,805.75",V,,,0,,,0,,,,1,0,,,,,,,,,0,,,,,,,,,F,,,0,,WE,2/18/17,2/18/17,4:14:46 PM,GBI-033,,MIGO_GR,,0,,,,,,,12:00:00 AM,,,,,,,,,,,0,,,,,
375,5000000710,2017,1,1,0,0,0,101,,GOLD,SD00,RM00,,,,,,125104,,,0,0,,S,USD,75352.69,0,75352.69,,0,,29,OZ,29,OZ,29,OZ,4500000288,10,,,0,,,0,X,,,,,,NA00,,,,,,,,,,,,2017,,,US00,,0,,0,0,0,,0,2,,,,,,,,,B,,,,0,,,,,0,0,0,,,,,0,,0,0,0,,,,,0,,,,0,0,0,,,,61,OZ,,125104,0,0,,0,,0,0,,,,,GOLD TEAM 8,,ME01,WE01,X,X,941,"1,162,570.18",V,,,0,,,0,,,,1,0,,,,,,,,,0,,,,,,,,,F,,,0,,WE,2/18/17,2/18/17,4:15:01 PM,GBI-033,,MIGO_GR,,0,,,,,,,12:00:00 AM,,,,,,,,,,,0,,,,,
375,5000000711,2017,1,1,0,0,0,101,,GOLD,SD00,RM00,,,,,,125104,,,0,0,,S,USD,85235.01,0,85235.01,,0,,81,OZ,81,OZ,81,OZ,4500000289,10,,,0,,,0,X,,,,,,NA00,,,,,,,,,,,,2017,,,US00,,0,,0,0,0,,0,2,,,,,,,,,B,,,,0,,,,,0,0,0,,,,,0,,0,0,0,,,,,0,,,,0,0,0,,,,69,OZ,,125104,0,0,,0,,0,0,,,,,GOLD TEAM 8,,ME01,WE01,X,X,"1,002","1,237,922.87",V,,,0,,,0,,,,1,0,,,,,,,,,0,,,,,,,,,F,,,0,,WE,2/18/17,2/18/17,4:15:14 PM,GBI-033,,MIGO_GR,,0,,,,,,,12:00:00 AM,,,,,,,,,,,0,,,,,
375,5000000712,2017,1,1,0,0,0,101,,GOLD,SD00,RM00,,,,,,125104,,,0,0,,S,USD,79058.56,0,79058.56,,0,,93,OZ,93,OZ,93,OZ,4500000290,10,,,0,,,0,X,,,,,,NA00,,,,,,,,,,,,2017,,,US00,,0,,0,0,0,,0,2,,,,,,,,,B,,,,0,,,,,0,0,0,,,,,0,,0,0,0,,,,,0,,,,0,0,0,,,,64,OZ,,125104,0,0,,0,,0,0,,,,,GOLD TEAM 8,,ME01,WE01,X,X,"1,071","1,323,157.88",V,,,0,,,0,,,,1,0,,,,,,,,,0,,,,,,,,,F,,,0,,WE,2/18/17,2/18/17,4:15:26 PM,GBI-033,,MIGO_GR,,0,,,,,,,12:00:00 AM,,,,,,,,,,,0,,,,,
375,5000000713,2017,1,1,0,0,0,101,,GOLD,SD00,RM00,,,,,,125104,,,0,0,,S,USD,74117.40,0,74117.40,,0,,91,OZ,91,OZ,91,OZ,4500000291,10,,,0,,,0,X,,,,,,NA00,,,,,,,,,,,,2017,,,US00,,0,,0,0,0,,0,2,,,,,,,,,B,,,,0,,,,,0,0,0,,,,,0,,0,0,0,,,,,0,,,,0,0,0,,,,60,OZ,,125104,0,0,,0,,0,0,,,,,GOLD TEAM 8,,ME01,WE01,X,X,"1,135","1,402,216.44",V,,,0,,,0,,,,1,0,,,,,,,,,0,,,,,,,,,F,,,0,,WE,2/18/17,2/18/17,4:15:39 PM,GBI-033,,MIGO_GR,,0,,,,,,,12:00:00 AM,,,,,,,,,,,0,,,,,
375,5000000714,2017,1,1,0,0,0,101,,GOLD,SD00,RM00,,,,,,125104,,,0,0,,S,USD,75352.69,0,75352.69,,0,,34,OZ,34,OZ,34,OZ,4500000292,10,,,0,,,0,X,,,,,,NA00,,,,,,,,,,,,2017,,,US00,,0,,0,0,0,,0,2,,,,,,,,,B,,,,0,,,,,0,0,0,,,,,0,,0,0,0,,,,,0,,,,0,0,0,,,,61,OZ,,125104,0,0,,0,,0,0,,,,,GOLD TEAM 8,,ME01,WE01,X,X,"1,195","1,476,333.84",V,,,0,,,0,,,,1,0,,,,,,,,,0,,,,,,,,,F,,,0,,WE,2/18/17,2/18/17,4:15:51 PM,GBI-033,,MIGO_GR,,0,,,,,,,12:00:00 AM,,,,,,,,,,,0,,,,,
375,5000000715,2017,1,1,0,0,0,101,,GOLD,SD00,RM00,,,,,,125104,,,0,0,,S,USD,71646.82,0,71646.82,,0,,55,OZ,55,OZ,55,OZ,4500000294,10,,,0,,,0,X,,,,,,NA00,,,,,,,,,,,,2017,,,US00,,0,,0,0,0,,0,2,,,,,,,,,B,,,,0,,,,,0,0,0,,,,,0,,0,0,0,,,,,0,,,,0,0,0,,,,58,OZ,,125104,0,0,,0,,0,0,,,,,GOLD TEAM 8,,ME01,WE01,X,X,"1,256","1,551,686.53",V,,,0,,,0,,,,1,0,,,,,,,,,0,,,,,,,,,F,,,0,,WE,2/18/17,2/18/17,4:16:01 PM,GBI-033,,MIGO_GR,,0,,,,,,,12:00:00 AM,,,,,,,,,,,0,,,,,
375,5000000716,2017,1,1,0,0,0,101,,GOLD,SD00,RM00,,,,,,125104,,,0,0,,S,USD,66705.66,0,66705.66,,0,,2,OZ,2,OZ,2,OZ,4500000295,10,,,0,,,0,X,,,,,,NA00,,,,,,,,,,,,2017,,,US00,,0,,0,0,0,,0,2,,,,,,,,,B,,,,0,,,,,0,0,0,,,,,0,,0,0,0,,,,,0,,,,0,0,0,,,,54,OZ,,125104,0,0,,0,,0,0,,,,,GOLD TEAM 8,,ME01,WE01,X,X,"1,314","1,623,333.35",V,,,0,,,0,,,,1,0,,,,,,,,,0,,,,,,,,,F,,,0,,WE,2/18/17,2/18/17,4:16:14 PM,GBI-033,,MIGO_GR,,0,,,,,,,12:00:00 AM,,,,,,,,,,,0,,,,,
375,5000000717,2017,1,1,0,0,0,101,,GOLD,SD00,RM00,,,,,,125104,,,0,0,,S,USD,64235.08,0,64235.08,,0,,81,OZ,81,OZ,81,OZ,4500000296,10,,,0,,,0,X,,,,,,NA00,,,,,,,,,,,,2017,,,US00,,0,,0,0,0,,0,2,,,,,,,,,B,,,,0,,,,,0,0,0,,,,,0,,0,0,0,,,,,0,,,,0,0,0,,,,52,OZ,,125104,0,0,,0,,0,0,,,,,GOLD TEAM 8,,ME01,WE01,X,X,"1,368","1,690,039.01",V,,,0,,,0,,,,1,0,,,,,,,,,0,,,,,,,,,F,,,0,,WE,2/18/17,2/18/17,4:16:24 PM,GBI-033,,MIGO_GR,,0,,,,,,,12:00:00 AM,,,,,,,,,,,0,,,,,
375,5000000718,2017,1,1,0,0,0,101,,GOLD,SD00,RM00,,,,,,125104,,,0,0,,S,USD,70411.53,0,70411.53,,0,,78,OZ,78,OZ,78,OZ,4500000297,10,,,0,,,0,X,,,,,,NA00,,,,,,,,,,,,2017,,,US00,,0,,0,0,0,,0,2,,,,,,,,,B,,,,0,,,,,0,0,0,,,,,0,,0,0,0,,,,,0,,,,0,0,0,,,,57,OZ,,125104,0,0,,0,,0,0,,,,,GOLD TEAM 8,,ME01,WE01,X,X,"1,420","1,754,274.09",V,,,0,,,0,,,,1,0,,,,,,,,,0,,,,,,,,,F,,,0,,WE,2/18/17,2/18/17,4:16:34 PM,GBI-033,,MIGO_GR,,0,,,,,,,12:00:00 AM,,,,,,,,,,,0,,,,,
375,5000000719,2017,1,1,0,0,0,101,,GOLD,SD00,RM00,,,,,,125104,,,0,0,,S,USD,44470.44,0,44470.44,,0,,70,OZ,70,OZ,70,OZ,4500000298,10,,,0,,,0,X,,,,,,NA00,,,,,,,,,,,,2017,,,US00,,0,,0,0,0,,0,2,,,,,,,,,B,,,,0,,,,,0,0,0,,,,,0,,0,0,0,,,,,0,,,,0,0,0,,,,36,OZ,,125104,0,0,,0,,0,0,,,,,GOLD TEAM 8,,ME01,WE01,X,X,"1,477","1,824,685.62",V,,,0,,,0,,,,1,0,,,,,,,,,0,,,,,,,,,F,,,0,,WE,2/18/17,2/18/17,4:16:43 PM,GBI-033,,MIGO_GR,,0,,,,,,,12:00:00 AM,,,,,,,,,,,0,,,,,
375,5000000720,2017,1,1,0,0,0,101,,GOLD,SD00,RM00,,,,,,125104,,,0,0,,S,USD,59293.92,0,59293.92,,0,,7,OZ,7,OZ,7,OZ,4500000299,10,,,0,,,0,X,,,,,,NA00,,,,,,,,,,,,2017,,,US00,,0,,0,0,0,,0,2,,,,,,,,,B,,,,0,,,,,0,0,0,,,,,0,,0,0,0,,,,,0,,,,0,0,0,,,,48,OZ,,125104,0,0,,0,,0,0,,,,,GOLD TEAM 8,,ME01,WE01,X,X,"1,513","1,869,156.06",V,,,0,,,0,,,,1,0,,,,,,,,,0,,,,,,,,,F,,,0,,WE,2/18/17,2/18/17,4:16:54 PM,GBI-033,,MIGO_GR,,0,,,,,,,12:00:00 AM,,,,,,,,,,,0,,,,,
375,5000000721,2017,1,1,0,0,0,101,,GOLD,SD00,RM00,,,,,,125104,,,0,0,,S,USD,59293.92,0,59293.92,,0,,55,OZ,55,OZ,55,OZ,4500000300,10,,,0,,,0,X,,,,,,NA00,,,,,,,,,,,,2017,,,US00,,0,,0,0,0,,0,2,,,,,,,,,B,,,,0,,,,,0,0,0,,,,,0,,0,0,0,,,,,0,,,,0,0,0,,,,48,OZ,,125104,0,0,,0,,0,0,,,,,GOLD TEAM 8,,ME01,WE01,X,X,"1,561","1,928,449.98",V,,,0,,,0,,,,1,0,,,,,,,,,0,,,,,,,,,F,,,0,,WE,2/18/17,2/18/17,4:17:04 PM,GBI-033,,MIGO_GR,,0,,,,,,,12:00:00 AM,,,,,,,,,,,0,,,,,
375,5000000722,2017,1,1,0,0,0,101,,GOLD,SD00,RM00,,,,,,125104,,,0,0,,S,USD,53117.47,0,53117.47,,0,,6,OZ,6,OZ,6,OZ,4500000301,10,,,0,,,0,X,,,,,,NA00,,,,,,,,,,,,2017,,,US00,,0,,0,0,0,,0,2,,,,,,,,,B,,,,0,,,,,0,0,0,,,,,0,,0,0,0,,,,,0,,,,0,0,0,,,,43,OZ,,125104,0,0,,0,,0,0,,,,,GOLD TEAM 8,,ME01,WE01,X,X,"1,609","1,987,743.90",V,,,0,,,0,,,,1,0,,,,,,,,,0,,,,,,,,,F,,,0,,WE,2/18/17,2/18/17,4:17:16 PM,GBI-033,,MIGO_GR,,0,,,,,,,12:00:00 AM,,,,,,,,,,,0,,,,,
375,5000000723,2017,1,1,0,0,0,101,,GOLD,SD00,RM00,,,,,,125104,,,0,0,,S,USD,65470.37,0,65470.37,,0,,73,OZ,73,OZ,73,OZ,4500000302,10,,,0,,,0,X,,,,,,NA00,,,,,,,,,,,,2017,,,US00,,0,,0,0,0,,0,2,,,,,,,,,B,,,,0,,,,,0,0,0,,,,,0,,0,0,0,,,,,0,,,,0,0,0,,,,53,OZ,,125104,0,0,,0,,0,0,,,,,GOLD TEAM 8,,ME01,WE01,X,X,"1,652","2,040,861.37",V,,,0,,,0,,,,1,0,,,,,,,,,0,,,,,,,,,F,,,0,,WE,2/18/17,2/18/17,4:17:25 PM,GBI-033,,MIGO_GR,,0,,,,,,,12:00:00 AM,,,,,,,,,,,0,,,,,
375,5000000724,2017,1,1,0,0,0,101,,GOLD,SD00,RM00,,,,,,125104,,,0,0,,S,USD,55588.05,0,55588.05,,0,,49,OZ,49,OZ,49,OZ,4500000303,10,,,0,,,0,X,,,,,,NA00,,,,,,,,,,,,2017,,,US00,,0,,0,0,0,,0,2,,,,,,,,,B,,,,0,,,,,0,0,0,,,,,0,,0,0,0,,,,,0,,,,0,0,0,,,,45,OZ,,125104,0,0,,0,,0,0,,,,,GOLD TEAM 8,,ME01,WE01,X,X,"1,705","2,106,331.74",V,,,0,,,0,,,,1,0,,,,,,,,,0,,,,,,,,,F,,,0,,WE,2/18/17,2/18/17,4:17:35 PM,GBI-033,,MIGO_GR,,0,,,,,,,12:00:00 AM,,,,,,,,,,,0,,,,,
375,5000000725,2017,1,1,0,0,0,101,,GOLD,SD00,RM00,,,,,,125104,,,0,0,,S,USD,61764.50,0,61764.50,,0,,94,OZ,94,OZ,94,OZ,4500000304,10,,,0,,,0,X,,,,,,NA00,,,,,,,,,,,,2017,,,US00,,0,,0,0,0,,0,2,,,,,,,,,B,,,,0,,,,,0,0,0,,,,,0,,0,0,0,,,,,0,,,,0,0,0,,,,50,OZ,,125104,0,0,,0,,0,0,,,,,GOLD TEAM 8,,ME01,WE01,X,X,"1,750","2,161,919.79",V,,,0,,,0,,,,1,0,,,,,,,,,0,,,,,,,,,F,,,0,,WE,2/18/17,2/18/17,4:17:47 PM,GBI-033,,MIGO_GR,,0,,,,,,,12:00:00 AM,,,,,,,,,,,0,,,,,
375,5000000726,2017,1,1,0,0,0,101,,GOLD,SD00,RM00,,,,,,125070,,,0,0,,S,USD,800.00,0,1008.00,,0,,637,G,637,G,637,G,4500000344,10,,,0,,,0,X,,,,,,NA00,,,,,,,,,,,,2017,,,US00,,0,,0,0,0,,0,2,,,,,,,,,B,,,,0,,,,,0,0,0,,,,,0,,0,0,0,,,,,0,,,,0,0,0,,,,20,G,,125070,0,0,,0,,0,0,,,,,GOLD-026,,ME01,WE01,X,X,22,880,S,,,0,,,0,,,,1,0,,,,,,,,,0,,,,,,,,,F,,,0,,WE,2/18/17,2/18/17,11:41:52 PM,GBI-026,,MIGO_GR,,0,,,,,,,12:00:00 AM,,,,,,,,,,,0,,,,,
375,5000000727,2017,1,1,0,0,0,101,,GOLD,SD00,RM00,,,,,,125098,,,0,0,,S,USD,2250.00,0,2250.00,,0,,510,G,510,G,510,G,4500000224,10,2017,1000000028,1,,,0,,,,,,,NA00,BI00,,NAIS1000,,,,,,,,,2017,,,US00,,0,,0,0,0,,0,2,,,,,,,,,B,V,,,0,,,,,0,0,0,,,,,0,,0,1,0,,,,,0,,,,0,0,0,,,770000,1,AU,,,0,0,,1,,0,0,,,,,,,ME02,WE06,,,0,0,,,,0,,,0,,,,1,0,,,,,,,,,0,,,,,,,,,F,,,0,,WE,2/17/17,2/18/17,11:52:10 PM,GBI-018,,ML81N,,0,,,,,,,12:00:00 AM,,,,,,,,,,,0,,,,,
375,5000000728,2017,1,1,0,0,0,101,,GOLD,SD00,RM00,,,,,,125098,,,0,0,,S,USD,2550.00,0,2550.00,,0,,619,G,619,G,619,G,4500000224,10,2017,1000000030,1,,,0,,,,,,,NA00,BI00,,NAIS1000,,,,,,,,,2017,,,US00,,0,,0,0,0,,0,2,,,,,,,,,B,V,,,0,,,,,0,0,0,,,,,0,,0,1,0,,,,,0,,,,0,0,0,,,770000,1,AU,,,0,0,,1,,0,0,,,,,,,ME02,WE06,,,0,0,,,,0,,,0,,,,1,0,,,,,,,,,0,,,,,,,,,F,,,0,,WE,2/17/17,2/18/17,11:52:35 PM,GBI-018,,ML81N,,0,,,,,,,12:00:00 AM,,,,,,,,,,,0,,,,,
375,5000000729,2017,1,1,0,0,0,101,,GOLD,SD00,RM00,,,,,,125098,,,0,0,,S,USD,2200.00,0,2200.00,,0,,306,G,306,G,306,G,4500000224,10,2017,1000000029,1,,,0,,,,,,,NA00,BI00,,NAIS1000,,,,,,,,,2017,,,US00,,0,,0,0,0,,0,2,,,,,,,,,B,V,,,0,,,,,0,0,0,,,,,0,,0,1,0,,,,,0,,,,0,0,0,,,770000,1,AU,,,0,0,,1,,0,0,,,,,,,ME02,WE06,,,0,0,,,,0,,,0,,,,1,0,,,,,,,,,0,,,,,,,,,F,,,0,,WE,2/17/17,2/18/17,11:52:41 PM,GBI-018,,ML81N,,0,,,,,,,12:00:00 AM,,,,,,,,,,,0,,,,,
375,5000000730,2017,1,1,0,0,0,101,,GOLD,SD00,RM00,,,,,,125098,,,0,0,,S,USD,3100.00,0,3100.00,,0,,911,G,911,G,911,G,4500000224,10,2017,1000000027,1,,,0,,,,,,,NA00,BI00,,NAIS1000,,,,,,,,,2017,,,US00,,0,,0,0,0,,0,2,,,,,,,,,B,V,,,0,,,,,0,0,0,,,,,0,,0,1,0,,,,,0,,,,0,0,0,,,770000,1,AU,,,0,0,,1,,0,0,,,,,,,ME02,WE06,,,0,0,,,,0,,,0,,,,1,0,,,,,,,,,0,,,,,,,,,F,,,0,,WE,2/17/17,2/18/17,11:52:47 PM,GBI-018,,ML81N,,0,,,,,,,12:00:00 AM,,,,,,,,,,,0,,,,,
375,5000000731,2017,1,1,0,0,0,101,,GOLD,SD00,RM00,,,,,,125098,,,0,0,,S,USD,2000.00,0,2000.00,,0,,88,G,88,G,88,G,4500000224,10,2017,1000000026,1,,,0,,,,,,,NA00,BI00,,NAIS1000,,,,,,,,,2017,,,US00,,0,,0,0,0,,0,2,,,,,,,,,B,V,,,0,,,,,0,0,0,,,,,0,,0,1,0,,,,,0,,,,0,0,0,,,770000,1,AU,,,0,0,,1,,0,0,,,,,,,ME02,WE06,,,0,0,,,,0,,,0,,,,1,0,,,,,,,,,0,,,,,,,,,F,,,0,,WE,2/17/17,2/18/17,11:52:52 PM,GBI-018,,ML81N,,0,,,,,,,12:00:00 AM,,,,,,,,,,,0,,,,,
375,5000000732,2017,1,1,0,0,0,101,,GOLD,SD00,RM00,,,,,,125098,,,0,0,,S,USD,3000.00,0,3000.00,,0,,154,G,154,G,154,G,4500000224,10,2017,1000000025,1,,,0,,,,,,,NA00,BI00,,NAIS1000,,,,,,,,,2017,,,US00,,0,,0,0,0,,0,2,,,,,,,,,B,V,,,0,,,,,0,0,0,,,,,0,,0,1,0,,,,,0,,,,0,0,0,,,770000,1,AU,,,0,0,,1,,0,0,,,,,,,ME02,WE06,,,0,0,,,,0,,,0,,,,1,0,,,,,,,,,0,,,,,,,,,F,,,0,,WE,2/17/17,2/18/17,11:52:58 PM,GBI-018,,ML81N,,0,,,,,,,12:00:00 AM,,,,,,,,,,,0,,,,,
375,5000000733,2017,1,1,0,0,0,101,,GOLD,SD00,RM00,,,,,,125098,,,0,0,,S,USD,5250.00,0,5250.00,,0,,161,G,161,G,161,G,4500000224,10,2017,1000000024,1,,,0,,,,,,,NA00,BI00,,NAIS1000,,,,,,,,,2017,,,US00,,0,,0,0,0,,0,2,,,,,,,,,B,V,,,0,,,,,0,0,0,,,,,0,,0,1,0,,,,,0,,,,0,0,0,,,770000,1,AU,,,0,0,,1,,0,0,,,,,,,ME02,WE06,,,0,0,,,,0,,,0,,,,1,0,,,,,,,,,0,,,,,,,,,F,,,0,,WE,2/17/17,2/18/17,11:53:06 PM,GBI-018,,ML81N,,0,,,,,,,12:00:00 AM,,,,,,,,,,,0,,,,,
375,5000000734,2017,1,1,0,0,0,101,,GOLD,SD00,RM00,,,,,,125098,,,0,0,,S,USD,2650.00,0,2650.00,,0,,267,G,267,G,267,G,4500000224,10,2017,1000000023,1,,,0,,,,,,,NA00,BI00,,NAIS1000,,,,,,,,,2017,,,US00,,0,,0,0,0,,0,2,,,,,,,,,B,V,,,0,,,,,0,0,0,,,,,0,,0,1,0,,,,,0,,,,0,0,0,,,770000,1,AU,,,0,0,,1,,0,0,,,,,,,ME02,WE06,,,0,0,,,,0,,,0,,,,1,0,,,,,,,,,0,,,,,,,,,F,,,0,,WE,2/17/17,2/18/17,11:53:11 PM,GBI-018,,ML81N,,0,,,,,,,12:00:00 AM,,,,,,,,,,,0,,,,,
375,5000000735,2017,1,1,0,0,0,101,,GOLD,SD00,RM00,,,,,,125070,,,0,0,,S,USD,800.00,0,940.80,,0,,203,G,203,G,203,G,4500000345,10,,,0,,,0,X,,,,,,NA00,,,,,,,,,,,,2017,,,US00,,0,,0,0,0,,0,2,,,,,,,,,B,,,,0,,,,,0,0,0,,,,,0,,0,0,0,,,,,0,,,,0,0,0,,,,20,G,,125070,0,0,,0,,0,0,,,,,GOLD-026,,ME01,WE01,X,X,42,"1,680.00",S,,,0,,,0,,,,1,0,,,,,,,,,0,,,,,,,,,F,,,0,,WE,2/19/17,2/19/17,12:06:18 AM,GBI-026,,MIGO_GR,,0,,,,,,,12:00:00 AM,,,,,,,,,,,0,,,,,
375,5000000736,2017,1,1,0,0,0,101,,RUSSIAN RUBY,SD00,RM00,,,,,,125101,,,0,0,,S,USD,36000.00,0,36000.00,,0,,631,G,631,G,631,G,4500000376,10,,,0,,,0,X,,,,,,NA00,BI00,,NAIS1000,,,,,,,,,2017,,,US00,,0,,0,0,0,,0,2,,,,,,,,,B,V,,,0,,,,,0,0,0,,,,,0,,0,0,0,,,,,0,,,,0,0,0,,,720000,2,G,,,0,0,,0,,0,0,,,,,RUSSIAN RUBY,,ME02,WE06,X,X,90,"13,500,000.00",S,,,0,,,0,,,,1,0,,,,,,,,,0,,,,,,,,,F,,,0,,WE,2/19/17,2/19/17,3:35:52 PM,GBI-024,,MIGO_GR,,0,,,,,,,12:00:00 AM,,,,,,,,,,,0,,,,,
375,5000000737,2017,1,1,0,0,0,101,,ORANGE,SD00,RM00,,,,,,125123,,,0,0,,S,USD,300000.00,0,300000.00,,0,,1292,TO,1292,TO,1292,TO,4500000346,10,,,0,,,0,X,,,,,,NA00,,,,,,,,,,,,2017,,,US00,,0,,0,0,0,,0,2,,,,,,,,,B,,,,0,,,,,0,0,0,,,,,0,,0,0,0,,,,,0,,,,0,0,0,,,,300,TO,,125123,0,0,,0,,0,0,,,,,ORANGE-040,,ME01,WE01,X,X,0,0,S,,,0,,,0,,,,1,0,,,,,,,,,0,,,,,,,,,F,,,0,,WE,2/19/17,2/19/17,4:38:41 PM,GBI-031,,MIGO_GR,,0,,,,,,,12:00:00 AM,,,,,,,,,,,0,,,,,
375,5000000738,2017,1,1,0,0,0,101,,ORANGE,SD00,RM00,,,,,,125124,,,0,0,,S,USD,1000000.00,0,1000000.00,,0,,1915,TO,1915,TO,1915,TO,4500000347,10,,,0,,,0,X,,,,,,NA00,,,,,,,,,,,,2017,,,US00,,0,,0,0,0,,0,2,,,,,,,,,B,,,,0,,,,,0,0,0,,,,,0,,0,0,0,,,,,0,,,,0,0,0,,,,"1,000",TO,,125124,0,0,,0,,0,0,,,,,ORANGE-040,,ME01,WE01,X,X,300,"300,000.00",S,,,0,,,0,,,,1,0,,,,,,,,,0,,,,,,,,,F,,,0,,WE,2/19/17,2/19/17,4:39:47 PM,GBI-031,,MIGO_GR,,0,,,,,,,12:00:00 AM,,,,,,,,,,,0,,,,,
375,5000000739,2017,1,1,0,0,0,101,,ORANGE,SD00,RM00,,,,,,125125,,,0,0,,S,USD,400000.00,0,400000.00,,0,,515,TO,515,TO,515,TO,4500000348,10,,,0,,,0,X,,,,,,NA00,,,,,,,,,,,,2017,,,US00,,0,,0,0,0,,0,2,,,,,,,,,B,,,,0,,,,,0,0,0,,,,,0,,0,0,0,,,,,0,,,,0,0,0,,,,400,TO,,125125,0,0,,0,,0,0,,,,,ORANGE-040,,ME01,WE01,X,X,"1,300","1,300,000.00",S,,,0,,,0,,,,1,0,,,,,,,,,0,,,,,,,,,F,,,0,,WE,2/19/17,2/19/17,4:41:33 PM,GBI-031,,MIGO_GR,,0,,,,,,,12:00:00 AM,,,,,,,,,,,0,,,,,
375,5000000740,2017,1,1,0,0,0,101,,ORANGE,SD00,RM00,,,,,,125126,,,0,0,,S,USD,100000.00,0,100000.00,,0,,1374,TO,1374,TO,1374,TO,4500000349,10,,,0,,,0,X,,,,,,NA00,,,,,,,,,,,,2017,,,US00,,0,,0,0,0,,0,2,,,,,,,,,B,,,,0,,,,,0,0,0,,,,,0,,0,0,0,,,,,0,,,,0,0,0,,,,100,TO,,125126,0,0,,0,,0,0,,,,,ORANGE-040,,ME01,WE01,X,X,"1,700","1,700,000.00",S,,,0,,,0,,,,1,0,,,,,,,,,0,,,,,,,,,F,,,0,,WE,2/19/17,2/19/17,4:41:50 PM,GBI-031,,MIGO_GR,,0,,,,,,,12:00:00 AM,,,,,,,,,,,0,,,,,
375,5000000741,2017,1,1,0,0,0,101,,ORANGE,SD00,RM00,,,,,,125127,,,0,0,,S,USD,200000.00,0,200000.00,,0,,1635,TO,1635,TO,1635,TO,4500000350,10,,,0,,,0,X,,,,,,NA00,,,,,,,,,,,,2017,,,US00,,0,,0,0,0,,0,2,,,,,,,,,B,,,,0,,,,,0,0,0,,,,,0,,0,0,0,,,,,0,,,,0,0,0,,,,200,TO,,125127,0,0,,0,,0,0,,,,,ORANGE-040,,ME01,WE01,X,X,"1,800","1,800,000.00",S,,,0,,,0,,,,1,0,,,,,,,,,0,,,,,,,,,F,,,0,,WE,2/19/17,2/19/17,4:42:08 PM,GBI-031,,MIGO_GR,,0,,,,,,,12:00:00 AM,,,,,,,,,,,0,,,,,
375,5000000742,2017,1,1,0,0,0,101,,ORANGE,SD00,RM00,,,,,,125123,,,0,0,,S,USD,300000.00,0,300000.00,,0,,2345,TO,2345,TO,2345,TO,4500000351,10,,,0,,,0,X,,,,,,NA00,,,,,,,,,,,,2017,,,US00,,0,,0,0,0,,0,2,,,,,,,,,B,,,,0,,,,,0,0,0,,,,,0,,0,0,0,,,,,0,,,,0,0,0,,,,300,TO,,125123,0,0,,0,,0,0,,,,,ORANGE-040,,ME01,WE01,X,X,"2,000","2,000,000.00",S,,,0,,,0,,,,1,0,,,,,,,,,0,,,,,,,,,F,,,0,,WE,2/19/17,2/19/17,4:42:22 PM,GBI-031,,MIGO_GR,,0,,,,,,,12:00:00 AM,,,,,,,,,,,0,,,,,
375,5000000743,2017,1,1,0,0,0,101,,ORANGE,SD00,RM00,,,,,,125124,,,0,0,,S,USD,1000000.00,0,1000000.00,,0,,754,TO,754,TO,754,TO,4500000352,10,,,0,,,0,X,,,,,,NA00,,,,,,,,,,,,2017,,,US00,,0,,0,0,0,,0,2,,,,,,,,,B,,,,0,,,,,0,0,0,,,,,0,,0,0,0,,,,,0,,,,0,0,0,,,,"1,000",TO,,125124,0,0,,0,,0,0,,,,,ORANGE-040,,ME01,WE01,X,X,"2,300","2,300,000.00",S,,,0,,,0,,,,1,0,,,,,,,,,0,,,,,,,,,F,,,0,,WE,2/19/17,2/19/17,4:42:42 PM,GBI-031,,MIGO_GR,,0,,,,,,,12:00:00 AM,,,,,,,,,,,0,,,,,
375,5000000744,2017,1,1,0,0,0,101,,ORANGE,SD00,RM00,,,,,,125125,,,0,0,,S,USD,400000.00,0,420000.00,,0,,899,TO,899,TO,899,TO,4500000353,10,,,0,,,0,X,,,,,,NA00,,,,,,,,,,,,2017,,,US00,,0,,0,0,0,,0,2,,,,,,,,,B,,,,0,,,,,0,0,0,,,,,0,,0,0,0,,,,,0,,,,0,0,0,,,,400,TO,,125125,0,0,,0,,0,0,,,,,ORANGE-040,,ME01,WE01,X,X,"3,300","3,300,000.00",S,,,0,,,0,,,,1,0,,,,,,,,,0,,,,,,,,,F,,,0,,WE,2/19/17,2/19/17,4:43:33 PM,GBI-031,,MIGO_GR,,0,,,,,,,12:00:00 AM,,,,,,,,,,,0,,,,,
375,5000000745,2017,1,1,0,0,0,101,,ORANGE,SD00,RM00,,,,,,125126,,,0,0,,S,USD,100000.00,0,100000.00,,0,,888,TO,888,TO,888,TO,4500000354,10,,,0,,,0,X,,,,,,NA00,,,,,,,,,,,,2017,,,US00,,0,,0,0,0,,0,2,,,,,,,,,B,,,,0,,,,,0,0,0,,,,,0,,0,0,0,,,,,0,,,,0,0,0,,,,100,TO,,125126,0,0,,0,,0,0,,,,,ORANGE-040,,ME01,WE01,X,X,"3,700","3,700,000.00",S,,,0,,,0,,,,1,0,,,,,,,,,0,,,,,,,,,F,,,0,,WE,2/19/17,2/19/17,4:44:03 PM,GBI-031,,MIGO_GR,,0,,,,,,,12:00:00 AM,,,,,,,,,,,0,,,,,
375,5000000746,2017,1,1,0,0,0,101,,ORANGE,SD00,RM00,,,,,,125127,,,0,0,,S,USD,200000.00,0,200000.00,,0,,580,TO,580,TO,580,TO,4500000355,10,,,0,,,0,X,,,,,,NA00,,,,,,,,,,,,2017,,,US00,,0,,0,0,0,,0,2,,,,,,,,,B,,,,0,,,,,0,0,0,,,,,0,,0,0,0,,,,,0,,,,0,0,0,,,,200,TO,,125127,0,0,,0,,0,0,,,,,ORANGE-040,,ME01,WE01,X,X,"3,800","3,800,000.00",S,,,0,,,0,,,,1,0,,,,,,,,,0,,,,,,,,,F,,,0,,WE,2/19/17,2/19/17,4:44:16 PM,GBI-031,,MIGO_GR,,0,,,,,,,12:00:00 AM,,,,,,,,,,,0,,,,,
375,5000000747,2017,1,1,0,0,0,101,,ORANGE,SD00,RM00,,,,,,125123,,,0,0,,S,USD,300000.00,0,300000.00,,0,,2105,TO,2105,TO,2105,TO,4500000356,10,,,0,,,0,X,,,,,,NA00,,,,,,,,,,,,2017,,,US00,,0,,0,0,0,,0,2,,,,,,,,,B,,,,0,,,,,0,0,0,,,,,0,,0,0,0,,,,,0,,,,0,0,0,,,,300,TO,,125123,0,0,,0,,0,0,,,,,ORANGE-040,,ME01,WE01,X,X,"4,000","4,000,000.00",S,,,0,,,0,,,,1,0,,,,,,,,,0,,,,,,,,,F,,,0,,WE,2/19/17,2/19/17,4:45:04 PM,GBI-031,,MIGO_GR,,0,,,,,,,12:00:00 AM,,,,,,,,,,,0,,,,,
375,5000000748,2017,1,1,0,0,0,101,,ORANGE,SD00,RM00,,,,,,125124,,,0,0,,S,USD,1000000.00,0,1000000.00,,0,,297,TO,297,TO,297,TO,4500000357,10,,,0,,,0,X,,,,,,NA00,,,,,,,,,,,,2017,,,US00,,0,,0,0,0,,0,2,,,,,,,,,B,,,,0,,,,,0,0,0,,,,,0,,0,0,0,,,,,0,,,,0,0,0,,,,"1,000",TO,,125124,0,0,,0,,0,0,,,,,ORANGE-040,,ME01,WE01,X,X,"4,300","4,300,000.00",S,,,0,,,0,,,,1,0,,,,,,,,,0,,,,,,,,,F,,,0,,WE,2/19/17,2/19/17,4:45:26 PM,GBI-031,,MIGO_GR,,0,,,,,,,12:00:00 AM,,,,,,,,,,,0,,,,,
375,5000000749,2017,1,1,0,0,0,101,,ORANGE,SD00,RM00,,,,,,125125,,,0,0,,S,USD,400000.00,0,420000.00,,0,,1425,TO,1425,TO,1425,TO,4500000358,10,,,0,,,0,X,,,,,,NA00,,,,,,,,,,,,2017,,,US00,,0,,0,0,0,,0,2,,,,,,,,,B,,,,0,,,,,0,0,0,,,,,0,,0,0,0,,,,,0,,,,0,0,0,,,,400,TO,,125125,0,0,,0,,0,0,,,,,ORANGE-040,,ME01,WE01,X,X,"5,300","5,300,000.00",S,,,0,,,0,,,,1,0,,,,,,,,,0,,,,,,,,,F,,,0,,WE,2/19/17,2/19/17,4:52:53 PM,GBI-031,,MIGO_GR,,0,,,,,,,12:00:00 AM,,,,,,,,,,,0,,,,,
375,5000000750,2017,1,1,0,0,0,101,,ORANGE,SD00,RM00,,,,,,125126,,,0,0,,S,USD,100000.00,0,100000.00,,0,,902,TO,902,TO,902,TO,4500000359,10,,,0,,,0,X,,,,,,NA00,,,,,,,,,,,,2017,,,US00,,0,,0,0,0,,0,2,,,,,,,,,B,,,,0,,,,,0,0,0,,,,,0,,0,0,0,,,,,0,,,,0,0,0,,,,100,TO,,125126,0,0,,0,,0,0,,,,,ORANGE-040,,ME01,WE01,X,X,"5,700","5,700,000.00",S,,,0,,,0,,,,1,0,,,,,,,,,0,,,,,,,,,F,,,0,,WE,2/19/17,2/19/17,4:53:32 PM,GBI-031,,MIGO_GR,,0,,,,,,,12:00:00 AM,,,,,,,,,,,0,,,,,
375,5000000751,2017,1,1,0,0,0,101,,ORANGE,SD00,RM00,,,,,,125127,,,0,0,,S,USD,200000.00,0,200000.00,,0,,124,TO,124,TO,124,TO,4500000360,10,,,0,,,0,X,,,,,,NA00,,,,,,,,,,,,2017,,,US00,,0,,0,0,0,,0,2,,,,,,,,,B,,,,0,,,,,0,0,0,,,,,0,,0,0,0,,,,,0,,,,0,0,0,,,,200,TO,,125127,0,0,,0,,0,0,,,,,ORANGE-040,,ME01,WE01,X,X,"5,800","5,800,000.00",S,,,0,,,0,,,,1,0,,,,,,,,,0,,,,,,,,,F,,,0,,WE,2/19/17,2/19/17,4:53:59 PM,GBI-031,,MIGO_GR,,0,,,,,,,12:00:00 AM,,,,,,,,,,,0,,,,,
375,5000000752,2017,1,1,0,0,0,101,,ORANGE,SD00,RM00,,,,,,125123,,,0,0,,S,USD,300000.00,0,300000.00,,0,,2154,TO,2154,TO,2154,TO,4500000361,10,,,0,,,0,X,,,,,,NA00,,,,,,,,,,,,2017,,,US00,,0,,0,0,0,,0,2,,,,,,,,,B,,,,0,,,,,0,0,0,,,,,0,,0,0,0,,,,,0,,,,0,0,0,,,,300,TO,,125123,0,0,,0,,0,0,,,,,ORANGE-040,,ME01,WE01,X,X,"6,000","6,000,000.00",S,,,0,,,0,,,,1,0,,,,,,,,,0,,,,,,,,,F,,,0,,WE,2/19/17,2/19/17,4:54:31 PM,GBI-031,,MIGO_GR,,0,,,,,,,12:00:00 AM,,,,,,,,,,,0,,,,,
375,5000000753,2017,1,1,0,0,0,101,,ORANGE,SD00,RM00,,,,,,125124,,,0,0,,S,USD,1000000.00,0,1000000.00,,0,,951,TO,951,TO,951,TO,4500000362,10,,,0,,,0,X,,,,,,NA00,,,,,,,,,,,,2017,,,US00,,0,,0,0,0,,0,2,,,,,,,,,B,,,,0,,,,,0,0,0,,,,,0,,0,0,0,,,,,0,,,,0,0,0,,,,"1,000",TO,,125124,0,0,,0,,0,0,,,,,ORANGE-040,,ME01,WE01,X,X,"6,300","6,300,000.00",S,,,0,,,0,,,,1,0,,,,,,,,,0,,,,,,,,,F,,,0,,WE,2/19/17,2/19/17,4:55:54 PM,GBI-031,,MIGO_GR,,0,,,,,,,12:00:00 AM,,,,,,,,,,,0,,,,,
375,5000000754,2017,1,1,0,0,0,101,,ORANGE,SD00,RM00,,,,,,125125,,,0,0,,S,USD,400000.00,0,420000.00,,0,,865,TO,865,TO,865,TO,4500000363,10,,,0,,,0,X,,,,,,NA00,,,,,,,,,,,,2017,,,US00,,0,,0,0,0,,0,2,,,,,,,,,B,,,,0,,,,,0,0,0,,,,,0,,0,0,0,,,,,0,,,,0,0,0,,,,400,TO,,125125,0,0,,0,,0,0,,,,,ORANGE-040,,ME01,WE01,X,X,"7,300","7,300,000.00",S,,,0,,,0,,,,1,0,,,,,,,,,0,,,,,,,,,F,,,0,,WE,2/19/17,2/19/17,4:56:24 PM,GBI-031,,MIGO_GR,,0,,,,,,,12:00:00 AM,,,,,,,,,,,0,,,,,
375,5000000755,2017,1,1,0,0,0,101,,ORANGE,SD00,RM00,,,,,,125126,,,0,0,,S,USD,100000.00,0,100000.00,,0,,833,TO,833,TO,833,TO,4500000364,10,,,0,,,0,X,,,,,,NA00,,,,,,,,,,,,2017,,,US00,,0,,0,0,0,,0,2,,,,,,,,,B,,,,0,,,,,0,0,0,,,,,0,,0,0,0,,,,,0,,,,0,0,0,,,,100,TO,,125126,0,0,,0,,0,0,,,,,ORANGE-040,,ME01,WE01,X,X,"7,700","7,700,000.00",S,,,0,,,0,,,,1,0,,,,,,,,,0,,,,,,,,,F,,,0,,WE,2/19/17,2/19/17,4:57:03 PM,GBI-031,,MIGO_GR,,0,,,,,,,12:00:00 AM,,,,,,,,,,,0,,,,,
375,5000000756,2017,1,1,0,0,0,101,,ORANGE,SD00,RM00,,,,,,125127,,,0,0,,S,USD,200000.00,0,200000.00,,0,,2378,TO,2378,TO,2378,TO,4500000365,10,,,0,,,0,X,,,,,,NA00,,,,,,,,,,,,2017,,,US00,,0,,0,0,0,,0,2,,,,,,,,,B,,,,0,,,,,0,0,0,,,,,0,,0,0,0,,,,,0,,,,0,0,0,,,,200,TO,,125127,0,0,,0,,0,0,,,,,ORANGE-040,,ME01,WE01,X,X,"7,800","7,800,000.00",S,,,0,,,0,,,,1,0,,,,,,,,,0,,,,,,,,,F,,,0,,WE,2/19/17,2/19/17,4:57:29 PM,GBI-031,,MIGO_GR,,0,,,,,,,12:00:00 AM,,,,,,,,,,,0,,,,,
375,5000000757,2017,1,1,0,0,0,101,,ORANGE,SD00,RM00,,,,,,125123,,,0,0,,S,USD,300000.00,0,300000.00,,0,,1590,TO,1590,TO,1590,TO,4500000366,10,,,0,,,0,X,,,,,,NA00,,,,,,,,,,,,2017,,,US00,,0,,0,0,0,,0,2,,,,,,,,,B,,,,0,,,,,0,0,0,,,,,0,,0,0,0,,,,,0,,,,0,0,0,,,,300,TO,,125123,0,0,,0,,0,0,,,,,ORANGE-040,,ME01,WE01,X,X,"8,000","8,000,000.00",S,,,0,,,0,,,,1,0,,,,,,,,,0,,,,,,,,,F,,,0,,WE,2/19/17,2/19/17,4:57:59 PM,GBI-031,,MIGO_GR,,0,,,,,,,12:00:00 AM,,,,,,,,,,,0,,,,,
375,5000000758,2017,1,1,0,0,0,101,,ORANGE,SD00,RM00,,,,,,125124,,,0,0,,S,USD,1000000.00,0,1000000.00,,0,,1542,TO,1542,TO,1542,TO,4500000367,10,,,0,,,0,X,,,,,,NA00,,,,,,,,,,,,2017,,,US00,,0,,0,0,0,,0,2,,,,,,,,,B,,,,0,,,,,0,0,0,,,,,0,,0,0,0,,,,,0,,,,0,0,0,,,,"1,000",TO,,125124,0,0,,0,,0,0,,,,,ORANGE-040,,ME01,WE01,X,X,"8,300","8,300,000.00",S,,,0,,,0,,,,1,0,,,,,,,,,0,,,,,,,,,F,,,0,,WE,2/19/17,2/19/17,4:58:47 PM,GBI-031,,MIGO_GR,,0,,,,,,,12:00:00 AM,,,,,,,,,,,0,,,,,
375,5000000759,2017,1,1,0,0,0,101,,ORANGE,SD00,RM00,,,,,,125125,,,0,0,,S,USD,400000.00,0,400000.00,,0,,1350,TO,1350,TO,1350,TO,4500000368,10,,,0,,,0,X,,,,,,NA00,,,,,,,,,,,,2017,,,US00,,0,,0,0,0,,0,2,,,,,,,,,B,,,,0,,,,,0,0,0,,,,,0,,0,0,0,,,,,0,,,,0,0,0,,,,400,TO,,125125,0,0,,0,,0,0,,,,,ORANGE-040,,ME01,WE01,X,X,"9,300","9,300,000.00",S,,,0,,,0,,,,1,0,,,,,,,,,0,,,,,,,,,F,,,0,,WE,2/19/17,2/19/17,4:59:14 PM,GBI-031,,MIGO_GR,,0,,,,,,,12:00:00 AM,,,,,,,,,,,0,,,,,
375,5000000760,2017,1,1,0,0,0,101,,ORANGE,SD00,RM00,,,,,,125126,,,0,0,,S,USD,100000.00,0,100000.00,,0,,557,TO,557,TO,557,TO,4500000369,10,,,0,,,0,X,,,,,,NA00,,,,,,,,,,,,2017,,,US00,,0,,0,0,0,,0,2,,,,,,,,,B,,,,0,,,,,0,0,0,,,,,0,,0,0,0,,,,,0,,,,0,0,0,,,,100,TO,,125126,0,0,,0,,0,0,,,,,ORANGE-040,,ME01,WE01,X,X,"9,700","9,700,000.00",S,,,0,,,0,,,,1,0,,,,,,,,,0,,,,,,,,,F,,,0,,WE,2/19/17,2/19/17,4:59:43 PM,GBI-031,,MIGO_GR,,0,,,,,,,12:00:00 AM,,,,,,,,,,,0,,,,,
375,5000000761,2017,1,1,0,0,0,101,,ORANGE,SD00,RM00,,,,,,125127,,,0,0,,S,USD,200000.00,0,200000.00,,0,,1726,TO,1726,TO,1726,TO,4500000370,10,,,0,,,0,X,,,,,,NA00,,,,,,,,,,,,2017,,,US00,,0,,0,0,0,,0,2,,,,,,,,,B,,,,0,,,,,0,0,0,,,,,0,,0,0,0,,,,,0,,,,0,0,0,,,,200,TO,,125127,0,0,,0,,0,0,,,,,ORANGE-040,,ME01,WE01,X,X,"9,800","9,800,000.00",S,,,0,,,0,,,,1,0,,,,,,,,,0,,,,,,,,,F,,,0,,WE,2/19/17,2/19/17,5:01:03 PM,GBI-031,,MIGO_GR,,0,,,,,,,12:00:00 AM,,,,,,,,,,,0,,,,,
375,5000000762,2017,1,1,0,0,0,101,,ORANGE,SD00,RM00,,,,,,125123,,,0,0,,S,USD,300000.00,0,300000.00,,0,,1248,TO,1248,TO,1248,TO,4500000371,10,,,0,,,0,X,,,,,,NA00,,,,,,,,,,,,2017,,,US00,,0,,0,0,0,,0,2,,,,,,,,,B,,,,0,,,,,0,0,0,,,,,0,,0,0,0,,,,,0,,,,0,0,0,,,,300,TO,,125123,0,0,,0,,0,0,,,,,ORANGE-040,,ME01,WE01,X,X,"10,000","10,000,000.00",S,,,0,,,0,,,,1,0,,,,,,,,,0,,,,,,,,,F,,,0,,WE,2/19/17,2/19/17,5:01:26 PM,GBI-031,,MIGO_GR,,0,,,,,,,12:00:00 AM,,,,,,,,,,,0,,,,,
375,5000000763,2017,1,1,0,0,0,101,,ORANGE,SD00,RM00,,,,,,125124,,,0,0,,S,USD,1000000.00,0,1000000.00,,0,,1482,TO,1482,TO,1482,TO,4500000372,10,,,0,,,0,X,,,,,,NA00,,,,,,,,,,,,2017,,,US00,,0,,0,0,0,,0,2,,,,,,,,,B,,,,0,,,,,0,0,0,,,,,0,,0,0,0,,,,,0,,,,0,0,0,,,,"1,000",TO,,125124,0,0,,0,,0,0,,,,,ORANGE-040,,ME01,WE01,X,X,"10,300","10,300,000.00",S,,,0,,,0,,,,1,0,,,,,,,,,0,,,,,,,,,F,,,0,,WE,2/19/17,2/19/17,5:03:01 PM,GBI-031,,MIGO_GR,,0,,,,,,,12:00:00 AM,,,,,,,,,,,0,,,,,
375,5000000764,2017,1,1,0,0,0,101,,ORANGE,SD00,RM00,,,,,,125125,,,0,0,,S,USD,400000.00,0,400000.00,,0,,2023,TO,2023,TO,2023,TO,4500000373,10,,,0,,,0,X,,,,,,NA00,,,,,,,,,,,,2017,,,US00,,0,,0,0,0,,0,2,,,,,,,,,B,,,,0,,,,,0,0,0,,,,,0,,0,0,0,,,,,0,,,,0,0,0,,,,400,TO,,125125,0,0,,0,,0,0,,,,,ORANGE-040,,ME01,WE01,X,X,"11,300","11,300,000.00",S,,,0,,,0,,,,1,0,,,,,,,,,0,,,,,,,,,F,,,0,,WE,2/19/17,2/19/17,5:04:49 PM,GBI-031,,MIGO_GR,,0,,,,,,,12:00:00 AM,,,,,,,,,,,0,,,,,
375,5000000765,2017,1,1,0,0,0,101,,BOTSWANA BLACK PE,SD00,RM00,,,,,,125088,,,0,0,,S,USD,50000000.00,0,48000000.00,,0,,590,G,590,G,590,G,4500000380,10,,,0,,,0,X,,,,,,NA00,,,,,,,,,,,,2017,,,US00,,0,,0,0,0,,0,2,,,,,,,,,B,,,,0,,,,,0,0,0,,,,,0,,0,0,0,,,,,0,,,,0,0,0,,,,100,G,,125088,0,0,,0,,0,0,,,,,BOTSWANA BLACK PE,,ME01,WE01,X,X,0,0,S,,,0,,,0,,,,1,0,,,,,,,,,0,,,,,,,,,F,,,0,,WE,2/19/17,2/19/17,5:08:21 PM,GBI-024,,MIGO_GR,,0,,,,,,,12:00:00 AM,,,,,,,,,,,0,,,,,
375,5000000766,2017,1,1,0,0,0,101,,CONGOCRYSTAL,SD00,RM00,,,,,,125102,,,0,0,,S,USD,20000000.00,0,770000.00,,0,,901,G,901,G,901,G,4500000379,10,,,0,,,0,X,,,,,,NA00,,,,,,,,,,,,2017,,,US00,,0,,0,0,0,,0,2,,,,,,,,,B,,,,0,,,,,0,0,0,,,,,0,,0,0,0,,,,,0,,,,0,0,0,,,,100,G,,125102,0,0,,0,,0,0,,,,,CONGOCRYSTAL,,ME01,WE01,X,X,0,0,S,,,0,,,0,,,,1,0,,,,,,,,,0,,,,,,,,,F,,,0,,WE,2/19/17,2/19/17,5:08:49 PM,GBI-024,,MIGO_GR,,0,,,,,,,12:00:00 AM,,,,,,,,,,,0,,,,,
375,5000000767,2017,1,1,0,0,0,101,,ANGOLAN AMETHYST,SD00,RM00,,,,,,125096,,,0,0,,S,USD,5000000.00,0,4500000.00,,0,,990,G,990,G,990,G,4500000378,10,,,0,,,0,X,,,,,,NA00,,,,,,,,,,,,2017,,,US00,,0,,0,0,0,,0,2,,,,,,,,,B,,,,0,,,,,0,0,0,,,,,0,,0,0,0,,,,,0,,,,0,0,0,,,,100,G,,125096,0,0,,0,,0,0,,,,,ANGOLAN AMETHYST,,ME01,WE01,X,X,0,0,S,,,0,,,0,,,,1,0,,,,,,,,,0,,,,,,,,,F,,,0,,WE,2/19/17,2/19/17,5:09:13 PM,GBI-024,,MIGO_GR,,0,,,,,,,12:00:00 AM,,,,,,,,,,,0,,,,,
375,5000000768,2017,1,1,0,0,0,101,,SA SAPPHIRE,SD00,RM00,,,,,,125100,,,0,0,,S,USD,10000000.00,0,1322576.38,,0,,678,G,678,G,678,G,4500000377,10,,,0,,,0,X,,,,,,NA00,,,,,,,,,,,,2017,,,US00,,0,,0,0,0,,0,2,,,,,,,,,B,,,,0,,,,,0,0,0,,,,,0,,0,0,0,,,,,0,,,,0,0,0,,,,100,G,,125100,0,0,,0,,0,0,,,,,SA SAPPHIRE,,ME01,WE01,X,X,10,"1,000,000.00",S,,,0,,,0,,,,1,0,,,,,,,,,0,,,,,,,,,F,,,0,,WE,2/19/17,2/19/17,5:09:30 PM,GBI-024,,MIGO_GR,,0,,,,,,,12:00:00 AM,,,,,,,,,,,0,,,,,
375,5000000769,2017,1,1,0,0,0,101,,ORANGE,SD00,RM00,,,,,,125126,,,0,0,,S,USD,100000.00,0,100000.00,,0,,199,TO,199,TO,199,TO,4500000374,10,,,0,,,0,X,,,,,,NA00,,,,,,,,,,,,2017,,,US00,,0,,0,0,0,,0,2,,,,,,,,,B,,,,0,,,,,0,0,0,,,,,0,,0,0,0,,,,,0,,,,0,0,0,,,,100,TO,,125126,0,0,,0,,0,0,,,,,ORANGE-040,,ME01,WE01,X,X,"11,700","11,700,000.00",S,,,0,,,0,,,,1,0,,,,,,,,,0,,,,,,,,,F,,,0,,WE,2/19/17,2/19/17,5:10:48 PM,GBI-031,,MIGO_GR,,0,,,,,,,12:00:00 AM,,,,,,,,,,,0,,,,,
375,5000000770,2017,1,1,0,0,0,101,,ORANGE,SD00,RM00,,,,,,125127,,,0,0,,S,USD,200000.00,0,200000.00,,0,,1228,TO,1228,TO,1228,TO,4500000375,10,,,0,,,0,X,,,,,,NA00,,,,,,,,,,,,2017,,,US00,,0,,0,0,0,,0,2,,,,,,,,,B,,,,0,,,,,0,0,0,,,,,0,,0,0,0,,,,,0,,,,0,0,0,,,,200,TO,,125127,0,0,,0,,0,0,,,,,ORANGE-040,,ME01,WE01,X,X,"11,800","11,800,000.00",S,,,0,,,0,,,,1,0,,,,,,,,,0,,,,,,,,,F,,,0,,WE,2/19/17,2/19/17,5:11:26 PM,GBI-031,,MIGO_GR,,0,,,,,,,12:00:00 AM,,,,,,,,,,,0,,,,,
375,5000000771,2017,1,1,0,0,0,101,,ROMANIAN RUBY,SD00,RM00,,,,,,125128,,,0,0,,S,USD,15000000.00,0,16588027.13,,0,,399,G,399,G,399,G,4500000381,10,,,0,,,0,X,,,,,,NA00,,,,,,,,,,,,2017,,,US00,,0,,0,0,0,,0,2,,,,,,,,,B,,,,0,,,,,0,0,0,,,,,0,,0,0,0,,,,,0,,,,0,0,0,,,,100,G,,125128,0,0,,0,,0,0,,,,,ROMANIAN RUBY,,ME01,WE01,X,X,0,0,S,,,0,,,0,,,,1,0,,,,,,,,,0,,,,,,,,,F,,,0,,WE,2/19/17,2/19/17,5:47:27 PM,GBI-024,,MIGO_GR,,0,,,,,,,12:00:00 AM,,,,,,,,,,,0,,,,,
375,5000000772,2017,1,1,0,0,0,101,,GOLD,SD00,RM00,,,,,,125104,,,0,0,,S,USD,43235.15,0,43235.15,,0,,23,OZ,23,OZ,23,OZ,4500000382,10,,,0,,,0,X,,,,,,NA00,,,,,,,,,,,,2017,,,US00,,0,,0,0,0,,0,2,,,,,,,,,B,,,,0,,,,,0,0,0,,,,,0,,0,0,0,,,,,0,,,,0,0,0,,,,35,OZ,,125104,0,0,,0,,0,0,,,,,GOLD TEAM 8,,ME01,WE01,X,X,"1,800","2,223,684.29",V,,,0,,,0,,,,1,0,,,,,,,,,0,,,,,,,,,F,,,0,,WE,2/19/17,2/19/17,6:14:03 PM,GBI-026,,MIGO_GR,,0,,,,,,,12:00:00 AM,,,,,,,,,,,0,,,,,
375,5000000773,2017,1,1,0,0,0,101,,ROMANIAN RUBY,SD00,RM00,,,,,,125128,,,0,0,,S,USD,346153.85,0,346153.85,,0,,631,G,631,G,631,G,4500000383,10,,,0,,,0,X,,,,,,NA00,BI00,,NAIS1000,,,,,,,,,2017,,,US00,,0,,0,0,0,,0,2,,,,,,,,,B,V,,,0,,,,,0,0,0,,,,,0,,0,0,0,,,,,0,,,,0,0,0,,,720000,2,G,,,0,0,,0,,0,0,,,,,ROMANIAN RUBY,,ME02,WE06,X,X,100,"15,000,000.00",S,,,0,,,0,,,,1,0,,,,,,,,,0,,,,,,,,,F,,,0,,WE,2/19/17,2/19/17,10:30:28 PM,GBI-024,,MIGO_GR,,0,,,,,,,12:00:00 AM,,,,,,,,,,,0,,,,,
375,5000000774,2017,1,1,0,0,0,101,,BOTSWANA BLACK PE,SD00,RM00,,,,,,125088,,,0,0,,S,USD,1500000.00,0,1440000.00,,0,,105,G,105,G,105,G,4500000387,10,,,0,,,0,X,,,,,,NA00,,,,,,,,,,,,2017,,,US00,,0,,0,0,0,,0,2,,,,,,,,,B,,,,0,,,,,0,0,0,,,,,0,,0,0,0,,,,,0,,,,0,0,0,,,,3,G,,125088,0,0,,0,,0,0,,,,,BOTSWANA BLACK PE,,ME01,WE01,X,X,100,"50,000,000.00",S,,,0,,,0,,,,1,0,,,,,,,,,0,,,,,,,,,F,,,0,,WE,2/19/17,2/19/17,11:23:35 PM,GBI-024,,MIGO_GR,,0,,,,,,,12:00:00 AM,,,,,,,,,,,0,,,,,
375,5000000775,2017,1,1,0,0,0,101,,BOTSWANA BLACK PE,SD00,RM00,,,,,,125088,,,0,0,,S,USD,1350000.00,0,1350000.00,,0,,492,G,492,G,492,G,4500000385,10,,,0,,,0,X,,,,,,NA00,BI00,,NAIS1000,,,,,,,,,2017,,,US00,,0,,0,0,0,,0,2,,,,,,,,,B,V,,,0,,,,,0,0,0,,,,,0,,0,0,0,,,,,0,,,,0,0,0,,,720000,3,G,,,0,0,,0,,0,0,,,,,BOTSWANA BLACK PE,,ME02,WE06,X,X,97,"48,500,000.00",S,,,0,,,0,,,,1,0,,,,,,,,,0,,,,,,,,,F,,,0,,WE,2/19/17,2/19/17,11:29:35 PM,GBI-024,,MIGO_GR,,0,,,,,,,12:00:00 AM,,,,,,,,,,,0,,,,,
375,5000000776,2017,1,1,0,0,0,101,,GOLD,SD00,RM00,,,,,,125104,,,0,0,,S,USD,55588.05,0,55588.05,,0,,65,OZ,65,OZ,65,OZ,4500000388,10,,,0,,,0,X,,,,,,NA00,,,,,,,,,,,,2017,,,US00,,0,,0,0,0,,0,2,,,,,,,,,B,,,,0,,,,,0,0,0,,,,,0,,0,0,0,,,,,0,,,,0,0,0,,,,45,OZ,,125104,0,0,,0,,0,0,,,,,GOLD TEAM 8,,ME01,WE01,X,X,"1,765","2,180,449.14",V,,,0,,,0,,,,1,0,,,,,,,,,0,,,,,,,,,F,,,0,,WE,2/20/17,2/20/17,12:34:03 PM,GBI-026,,MIGO_GR,,0,,,,,,,12:00:00 AM,,,,,,,,,,,0,,,,,
375,5000000777,2017,1,1,0,0,0,101,,GOLD,SD00,RM00,,,,,,125104,,,0,0,,S,USD,24705.80,0,24705.80,,0,,63,OZ,63,OZ,63,OZ,4500000389,10,,,0,,,0,X,,,,,,NA00,,,,,,,,,,,,2017,,,US00,,0,,0,0,0,,0,2,,,,,,,,,B,,,,0,,,,,0,0,0,,,,,0,,0,0,0,,,,,0,,,,0,0,0,,,,20,OZ,,125104,0,0,,0,,0,0,,,,,GOLD TEAM 8,,ME01,WE01,X,X,"1,720","2,124,861.09",V,,,0,,,0,,,,1,0,,,,,,,,,0,,,,,,,,,F,,,0,,WE,2/20/17,2/20/17,1:10:38 PM,GBI-006,,MIGO_GR,,0,,,,,,,12:00:00 AM,,,,,,,,,,,0,,,,,
375,5000000778,2017,1,1,0,0,0,101,,GOLD,SD00,RM00,,,,,,125104,,,0,0,,S,USD,18529.35,0,18529.35,,0,,76,OZ,76,OZ,76,OZ,4500000390,10,,,0,,,0,X,,,,,,NA00,,,,,,,,,,,,2017,,,US00,,0,,0,0,0,,0,2,,,,,,,,,B,,,,0,,,,,0,0,0,,,,,0,,0,0,0,,,,,0,,,,0,0,0,,,,15,OZ,,125104,0,0,,0,,0,0,,,,,GOLD TEAM 8,,ME01,WE01,X,X,"1,700","2,100,155.29",V,,,0,,,0,,,,1,0,,,,,,,,,0,,,,,,,,,F,,,0,,WE,2/20/17,2/20/17,1:32:48 PM,GBI-006,,MIGO_GR,,0,,,,,,,12:00:00 AM,,,,,,,,,,,0,,,,,
375,5000000779,2017,1,1,0,0,0,101,,GOLD,SD00,RM00,,,,,,125104,,,0,0,,S,USD,27176.38,0,27176.38,,0,,73,OZ,73,OZ,73,OZ,4500000391,10,,,0,,,0,X,,,,,,NA00,,,,,,,,,,,,2017,,,US00,,0,,0,0,0,,0,2,,,,,,,,,B,,,,0,,,,,0,0,0,,,,,0,,0,0,0,,,,,0,,,,0,0,0,,,,22,OZ,,125104,0,0,,0,,0,0,,,,,GOLD TEAM 8,,ME01,WE01,X,X,"1,685","2,081,625.94",V,,,0,,,0,,,,1,0,,,,,,,,,0,,,,,,,,,F,,,0,,WE,2/20/17,2/20/17,1:50:16 PM,GBI-006,,MIGO_GR,,0,,,,,,,12:00:00 AM,,,,,,,,,,,0,,,,,
375,5000000780,2017,1,1,0,0,0,101,,ROMANIAN RUBY,SD00,RM00,,,,,,125128,,,0,0,,S,USD,1022727.27,0,1022727.27,,0,,147,G,147,G,147,G,4500000384,10,,,0,,,0,X,,,,,,NA00,BI00,,NAIS1000,,,,,,,,,2017,,,US00,,0,,0,0,0,,0,2,,,,,,,,,B,V,,,0,,,,,0,0,0,,,,,0,,0,0,0,,,,,0,,,,0,0,0,,,720000,5,G,,,0,0,,0,,0,0,,,,,ROMANIAN RUBY,,ME02,WE06,X,X,100,"15,000,000.00",S,,,0,,,0,,,,1,0,,,,,,,,,0,,,,,,,,,F,,,0,,WE,2/20/17,2/20/17,2:32:59 PM,GBI-024,,MIGO_GR,,0,,,,,,,12:00:00 AM,,,,,,,,,,,0,,,,,
375,5000000781,2017,1,1,0,0,0,101,,ROMANIAN RUBY,SD00,RM00,,,,,,125128,,,0,0,,S,USD,1007462.69,0,1007462.69,,0,,45,G,45,G,45,G,4500000392,10,,,0,,,0,X,,,,,,NA00,BI00,,NAIS1000,,,,,,,,,2017,,,US00,,0,,0,0,0,,0,2,,,,,,,,,B,V,,,0,,,,,0,0,0,,,,,0,,0,0,0,,,,,0,,,,0,0,0,,,720000,6,G,,,0,0,,0,,0,0,,,,,ROMANIAN RUBY,,ME02,WE06,X,X,100,"15,000,000.00",S,,,0,,,0,,,,1,0,,,,,,,,,0,,,,,,,,,F,,,0,,WE,2/20/17,2/20/17,2:34:56 PM,GBI-024,,MIGO_GR,,0,,,,,,,12:00:00 AM,,,,,,,,,,,0,,,,,
375,5000000782,2017,1,1,0,0,0,101,,BOTSWANA BLACK PE,SD00,RM00,,,,,,125088,,,0,0,,S,USD,6000000.00,0,6000000.00,,0,,113,G,113,G,113,G,4500000386,10,,,0,,,0,X,,,,,,NA00,BI00,,NAIS1000,,,,,,,,,2017,,,US00,,0,,0,0,0,,0,2,,,,,,,,,B,V,,,0,,,,,0,0,0,,,,,0,,0,0,0,,,,,0,,,,0,0,0,,,720000,8,G,,,0,0,,0,,0,0,,,,,BOTSWANA BLACK PE,,ME02,WE06,X,X,97,"48,500,000.00",S,,,0,,,0,,,,1,0,,,,,,,,,0,,,,,,,,,F,,,0,,WE,2/20/17,2/20/17,2:35:44 PM,GBI-024,,MIGO_GR,,0,,,,,,,12:00:00 AM,,,,,,,,,,,0,,,,,
375,5000000783,2017,1,1,0,0,0,101,,BOTSWANA BLACK PE,SD00,RM00,,,,,,125088,,,0,0,,S,USD,1960000.00,0,1960000.00,,0,,332,G,332,G,332,G,4500000394,10,,,0,,,0,X,,,,,,NA00,BI00,,NAIS1000,,,,,,,,,2017,,,US00,,0,,0,0,0,,0,2,,,,,,,,,B,V,,,0,,,,,0,0,0,,,,,0,,0,0,0,,,,,0,,,,0,0,0,,,720000,4,G,,,0,0,,0,,0,0,,,,,BOTSWANA BLACK PE,,ME02,WE06,X,X,97,"48,500,000.00",S,,,0,,,0,,,,1,0,,,,,,,,,0,,,,,,,,,F,,,0,,WE,2/20/17,2/20/17,2:36:21 PM,GBI-024,,MIGO_GR,,0,,,,,,,12:00:00 AM,,,,,,,,,,,0,,,,,
375,5000000784,2017,1,1,0,0,0,101,,BOTSWANA BLACK PE,SD00,RM00,,,,,,125088,,,0,0,,S,USD,5250000.00,0,5250000.00,,0,,756,G,756,G,756,G,4500000396,10,,,0,,,0,X,,,,,,NA00,BI00,,NAIS1000,,,,,,,,,2017,,,US00,,0,,0,0,0,,0,2,,,,,,,,,B,V,,,0,,,,,0,0,0,,,,,0,,0,0,0,,,,,0,,,,0,0,0,,,720000,10,G,,,0,0,,0,,0,0,,,,,BOTSWANA BLACK PE,,ME02,WE06,X,X,97,"48,500,000.00",S,,,0,,,0,,,,1,0,,,,,,,,,0,,,,,,,,,F,,,0,,WE,2/20/17,2/20/17,2:37:06 PM,GBI-024,,MIGO_GR,,0,,,,,,,12:00:00 AM,,,,,,,,,,,0,,,,,
375,5000000785,2017,1,1,0,0,0,101,,ROMANIAN RUBY,SD00,RM00,,,,,,125128,,,0,0,,S,USD,679245.28,0,679245.28,,0,,428,G,428,G,428,G,4500000393,10,,,0,,,0,X,,,,,,NA00,BI00,,NAIS1000,,,,,,,,,2017,,,US00,,0,,0,0,0,,0,2,,,,,,,,,B,V,,,0,,,,,0,0,0,,,,,0,,0,0,0,,,,,0,,,,0,0,0,,,720000,4,G,,,0,0,,0,,0,0,,,,,ROMANIAN RUBY,,ME02,WE06,X,X,100,"15,000,000.00",S,,,0,,,0,,,,1,0,,,,,,,,,0,,,,,,,,,F,,,0,,WE,2/20/17,2/20/17,2:44:27 PM,GBI-024,,MIGO_GR,,0,,,,,,,12:00:00 AM,,,,,,,,,,,0,,,,,
375,5000000786,2017,1,1,0,0,0,101,,ROMANIAN RUBY,SD00,RM00,,,,,,125128,,,0,0,,S,USD,321428.57,0,321428.57,,0,,116,G,116,G,116,G,4500000395,10,,,0,,,0,X,,,,,,NA00,BI00,,NAIS1000,,,,,,,,,2017,,,US00,,0,,0,0,0,,0,2,,,,,,,,,B,V,,,0,,,,,0,0,0,,,,,0,,0,0,0,,,,,0,,,,0,0,0,,,720000,2,G,,,0,0,,0,,0,0,,,,,ROMANIAN RUBY,,ME02,WE06,X,X,100,"15,000,000.00",S,,,0,,,0,,,,1,0,,,,,,,,,0,,,,,,,,,F,,,0,,WE,2/20/17,2/20/17,2:50:19 PM,GBI-024,,MIGO_GR,,0,,,,,,,12:00:00 AM,,,,,,,,,,,0,,,,,
375,5000000787,2017,1,1,0,0,0,101,,BOTSWANA BLACK PE,SD00,RM00,,,,,,125088,,,0,0,,S,USD,1000000.00,0,1000000.00,,0,,795,G,795,G,795,G,4500000397,10,,,0,,,0,X,,,,,,NA00,BI00,,NAIS1000,,,,,,,,,2017,,,US00,,0,,0,0,0,,0,2,,,,,,,,,B,V,,,0,,,,,0,0,0,,,,,0,,0,0,0,,,,,0,,,,0,0,0,,,720000,2,G,,,0,0,,0,,0,0,,,,,BOTSWANA BLACK PE,,ME02,WE06,X,X,97,"48,500,000.00",S,,,0,,,0,,,,1,0,,,,,,,,,0,,,,,,,,,F,,,0,,WE,2/20/17,2/20/17,2:53:39 PM,GBI-024,,MIGO_GR,,0,,,,,,,12:00:00 AM,,,,,,,,,,,0,,,,,
375,5000000788,2017,1,1,0,0,0,101,,CONGOCRYSTAL,SD00,RM00,,,,,,125102,,,0,0,,S,USD,35000.00,0,35000.00,,0,,127,G,127,G,127,G,4500000399,10,,,0,,,0,X,,,,,,NA00,BI00,,NAIS1000,,,,,,,,,2017,,,US00,,0,,0,0,0,,0,2,,,,,,,,,B,V,,,0,,,,,0,0,0,,,,,0,,0,0,0,,,,,0,,,,0,0,0,,,720000,5,G,,,0,0,,0,,0,0,,,,,CONGOCRYSTAL,,ME02,WE06,X,X,100,"20,000,000.00",S,,,0,,,0,,,,1,0,,,,,,,,,0,,,,,,,,,F,,,0,,WE,2/20/17,2/20/17,3:02:16 PM,GBI-024,,MIGO_GR,,0,,,,,,,12:00:00 AM,,,,,,,,,,,0,,,,,
375,5000000789,2017,1,1,0,0,0,101,,CONGOCRYSTAL,SD00,RM00,,,,,,125102,,,0,0,,S,USD,72900.00,0,72900.00,,0,,504,G,504,G,504,G,4500000398,10,,,0,,,0,X,,,,,,NA00,BI00,,NAIS1000,,,,,,,,,2017,,,US00,,0,,0,0,0,,0,2,,,,,,,,,B,V,,,0,,,,,0,0,0,,,,,0,,0,0,0,,,,,0,,,,0,0,0,,,720000,9,G,,,0,0,,0,,0,0,,,,,CONGOCRYSTAL,,ME02,WE06,X,X,100,"20,000,000.00",S,,,0,,,0,,,,1,0,,,,,,,,,0,,,,,,,,,F,,,0,,WE,2/20/17,2/20/17,3:04:24 PM,GBI-024,,MIGO_GR,,0,,,,,,,12:00:00 AM,,,,,,,,,,,0,,,,,
375,5000000790,2017,1,1,0,0,0,101,,CONGOCRYSTAL,SD00,RM00,,,,,,125102,,,0,0,,S,USD,142400.00,0,142400.00,,0,,183,G,183,G,183,G,4500000402,10,,,0,,,0,X,,,,,,NA00,BI00,,NAIS1000,,,,,,,,,2017,,,US00,,0,,0,0,0,,0,2,,,,,,,,,B,V,,,0,,,,,0,0,0,,,,,0,,0,0,0,,,,,0,,,,0,0,0,,,720000,16,G,,,0,0,,0,,0,0,,,,,CONGOCRYSTAL,,ME02,WE06,X,X,100,"20,000,000.00",S,,,0,,,0,,,,1,0,,,,,,,,,0,,,,,,,,,F,,,0,,WE,2/20/17,2/20/17,3:04:57 PM,GBI-024,,MIGO_GR,,0,,,,,,,12:00:00 AM,,,,,,,,,,,0,,,,,
375,5000000791,2017,1,1,0,0,0,101,,CONGOCRYSTAL,SD00,RM00,,,,,,125102,,,0,0,,S,USD,68000.00,0,68000.00,,0,,872,G,872,G,872,G,4500000400,10,,,0,,,0,X,,,,,,NA00,BI00,,NAIS1000,,,,,,,,,2017,,,US00,,0,,0,0,0,,0,2,,,,,,,,,B,V,,,0,,,,,0,0,0,,,,,0,,0,0,0,,,,,0,,,,0,0,0,,,720000,8,G,,,0,0,,0,,0,0,,,,,CONGOCRYSTAL,,ME02,WE06,X,X,100,"20,000,000.00",S,,,0,,,0,,,,1,0,,,,,,,,,0,,,,,,,,,F,,,0,,WE,2/20/17,2/20/17,3:05:24 PM,GBI-024,,MIGO_GR,,0,,,,,,,12:00:00 AM,,,,,,,,,,,0,,,,,
375,5000000792,2017,1,1,0,0,0,101,,CONGOCRYSTAL,SD00,RM00,,,,,,125102,,,0,0,,S,USD,16400.00,0,16400.00,,0,,701,G,701,G,701,G,4500000401,10,,,0,,,0,X,,,,,,NA00,BI00,,NAIS1000,,,,,,,,,2017,,,US00,,0,,0,0,0,,0,2,,,,,,,,,B,V,,,0,,,,,0,0,0,,,,,0,,0,0,0,,,,,0,,,,0,0,0,,,720000,2,G,,,0,0,,0,,0,0,,,,,CONGOCRYSTAL,,ME02,WE06,X,X,100,"20,000,000.00",S,,,0,,,0,,,,1,0,,,,,,,,,0,,,,,,,,,F,,,0,,WE,2/20/17,2/20/17,3:05:54 PM,GBI-024,,MIGO_GR,,0,,,,,,,12:00:00 AM,,,,,,,,,,,0,,,,,
375,5000000793,2017,1,1,0,0,0,101,,ANGOLAN AMETHYST,SD00,RM00,,,,,,125096,,,0,0,,S,USD,297000.00,0,297000.00,,0,,666,G,666,G,666,G,4500000403,10,,,0,,,0,X,,,,,,NA00,BI00,,NAIS1000,,,,,,,,,2017,,,US00,,0,,0,0,0,,0,2,,,,,,,,,B,V,,,0,,,,,0,0,0,,,,,0,,0,0,0,,,,,0,,,,0,0,0,,,720000,6,G,,,0,0,,0,,0,0,,,,,ANGOLAN AMETHYST,,ME02,WE06,X,X,100,"5,000,000.00",S,,,0,,,0,,,,1,0,,,,,,,,,0,,,,,,,,,F,,,0,,WE,2/20/17,2/20/17,3:06:47 PM,GBI-024,,MIGO_GR,,0,,,,,,,12:00:00 AM,,,,,,,,,,,0,,,,,
375,5000000794,2017,1,1,0,0,0,101,,ANGOLAN AMETHYST,SD00,RM00,,,,,,125096,,,0,0,,S,USD,672750.00,0,672750.00,,0,,151,G,151,G,151,G,4500000405,10,,,0,,,0,X,,,,,,NA00,BI00,,NAIS1000,,,,,,,,,2017,,,US00,,0,,0,0,0,,0,2,,,,,,,,,B,V,,,0,,,,,0,0,0,,,,,0,,0,0,0,,,,,0,,,,0,0,0,,,720000,13,G,,,0,0,,0,,0,0,,,,,ANGOLAN AMETHYST,,ME02,WE06,X,X,100,"5,000,000.00",S,,,0,,,0,,,,1,0,,,,,,,,,0,,,,,,,,,F,,,0,,WE,2/20/17,2/20/17,3:07:22 PM,GBI-024,,MIGO_GR,,0,,,,,,,12:00:00 AM,,,,,,,,,,,0,,,,,
375,5000000795,2017,1,1,0,0,0,101,,ANGOLAN AMETHYST,SD00,RM00,,,,,,125096,,,0,0,,S,USD,162000.00,0,162000.00,,0,,152,G,152,G,152,G,4500000404,10,,,0,,,0,X,,,,,,NA00,BI00,,NAIS1000,,,,,,,,,2017,,,US00,,0,,0,0,0,,0,2,,,,,,,,,B,V,,,0,,,,,0,0,0,,,,,0,,0,0,0,,,,,0,,,,0,0,0,,,720000,3,G,,,0,0,,0,,0,0,,,,,ANGOLAN AMETHYST,,ME02,WE06,X,X,100,"5,000,000.00",S,,,0,,,0,,,,1,0,,,,,,,,,0,,,,,,,,,F,,,0,,WE,2/20/17,2/20/17,3:09:07 PM,GBI-024,,MIGO_GR,,0,,,,,,,12:00:00 AM,,,,,,,,,,,0,,,,,
375,5000000796,2017,1,1,0,0,0,101,,ANGOLAN AMETHYST,SD00,RM00,,,,,,125096,,,0,0,,S,USD,426000.00,0,426000.00,,0,,238,G,238,G,238,G,4500000407,10,,,0,,,0,X,,,,,,NA00,BI00,,NAIS1000,,,,,,,,,2017,,,US00,,0,,0,0,0,,0,2,,,,,,,,,B,V,,,0,,,,,0,0,0,,,,,0,,0,0,0,,,,,0,,,,0,0,0,,,720000,8,G,,,0,0,,0,,0,0,,,,,ANGOLAN AMETHYST,,ME02,WE06,X,X,100,"5,000,000.00",S,,,0,,,0,,,,1,0,,,,,,,,,0,,,,,,,,,F,,,0,,WE,2/20/17,2/20/17,3:10:16 PM,GBI-024,,MIGO_GR,,0,,,,,,,12:00:00 AM,,,,,,,,,,,0,,,,,
375,5000000797,2017,1,1,0,0,0,101,,ANGOLAN AMETHYST,SD00,RM00,,,,,,125096,,,0,0,,S,USD,221250.00,0,221250.00,,0,,921,G,921,G,921,G,4500000408,10,,,0,,,0,X,,,,,,NA00,BI00,,NAIS1000,,,,,,,,,2017,,,US00,,0,,0,0,0,,0,2,,,,,,,,,B,V,,,0,,,,,0,0,0,,,,,0,,0,0,0,,,,,0,,,,0,0,0,,,720000,5,G,,,0,0,,0,,0,0,,,,,ANGOLAN AMETHYST,,ME02,WE06,X,X,100,"5,000,000.00",S,,,0,,,0,,,,1,0,,,,,,,,,0,,,,,,,,,F,,,0,,WE,2/20/17,2/20/17,3:10:47 PM,GBI-024,,MIGO_GR,,0,,,,,,,12:00:00 AM,,,,,,,,,,,0,,,,,
375,5000000798,2017,1,1,0,0,0,101,,SA SAPPHIRE,SD00,RM00,,,,,,125100,,,0,0,,S,USD,160000.00,0,160000.00,,0,,292,G,292,G,292,G,4500000410,10,,,0,,,0,X,,,,,,NA00,BI00,,NAIS1000,,,,,,,,,2017,,,US00,,0,,0,0,0,,0,2,,,,,,,,,B,V,,,0,,,,,0,0,0,,,,,0,,0,0,0,,,,,0,,,,0,0,0,,,720000,12,G,,,0,0,,0,,0,0,,,,,SA SAPPHIRE,,ME02,WE06,X,X,110,"11,000,000.00",S,,,0,,,0,,,,1,0,,,,,,,,,0,,,,,,,,,F,,,0,,WE,2/20/17,2/20/17,3:12:44 PM,GBI-024,,MIGO_GR,,0,,,,,,,12:00:00 AM,,,,,,,,,,,0,,,,,
375,5000000799,2017,1,1,0,0,0,101,,SA SAPPHIRE,SD00,RM00,,,,,,125100,,,0,0,,S,USD,79302.14,0,79302.14,,0,,819,G,819,G,819,G,4500000406,10,,,0,,,0,X,,,,,,NA00,BI00,,NAIS1000,,,,,,,,,2017,,,US00,,0,,0,0,0,,0,2,,,,,,,,,B,V,,,0,,,,,0,0,0,,,,,0,,0,0,0,,,,,0,,,,0,0,0,,,720000,6,G,,,0,0,,0,,0,0,,,,,SA SAPPHIRE,,ME02,WE06,X,X,110,"11,000,000.00",S,,,0,,,0,,,,1,0,,,,,,,,,0,,,,,,,,,F,,,0,,WE,2/20/17,2/20/17,3:13:30 PM,GBI-024,,MIGO_GR,,0,,,,,,,12:00:00 AM,,,,,,,,,,,0,,,,,
375,5000000800,2017,1,1,0,0,0,101,,SA SAPPHIRE,SD00,RM00,,,,,,125100,,,0,0,,S,USD,93959.73,0,93959.73,,0,,377,G,377,G,377,G,4500000409,10,,,0,,,0,X,,,,,,NA00,BI00,,NAIS1000,,,,,,,,,2017,,,US00,,0,,0,0,0,,0,2,,,,,,,,,B,V,,,0,,,,,0,0,0,,,,,0,,0,0,0,,,,,0,,,,0,0,0,,,720000,7,G,,,0,0,,0,,0,0,,,,,SA SAPPHIRE,,ME02,WE06,X,X,110,"11,000,000.00",S,,,0,,,0,,,,1,0,,,,,,,,,0,,,,,,,,,F,,,0,,WE,2/20/17,2/20/17,3:13:57 PM,GBI-024,,MIGO_GR,,0,,,,,,,12:00:00 AM,,,,,,,,,,,0,,,,,
375,5000000801,2017,1,1,0,0,0,101,,SA SAPPHIRE,SD00,RM00,,,,,,125100,,,0,0,,S,USD,121065.38,0,121065.38,,0,,731,G,731,G,731,G,4500000411,10,,,0,,,0,X,,,,,,NA00,BI00,,NAIS1000,,,,,,,,,2017,,,US00,,0,,0,0,0,,0,2,,,,,,,,,B,V,,,0,,,,,0,0,0,,,,,0,,0,0,0,,,,,0,,,,0,0,0,,,720000,9,G,,,0,0,,0,,0,0,,,,,SA SAPPHIRE,,ME02,WE06,X,X,110,"11,000,000.00",S,,,0,,,0,,,,1,0,,,,,,,,,0,,,,,,,,,F,,,0,,WE,2/20/17,2/20/17,3:16:16 PM,GBI-024,,MIGO_GR,,0,,,,,,,12:00:00 AM,,,,,,,,,,,0,,,,,
375,5000000802,2017,1,1,0,0,0,101,,SA SAPPHIRE,SD00,RM00,,,,,,125100,,,0,0,,S,USD,145264.38,0,145264.38,,0,,806,G,806,G,806,G,4500000412,10,,,0,,,0,X,,,,,,NA00,BI00,,NAIS1000,,,,,,,,,2017,,,US00,,0,,0,0,0,,0,2,,,,,,,,,B,V,,,0,,,,,0,0,0,,,,,0,,0,0,0,,,,,0,,,,0,0,0,,,720000,10,G,,,0,0,,0,,0,0,,,,,SA SAPPHIRE,,ME02,WE06,X,X,110,"11,000,000.00",S,,,0,,,0,,,,1,0,,,,,,,,,0,,,,,,,,,F,,,0,,WE,2/20/17,2/20/17,3:16:41 PM,GBI-024,,MIGO_GR,,0,,,,,,,12:00:00 AM,,,,,,,,,,,0,,,,,
375,5000000803,2017,1,1,0,0,0,101,,ZTESTHEXNT,SD00,RM00,,,,,,125130,,,0,0,,S,USD,12300.00,0,12800.00,,0,,7108,LB,7108,LB,7108,LB,4500000414,10,,,0,,,0,X,,,,,,NA00,,,,,,,,,,,,2017,,,US00,,0,,0,0,0,,0,2,,,,,,,,,B,,,,0,,,,,0,0,0,,,,,0,,0,0,0,,,,,0,,,,0,0,0,,,,"10,000",LB,,125130,0,0,,0,,0,0,,,,,ZTESTHEXNT-01,,ME01,WE01,X,X,0,0,S,,,0,,,0,,,,1,0,,,,,,,,,0,,,,,,,,,F,,,0,,WE,2/20/17,2/20/17,3:31:07 PM,GBI-035,,MIGO_GR,,0,,,,,,,12:00:00 AM,,,,,,,,,,,0,,,,,
375,5000000804,2017,1,1,0,0,0,101,,ZTESTHEXNT,SD00,RM00,,,,,,125105,,,0,0,,S,USD,12000.00,0,12000.00,,0,,19508,LB,19508,LB,19508,LB,4500000416,10,2017,1000000038,1,,,0,,,,,,,NA00,BI00,,NAIS1000,,,,,,,,,2017,,,US00,,0,,0,0,0,,0,2,,,,,,,,,B,V,,,0,,,,,0,0,0,,,,,0,,0,1,0,,,,,0,,,,0,0,0,,,770000,1,AU,,,0,0,,1,,0,0,,,,,,,ME02,WE06,,,0,0,,,,0,,,0,,,,1,0,,,,,,,,,0,,,,,,,,,F,,,0,,WE,2/20/17,2/20/17,4:05:01 PM,GBI-008,,ML81N,,0,,,,,,,12:00:00 AM,,,,,,,,,,,0,,,,,
375,5000000805,2017,1,1,0,0,0,101,,ZTESTHEXNT,SD00,RM00,,,,,,125129,,,0,0,,S,USD,80000.00,0,80000.00,,0,,9333,LB,9333,LB,9333,LB,4500000417,10,2017,1000000039,1,,,0,,,,,,,NA00,BI00,,NARD1000,,,,,,,,,2017,,,US00,,0,,0,0,0,,0,2,,,,,,,,,B,V,,,0,,,,,0,0,0,,,,,0,,0,1,0,,,,,0,,,,0,0,0,,,210000,1,AU,,,0,0,,1,,0,0,,,,,,,ME02,WE06,,,0,0,,,,0,,,0,,,,1,0,,,,,,,,,0,,,,,,,,,F,,,0,,WE,2/20/17,2/20/17,4:32:04 PM,GBI-038,,ML81N,,0,,,,,,,12:00:00 AM,,,,,,,,,,,0,,,,,
375,5000000806,2017,1,1,0,0,0,101,,ZTESTHEXNT,SD00,RM00,,,,,,125129,,,0,0,,S,USD,100000.00,0,100000.00,,0,,5983,LB,5983,LB,5983,LB,4500000424,10,2017,1000000042,1,,,0,,,,,,,NA00,BI00,,NAIS1000,,,,,,,,,2017,,,US00,,0,,0,0,0,,0,2,,,,,,,,,B,V,,,0,,,,,0,0,0,,,,,0,,0,1,0,,,,,0,,,,0,0,0,,,770000,1,AU,,,0,0,,1,,0,0,,,,,,,ME02,WE06,,,0,0,,,,0,,,0,,,,1,0,,,,,,,,,0,,,,,,,,,F,,,0,,WE,2/20/17,2/20/17,5:12:44 PM,GBI-038,,ML81N,,0,,,,,,,12:00:00 AM,,,,,,,,,,,0,,,,,
375,5000000807,2017,1,1,0,0,0,101,,ZTESTHEXNT,SD00,RM00,,,,,,125105,,,0,0,,S,USD,23000.00,0,23000.00,,0,,10446,LB,10446,LB,10446,LB,4500000425,10,2017,1000000044,1,,,0,,,,,,,NA00,BI00,,NAIS1000,,,,,,,,,2017,,,US00,,0,,0,0,0,,0,2,,,,,,,,,B,V,,,0,,,,,0,0,0,,,,,0,,0,1,0,,,,,0,,,,0,0,0,,,770000,1,AU,,,0,0,,1,,0,0,,,,,,,ME02,WE06,,,0,0,,,,0,,,0,,,,1,0,,,,,,,,,0,,,,,,,,,F,,,0,,WE,2/20/17,2/20/17,5:39:44 PM,GBI-012,,ML81N,,0,,,,,,,12:00:00 AM,,,,,,,,,,,0,,,,,
375,5000000808,2017,1,1,0,0,0,101,,ZTESTHEXNT,SD00,RM00,,,,,,125105,,,0,0,,S,USD,23000.00,0,23000.00,,0,,8554,LB,8554,LB,8554,LB,4500000426,10,2017,1000000045,1,,,0,,,,,,,NA00,BI00,,NAIS1000,,,,,,,,,2017,,,US00,,0,,0,0,0,,0,2,,,,,,,,,B,V,,,0,,,,,0,0,0,,,,,0,,0,1,0,,,,,0,,,,0,0,0,,,770000,1,AU,,,0,0,,1,,0,0,,,,,,,ME02,WE06,,,0,0,,,,0,,,0,,,,1,0,,,,,,,,,0,,,,,,,,,F,,,0,,WE,2/20/17,2/20/17,5:50:15 PM,GBI-012,,ML81N,,0,,,,,,,12:00:00 AM,,,,,,,,,,,0,,,,,
375,5000000809,2017,1,1,0,0,0,101,,ZTESTHEXNT,SD00,RM00,,,,,,125106,,,0,0,,S,USD,146250.00,0,146250.00,,0,,12792,LB,12792,LB,12792,LB,4500000452,10,2017,1000000046,1,,,0,,,,,,,NA00,BI00,,NAIS1000,,,,,,,,,2017,,,US00,,0,,0,0,0,,0,2,,,,,,,,,B,V,,,0,,,,,0,0,0,,,,,0,,0,1,0,,,,,0,,,,0,0,0,,,770000,1,AU,,,0,0,,1,,0,0,,,,,,,ME02,WE06,,,0,0,,,,0,,,0,,,,1,0,,,,,,,,,0,,,,,,,,,F,,,0,,WE,2/20/17,2/20/17,6:18:09 PM,GBI-008,,ML81N,,0,,,,,,,12:00:00 AM,,,,,,,,,,,0,,,,,
375,5000000810,2017,1,1,0,0,0,101,,ZTESTHEXNT,SD00,RM00,,,,,,125108,,,0,0,,S,USD,50000.00,0,50000.00,,0,,7615,LB,7615,LB,7615,LB,4500000453,10,2017,1000000047,1,,,0,,,,,,,NA00,BI00,,NAIS1000,,,,,,,,,2017,,,US00,,0,,0,0,0,,0,2,,,,,,,,,B,V,,,0,,,,,0,0,0,,,,,0,,0,1,0,,,,,0,,,,0,0,0,,,770000,1,AU,,,0,0,,1,,0,0,,,,,,,ME02,WE06,,,0,0,,,,0,,,0,,,,1,0,,,,,,,,,0,,,,,,,,,F,,,0,,WE,2/20/17,2/20/17,6:20:30 PM,GBI-034,,ML81N,,0,,,,,,,12:00:00 AM,,,,,,,,,,,0,,,,,
375,5000000811,2017,1,1,0,0,0,101,,BLUEPAINT,SD00,RM00,,,,,,125131,,,0,0,,S,USD,980.00,0,980.00,,0,,1017,L,1017,L,1017,L,4500000427,10,,,0,,,0,,,,,,,NA00,,,,,,,,,,,,2017,,,US00,,0,,0,0,0,,0,2,,,,,,,,,B,,,,0,,,,,0,0,0,,,,,0,,0,0,0,,,,,0,,,,0,0,0,,,,98,L,,125131,0,0,,0,,0,0,,,,,BLUEPAINT,,ME01,WE01,X,X,0,0,S,,,0,,,0,,,,1,0,,,,,,,,,0,,,,,,,,,F,,,0,,WE,2/20/17,2/20/17,6:21:06 PM,GBI-045,,MIGO_GR,,0,,,,,,,12:00:00 AM,,,,,,,,,,,0,,,,,
375,5000000812,2017,1,1,0,0,0,101,,BLUEPAINT,SD00,RM00,,,,,,125135,,,0,0,,S,USD,1000.00,0,1000.00,,0,,340,L,340,L,340,L,4500000428,10,,,0,,,0,X,,,,,,NA00,,,,,,,,,,,,2017,,,US00,,0,,0,0,0,,0,2,,,,,,,,,B,,,,0,,,,,0,0,0,,,,,0,,0,0,0,,,,,0,,,,0,0,0,,,,100,L,,125135,0,0,,0,,0,0,,,,,BLUEPAINT,,ME01,WE01,X,X,98,980,S,,,0,,,0,,,,1,0,,,,,,,,,0,,,,,,,,,F,,,0,,WE,2/20/17,2/20/17,6:21:33 PM,GBI-054,,MIGO_GR,,0,,,,,,,12:00:00 AM,,,,,,,,,,,0,,,,,
375,5000000813,2017,1,1,0,0,0,101,,BLUEPAINT,SD00,RM00,,,,,,125132,,,0,0,,S,USD,970.00,0,970.00,,0,,418,L,418,L,418,L,4500000433,10,,,0,,,0,,,,,,,NA00,,,,,,,,,,,,2017,,,US00,,0,,0,0,0,,0,2,,,,,,,,,B,,,,0,,,,,0,0,0,,,,,0,,0,0,0,,,,,0,,,,0,0,0,,,,97,L,,125132,0,0,,0,,0,0,,,,,BLUEPAINT,,ME01,WE01,X,X,198,"1,980.00",S,,,0,,,0,,,,1,0,,,,,,,,,0,,,,,,,,,F,,,0,,WE,2/20/17,2/20/17,6:22:19 PM,GBI-053,,MIGO_GR,,0,,,,,,,12:00:00 AM,,,,,,,,,,,0,,,,,
375,5000000814,2017,1,1,0,0,0,101,,BLUEPAINT,SD00,RM00,,,,,,125135,,,0,0,,S,USD,1000.00,0,1000.00,,0,,1079,L,1079,L,1079,L,4500000434,10,,,0,,,0,X,,,,,,NA00,,,,,,,,,,,,2017,,,US00,,0,,0,0,0,,0,2,,,,,,,,,B,,,,0,,,,,0,0,0,,,,,0,,0,0,0,,,,,0,,,,0,0,0,,,,100,L,,125135,0,0,,0,,0,0,,,,,BLUEPAINT,,ME01,WE01,X,X,295,"2,950.00",S,,,0,,,0,,,,1,0,,,,,,,,,0,,,,,,,,,F,,,0,,WE,2/20/17,2/20/17,6:24:28 PM,GBI-054,,MIGO_GR,,0,,,,,,,12:00:00 AM,,,,,,,,,,,0,,,,,
375,5000000815,2017,1,1,0,0,0,101,,BLUEPAINT,SD00,RM00,,,,,,125105,,,0,0,,S,USD,30000.00,0,30000.00,,0,,1064,L,1064,AU,1064,L,4500000454,10,2017,1000000048,1,,,0,,,,,,,NA00,BI00,,NAIS1000,,,,,,,,,2017,,,US00,,0,,0,0,0,,0,2,,,,,,,,,B,V,,,0,,,,,0,0,0,,,,,0,,0,1,0,,,,,0,,,,0,0,0,,,770000,1,AU,,,0,0,,1,,0,0,,,,,,,ME02,WE06,,,0,0,,,,0,,,0,,,,1,0,,,,,,,,,0,,,,,,,,,F,,,0,,WE,2/20/17,2/20/17,6:26:05 PM,GBI-012,,ML81N,,0,,,,,,,12:00:00 AM,,,,,,,,,,,0,,,,,
375,5000000816,2017,1,1,0,0,0,101,,BLUEPAINT,SD00,RM00,,,,,,125106,,,0,0,,S,USD,191250.00,0,191250.00,,0,,246,L,246,AU,246,L,4500000455,10,2017,1000000049,1,,,0,,,,,,,NA00,BI00,,NAIS1000,,,,,,,,,2017,,,US00,,0,,0,0,0,,0,2,,,,,,,,,B,V,,,0,,,,,0,0,0,,,,,0,,0,1,0,,,,,0,,,,0,0,0,,,770000,1,AU,,,0,0,,1,,0,0,,,,,,,ME02,WE06,,,0,0,,,,0,,,0,,,,1,0,,,,,,,,,0,,,,,,,,,F,,,0,,WE,2/20/17,2/20/17,6:28:21 PM,GBI-008,,ML81N,,0,,,,,,,12:00:00 AM,,,,,,,,,,,0,,,,,
375,5000000817,2017,1,1,0,0,0,101,,BLUEPAINT,SD00,RM00,,,,,,125108,,,0,0,,S,USD,60000.00,0,60000.00,,0,,925,L,925,AU,925,L,4500000456,10,2017,1000000050,1,,,0,,,,,,,NA00,BI00,,NAIS1000,,,,,,,,,2017,,,US00,,0,,0,0,0,,0,2,,,,,,,,,B,V,,,0,,,,,0,0,0,,,,,0,,0,1,0,,,,,0,,,,0,0,0,,,770000,1,AU,,,0,0,,1,,0,0,,,,,,,ME02,WE06,,,0,0,,,,0,,,0,,,,1,0,,,,,,,,,0,,,,,,,,,F,,,0,,WE,2/20/17,2/20/17,6:30:55 PM,GBI-034,,ML81N,,0,,,,,,,12:00:00 AM,,,,,,,,,,,0,,,,,
375,5000000818,2017,1,1,0,0,0,101,,BLUEPAINT,SD00,RM00,,,,,,125106,,,0,0,,S,USD,71250.00,0,71250.00,,0,,832,L,832,AU,832,L,4500000458,10,2017,1000000052,1,,,0,,,,,,,NA00,BI00,,NAIS1000,,,,,,,,,2017,,,US00,,0,,0,0,0,,0,2,,,,,,,,,B,V,,,0,,,,,0,0,0,,,,,0,,0,1,0,,,,,0,,,,0,0,0,,,770000,1,AU,,,0,0,,1,,0,0,,,,,,,ME02,WE06,,,0,0,,,,0,,,0,,,,1,0,,,,,,,,,0,,,,,,,,,F,,,0,,WE,2/20/17,2/20/17,6:36:18 PM,GBI-008,,ML81N,,0,,,,,,,12:00:00 AM,,,,,,,,,,,0,,,,,
375,5000000819,2017,1,1,0,0,0,101,,BLUEPAINT,SD00,RM00,,,,,,125108,,,0,0,,S,USD,40000.00,0,40000.00,,0,,640,L,640,AU,640,L,4500000459,10,2017,1000000053,1,,,0,,,,,,,NA00,BI00,,NAIS1000,,,,,,,,,2017,,,US00,,0,,0,0,0,,0,2,,,,,,,,,B,V,,,0,,,,,0,0,0,,,,,0,,0,1,0,,,,,0,,,,0,0,0,,,770000,1,AU,,,0,0,,1,,0,0,,,,,,,ME02,WE06,,,0,0,,,,0,,,0,,,,1,0,,,,,,,,,0,,,,,,,,,F,,,0,,WE,2/20/17,2/20/17,6:37:59 PM,GBI-034,,ML81N,,0,,,,,,,12:00:00 AM,,,,,,,,,,,0,,,,,
375,5000000820,2017,1,1,0,0,0,101,,BLUEPAINT,SD00,RM00,,,,,,125105,,,0,0,,S,USD,10000.00,0,10000.00,,0,,821,L,821,AU,821,L,4500000457,10,2017,1000000051,1,,,0,,,,,,,NA00,BI00,,NAIS1000,,,,,,,,,2017,,,US00,,0,,0,0,0,,0,2,,,,,,,,,B,V,,,0,,,,,0,0,0,,,,,0,,0,1,0,,,,,0,,,,0,0,0,,,770000,1,AU,,,0,0,,1,,0,0,,,,,,,ME02,WE06,,,0,0,,,,0,,,0,,,,1,0,,,,,,,,,0,,,,,,,,,F,,,0,,WE,2/20/17,2/20/17,6:43:06 PM,GBI-012,,ML81N,,0,,,,,,,12:00:00 AM,,,,,,,,,,,0,,,,,
375,5000000821,2017,1,1,0,0,0,101,,BLUEPAINT,SD00,RM00,,,,,,125106,,,0,0,,S,USD,56250.00,0,56250.00,,0,,358,L,358,AU,358,L,4500000460,10,2017,1000000055,1,,,0,,,,,,,NA00,BI00,,NAIS1000,,,,,,,,,2017,,,US00,,0,,0,0,0,,0,2,,,,,,,,,B,V,,,0,,,,,0,0,0,,,,,0,,0,1,0,,,,,0,,,,0,0,0,,,770000,1,AU,,,0,0,,1,,0,0,,,,,,,ME02,WE06,,,0,0,,,,0,,,0,,,,1,0,,,,,,,,,0,,,,,,,,,F,,,0,,WE,2/20/17,2/20/17,6:44:01 PM,GBI-008,,ML81N,,0,,,,,,,12:00:00 AM,,,,,,,,,,,0,,,,,
375,5000000822,2017,1,1,0,0,0,101,,BLUEPAINT,SD00,RM00,,,,,,125108,,,0,0,,S,USD,144000.00,0,144000.00,,0,,1001,L,1001,AU,1001,L,4500000461,10,2017,1000000056,1,,,0,,,,,,,NA00,BI00,,NAIS1000,,,,,,,,,2017,,,US00,,0,,0,0,0,,0,2,,,,,,,,,B,V,,,0,,,,,0,0,0,,,,,0,,0,1,0,,,,,0,,,,0,0,0,,,770000,1,AU,,,0,0,,1,,0,0,,,,,,,ME02,WE06,,,0,0,,,,0,,,0,,,,1,0,,,,,,,,,0,,,,,,,,,F,,,0,,WE,2/20/17,2/20/17,6:44:58 PM,GBI-034,,ML81N,,0,,,,,,,12:00:00 AM,,,,,,,,,,,0,,,,,
375,5000000823,2017,1,1,0,0,0,101,,BLUEPAINT,SD00,RM00,,,,,,125106,,,0,0,,S,USD,60000.00,0,60000.00,,0,,905,L,905,AU,905,L,4500000462,10,2017,1000000058,1,,,0,,,,,,,NA00,BI00,,NAIS1000,,,,,,,,,2017,,,US00,,0,,0,0,0,,0,2,,,,,,,,,B,V,,,0,,,,,0,0,0,,,,,0,,0,1,0,,,,,0,,,,0,0,0,,,770000,1,AU,,,0,0,,1,,0,0,,,,,,,ME02,WE06,,,0,0,,,,0,,,0,,,,1,0,,,,,,,,,0,,,,,,,,,F,,,0,,WE,2/20/17,2/20/17,6:48:27 PM,GBI-008,,ML81N,,0,,,,,,,12:00:00 AM,,,,,,,,,,,0,,,,,
375,5000000824,2017,1,1,0,0,0,101,,BLUEPAINT,SD00,RM00,,,,,,125108,,,0,0,,S,USD,96000.00,0,96000.00,,0,,140,L,140,AU,140,L,4500000463,10,2017,1000000059,1,,,0,,,,,,,NA00,BI00,,NAIS1000,,,,,,,,,2017,,,US00,,0,,0,0,0,,0,2,,,,,,,,,B,V,,,0,,,,,0,0,0,,,,,0,,0,1,0,,,,,0,,,,0,0,0,,,770000,1,AU,,,0,0,,1,,0,0,,,,,,,ME02,WE06,,,0,0,,,,0,,,0,,,,1,0,,,,,,,,,0,,,,,,,,,F,,,0,,WE,2/20/17,2/20/17,6:52:03 PM,GBI-034,,ML81N,,0,,,,,,,12:00:00 AM,,,,,,,,,,,0,,,,,
375,5000000825,2017,1,3,0,0,0,101,,BLUEPAINT,SD00,RM00,,,,,,125136,,,0,0,,S,USD,1040.00,0,1040.00,,0,,807,L,807,L,807,L,4500000451,10,,,0,,,0,X,,,,,,NA00,,,,,,,,,,,,2017,,,US00,,0,,0,0,0,,0,2,,,,,,,,,B,,,,0,,,,,0,0,0,,,,,0,,0,0,0,,,,,0,,,,0,0,0,,,,104,L,,125136,0,0,,0,,0,0,,,,,BLUEPAINT,,ME01,WE01,X,X,395,"3,950.00",S,,,0,,,0,,,,1,0,,,,,,,,,0,,,,,,,,,F,,,0,,WE,2/20/17,2/20/17,6:54:04 PM,GBI-009,,MIGO_GR,,0,,,,,,,12:00:00 AM,,,,,,,,,,,0,,,,,
375,5000000826,2017,1,1,0,0,0,101,,BLUEPAINT,SD00,RM00,,,,,,125133,,,0,0,,S,USD,1010.00,0,1010.00,,0,,552,L,552,L,552,L,4500000430,10,,,0,,,0,X,,,,,,NA00,,,,,,,,,,,,2017,,,US00,,0,,0,0,0,,0,2,,,,,,,,,B,,,,0,,,,,0,0,0,,,,,0,,0,0,0,,,,,0,,,,0,0,0,,,,101,L,,125133,0,0,,0,,0,0,,,,,BLUEPAINT,,ME01,WE01,X,X,499,"4,990.00",S,,,0,,,0,,,,1,0,,,,,,,,,0,,,,,,,,,F,,,0,,WE,2/20/17,2/20/17,6:54:30 PM,GBI-044,,MIGO_GR,,0,,,,,,,12:00:00 AM,,,,,,,,,,,0,,,,,
375,5000000827,2017,1,1,0,0,0,101,,BLUEPAINT,SD00,RM00,,,,,,125136,,,0,0,,S,USD,980.00,0,980.00,,0,,481,L,481,L,481,L,4500000450,10,,,0,,,0,X,,,,,,NA00,,,,,,,,,,,,2017,,,US00,,0,,0,0,0,,0,2,,,,,,,,,B,,,,0,,,,,0,0,0,,,,,0,,0,0,0,,,,,0,,,,0,0,0,,,,98,L,,125136,0,0,,0,,0,0,,,,,BLUEPAINT,,ME01,WE01,X,X,600,"6,000.00",S,,,0,,,0,,,,1,0,,,,,,,,,0,,,,,,,,,F,,,0,,WE,2/20/17,2/20/17,6:55:16 PM,GBI-009,,MIGO_GR,,0,,,,,,,12:00:00 AM,,,,,,,,,,,0,,,,,
375,5000000828,2017,1,1,0,0,0,101,,BLUEPAINT,SD00,RM00,,,,,,125132,,,0,0,,S,USD,980.00,0,980.00,,0,,883,L,883,L,883,L,4500000448,10,,,0,,,0,X,,,,,,NA00,,,,,,,,,,,,2017,,,US00,,0,,0,0,0,,0,2,,,,,,,,,B,,,,0,,,,,0,0,0,,,,,0,,0,0,0,,,,,0,,,,0,0,0,,,,98,L,,125132,0,0,,0,,0,0,,,,,BLUEPAINT,,ME01,WE01,X,X,698,"6,980.00",S,,,0,,,0,,,,1,0,,,,,,,,,0,,,,,,,,,F,,,0,,WE,2/20/17,2/20/17,6:55:46 PM,GBI-053,,MIGO_GR,,0,,,,,,,12:00:00 AM,,,,,,,,,,,0,,,,,
375,5000000829,2017,1,1,0,0,0,101,,BLUEPAINT,SD00,RM00,,,,,,125136,,,0,0,,S,USD,990.00,0,990.00,,0,,749,L,749,L,749,L,4500000449,10,,,0,,,0,X,,,,,,NA00,,,,,,,,,,,,2017,,,US00,,0,,0,0,0,,0,2,,,,,,,,,B,,,,0,,,,,0,0,0,,,,,0,,0,0,0,,,,,0,,,,0,0,0,,,,99,L,,125136,0,0,,0,,0,0,,,,,BLUEPAINT,,ME01,WE01,X,X,796,"7,960.00",S,,,0,,,0,,,,1,0,,,,,,,,,0,,,,,,,,,F,,,0,,WE,2/20/17,2/20/17,6:55:52 PM,GBI-009,,MIGO_GR,,0,,,,,,,12:00:00 AM,,,,,,,,,,,0,,,,,
375,5000000830,2017,1,1,0,0,0,101,,BLUEPAINT,SD00,RM00,,,,,,125133,,,0,0,,S,USD,1000.00,0,1000.00,,0,,347,L,347,L,347,L,4500000435,10,,,0,,,0,X,,,,,,NA00,,,,,,,,,,,,2017,,,US00,,0,,0,0,0,,0,2,,,,,,,,,B,,,,0,,,,,0,0,0,,,,,0,,0,0,0,,,,,0,,,,0,0,0,,,,100,L,,125133,0,0,,0,,0,0,,,,,BLUEPAINT,,ME01,WE01,X,X,895,"8,950.00",S,,,0,,,0,,,,1,0,,,,,,,,,0,,,,,,,,,F,,,0,,WE,2/20/17,2/20/17,6:56:09 PM,GBI-044,,MIGO_GR,,0,,,,,,,12:00:00 AM,,,,,,,,,,,0,,,,,
375,5000000831,2017,1,1,0,0,0,101,,BLUEPAINT,SD00,RM00,,,,,,125132,,,0,0,,S,USD,950.00,0,950.00,,0,,823,L,823,L,823,L,4500000445,10,,,0,,,0,X,,,,,,NA00,,,,,,,,,,,,2017,,,US00,,0,,0,0,0,,0,2,,,,,,,,,B,,,,0,,,,,0,0,0,,,,,0,,0,0,0,,,,,0,,,,0,0,0,,,,95,L,,125132,0,0,,0,,0,0,,,,,BLUEPAINT,,ME01,WE01,X,X,995,"9,950.00",S,,,0,,,0,,,,1,0,,,,,,,,,0,,,,,,,,,F,,,0,,WE,2/20/17,2/20/17,6:56:29 PM,GBI-053,,MIGO_GR,,0,,,,,,,12:00:00 AM,,,,,,,,,,,0,,,,,
375,5000000832,2017,1,1,0,0,0,101,,BLUEPAINT,SD00,RM00,,,,,,125136,,,0,0,,S,USD,1010.00,0,1010.00,,0,,337,L,337,L,337,L,4500000438,10,,,0,,,0,X,,,,,,NA00,,,,,,,,,,,,2017,,,US00,,0,,0,0,0,,0,2,,,,,,,,,B,,,,0,,,,,0,0,0,,,,,0,,0,0,0,,,,,0,,,,0,0,0,,,,101,L,,125136,0,0,,0,,0,0,,,,,BLUEPAINT,,ME01,WE01,X,X,"1,090","10,900.00",S,,,0,,,0,,,,1,0,,,,,,,,,0,,,,,,,,,F,,,0,,WE,2/20/17,2/20/17,6:56:38 PM,GBI-009,,MIGO_GR,,0,,,,,,,12:00:00 AM,,,,,,,,,,,0,,,,,
375,5000000833,2017,1,1,0,0,0,101,,BLUEPAINT,SD00,RM00,,,,,,125135,,,0,0,,S,USD,1040.00,0,1040.00,,0,,445,L,445,L,445,L,4500000437,10,,,0,,,0,X,,,,,,NA00,,,,,,,,,,,,2017,,,US00,,0,,0,0,0,,0,2,,,,,,,,,B,,,,0,,,,,0,0,0,,,,,0,,0,0,0,,,,,0,,,,0,0,0,,,,104,L,,125135,0,0,,0,,0,0,,,,,BLUEPAINT,,ME01,WE01,X,X,"1,191","11,910.00",S,,,0,,,0,,,,1,0,,,,,,,,,0,,,,,,,,,F,,,0,,WE,2/20/17,2/20/17,6:57:04 PM,GBI-054,,MIGO_GR,,0,,,,,,,12:00:00 AM,,,,,,,,,,,0,,,,,
375,5000000834,2017,1,1,0,0,0,101,,BLUEPAINT,SD00,RM00,,,,,,125132,,,0,0,,S,USD,990.00,0,990.00,,0,,949,L,949,L,949,L,4500000442,10,,,0,,,0,X,,,,,,NA00,,,,,,,,,,,,2017,,,US00,,0,,0,0,0,,0,2,,,,,,,,,B,,,,0,,,,,0,0,0,,,,,0,,0,0,0,,,,,0,,,,0,0,0,,,,99,L,,125132,0,0,,0,,0,0,,,,,BLUEPAINT,,ME01,WE01,X,X,"1,295","12,950.00",S,,,0,,,0,,,,1,0,,,,,,,,,0,,,,,,,,,F,,,0,,WE,2/20/17,2/20/17,6:57:04 PM,GBI-053,,MIGO_GR,,0,,,,,,,12:00:00 AM,,,,,,,,,,,0,,,,,
375,5000000835,2017,1,1,0,0,0,101,,BLUEPAINT,SD00,RM00,,,,,,125133,,,0,0,,S,USD,990.00,0,990.00,,0,,886,L,886,L,886,L,4500000439,10,,,0,,,0,X,,,,,,NA00,,,,,,,,,,,,2017,,,US00,,0,,0,0,0,,0,2,,,,,,,,,B,,,,0,,,,,0,0,0,,,,,0,,0,0,0,,,,,0,,,,0,0,0,,,,99,L,,125133,0,0,,0,,0,0,,,,,BLUEPAINT,,ME01,WE01,X,X,"1,394","13,940.00",S,,,0,,,0,,,,1,0,,,,,,,,,0,,,,,,,,,F,,,0,,WE,2/20/17,2/20/17,6:57:07 PM,GBI-044,,MIGO_GR,,0,,,,,,,12:00:00 AM,,,,,,,,,,,0,,,,,
375,5000000836,2017,1,1,0,0,0,101,,BLUEPAINT,SD00,RM00,,,,,,125136,,,0,0,,S,USD,980.00,0,980.00,,0,,726,L,726,L,726,L,4500000431,10,,,0,,,0,X,,,,,,NA00,,,,,,,,,,,,2017,,,US00,,0,,0,0,0,,0,2,,,,,,,,,B,,,,0,,,,,0,0,0,,,,,0,,0,0,0,,,,,0,,,,0,0,0,,,,98,L,,125136,0,0,,0,,0,0,,,,,BLUEPAINT,,ME01,WE01,X,X,"1,493","14,930.00",S,,,0,,,0,,,,1,0,,,,,,,,,0,,,,,,,,,F,,,0,,WE,2/20/17,2/20/17,6:57:34 PM,GBI-009,,MIGO_GR,,0,,,,,,,12:00:00 AM,,,,,,,,,,,0,,,,,
375,5000000837,2017,1,1,0,0,0,101,,BLUEPAINT,SD00,RM00,,,,,,125132,,,0,0,,S,USD,960.00,0,960.00,,0,,203,L,203,L,203,L,4500000429,10,,,0,,,0,X,,,,,,NA00,,,,,,,,,,,,2017,,,US00,,0,,0,0,0,,0,2,,,,,,,,,B,,,,0,,,,,0,0,0,,,,,0,,0,0,0,,,,,0,,,,0,0,0,,,,96,L,,125132,0,0,,0,,0,0,,,,,BLUEPAINT,,ME01,WE01,X,X,"1,591","15,910.00",S,,,0,,,0,,,,1,0,,,,,,,,,0,,,,,,,,,F,,,0,,WE,2/20/17,2/20/17,6:57:51 PM,GBI-053,,MIGO_GR,,0,,,,,,,12:00:00 AM,,,,,,,,,,,0,,,,,
375,5000000838,2017,1,1,0,0,0,101,,BLUEPAINT,SD00,RM00,,,,,,125133,,,0,0,,S,USD,1020.00,0,1020.00,,0,,1027,L,1027,L,1027,L,4500000446,10,,,0,,,0,X,,,,,,NA00,,,,,,,,,,,,2017,,,US00,,0,,0,0,0,,0,2,,,,,,,,,B,,,,0,,,,,0,0,0,,,,,0,,0,0,0,,,,,0,,,,0,0,0,,,,102,L,,125133,0,0,,0,,0,0,,,,,BLUEPAINT,,ME01,WE01,X,X,"1,687","16,870.00",S,,,0,,,0,,,,1,0,,,,,,,,,0,,,,,,,,,F,,,0,,WE,2/20/17,2/20/17,6:58:25 PM,GBI-044,,MIGO_GR,,0,,,,,,,12:00:00 AM,,,,,,,,,,,0,,,,,
375,5000000839,2017,1,1,0,0,0,101,,BLUEPAINT,SD00,RM00,,,,,,125135,,,0,0,,S,USD,970.00,0,970.00,,0,,722,L,722,L,722,L,4500000441,10,,,0,,,0,X,,,,,,NA00,,,,,,,,,,,,2017,,,US00,,0,,0,0,0,,0,2,,,,,,,,,B,,,,0,,,,,0,0,0,,,,,0,,0,0,0,,,,,0,,,,0,0,0,,,,97,L,,125135,0,0,,0,,0,0,,,,,BLUEPAINT,,ME01,WE01,X,X,"1,789","17,890.00",S,,,0,,,0,,,,1,0,,,,,,,,,0,,,,,,,,,F,,,0,,WE,2/20/17,2/20/17,6:58:29 PM,GBI-054,,MIGO_GR,,0,,,,,,,12:00:00 AM,,,,,,,,,,,0,,,,,
375,5000000840,2017,1,1,0,0,0,101,,BLUEPAINT,SD00,RM00,,,,,,125135,,,0,0,,S,USD,990.00,0,990.00,,0,,834,L,834,L,834,L,4500000444,10,,,0,,,0,X,,,,,,NA00,,,,,,,,,,,,2017,,,US00,,0,,0,0,0,,0,2,,,,,,,,,B,,,,0,,,,,0,0,0,,,,,0,,0,0,0,,,,,0,,,,0,0,0,,,,99,L,,125135,0,0,,0,,0,0,,,,,BLUEPAINT,,ME01,WE01,X,X,"1,886","18,860.00",S,,,0,,,0,,,,1,0,,,,,,,,,0,,,,,,,,,F,,,0,,WE,2/20/17,2/20/17,6:59:25 PM,GBI-054,,MIGO_GR,,0,,,,,,,12:00:00 AM,,,,,,,,,,,0,,,,,
375,5000000841,2017,1,1,0,0,0,101,,BLUEPAINT,SD00,RM00,,,,,,125133,,,0,0,,S,USD,980.00,0,980.00,,0,,412,L,412,L,412,L,4500000447,10,,,0,,,0,X,,,,,,NA00,,,,,,,,,,,,2017,,,US00,,0,,0,0,0,,0,2,,,,,,,,,B,,,,0,,,,,0,0,0,,,,,0,,0,0,0,,,,,0,,,,0,0,0,,,,98,L,,125133,0,0,,0,,0,0,,,,,BLUEPAINT,,ME01,WE01,X,X,"1,985","19,850.00",S,,,0,,,0,,,,1,0,,,,,,,,,0,,,,,,,,,F,,,0,,WE,2/20/17,2/20/17,6:59:42 PM,GBI-044,,MIGO_GR,,0,,,,,,,12:00:00 AM,,,,,,,,,,,0,,,,,
375,5000000842,2017,1,1,0,0,0,101,,BLUEPAINT,SD00,RM00,,,,,,125105,,,0,0,,S,USD,62500.00,0,62500.00,,0,,130,L,130,L,130,L,4500000464,10,2017,1000000060,1,,,0,,,,,,,NA00,BI00,,NAIS1000,,,,,,,,,2017,,,US00,,0,,0,0,0,,0,2,,,,,,,,,B,V,,,0,,,,,0,0,0,,,,,0,,0,1,0,,,,,0,,,,0,0,0,,,770000,1,AU,,,0,0,,1,,0,0,,,,,,,ME02,WE06,,,0,0,,,,0,,,0,,,,1,0,,,,,,,,,0,,,,,,,,,F,,,0,,WE,2/20/17,2/20/17,7:37:42 PM,GBI-034,,ML81N,,0,,,,,,,12:00:00 AM,,,,,,,,,,,0,,,,,
375,5000000843,2017,1,1,0,0,0,101,,BLUEPAINT,SD00,RM00,,,,,,125107,,,0,0,,S,USD,111000.00,0,111000.00,,0,,804,L,804,L,804,L,4500000465,10,2017,1000000062,1,,,0,,,,,,,NA00,BI00,,NAIS1000,,,,,,,,,2017,,,US00,,0,,0,0,0,,0,2,,,,,,,,,B,V,,,0,,,,,0,0,0,,,,,0,,0,1,0,,,,,0,,,,0,0,0,,,770000,1,AU,,,0,0,,1,,0,0,,,,,,,ME02,WE06,,,0,0,,,,0,,,0,,,,1,0,,,,,,,,,0,,,,,,,,,F,,,0,,WE,2/20/17,2/20/17,7:54:29 PM,GBI-049,,ML81N,,0,,,,,,,12:00:00 AM,,,,,,,,,,,0,,,,,
375,5000000844,2017,1,1,0,0,0,101,,BLUEPAINT,SD00,RM00,,,,,,125107,,,0,0,,S,USD,74750.00,0,74750.00,,0,,756,L,756,L,756,L,4500000466,10,2017,1000000061,1,,,0,,,,,,,NA00,BI00,,NAIS1000,,,,,,,,,2017,,,US00,,0,,0,0,0,,0,2,,,,,,,,,B,V,,,0,,,,,0,0,0,,,,,0,,0,1,0,,,,,0,,,,0,0,0,,,770000,1,AU,,,0,0,,1,,0,0,,,,,,,ME02,WE06,,,0,0,,,,0,,,0,,,,1,0,,,,,,,,,0,,,,,,,,,F,,,0,,WE,2/20/17,2/20/17,7:55:08 PM,GBI-034,,ML81N,,0,,,,,,,12:00:00 AM,,,,,,,,,,,0,,,,,
375,5000000845,2017,1,1,0,0,0,101,,BLUEPAINT,SD00,RM00,,,,,,125107,,,0,0,,S,USD,48000.00,0,48000.00,,0,,714,L,714,L,714,L,4500000468,10,2017,1000000063,1,,,0,,,,,,,NA00,BI00,,NAIS1000,,,,,,,,,2017,,,US00,,0,,0,0,0,,0,2,,,,,,,,,B,V,,,0,,,,,0,0,0,,,,,0,,0,1,0,,,,,0,,,,0,0,0,,,770000,1,AU,,,0,0,,1,,0,0,,,,,,,ME02,WE06,,,0,0,,,,0,,,0,,,,1,0,,,,,,,,,0,,,,,,,,,F,,,0,,WE,2/20/17,2/20/17,8:22:37 PM,GBI-049,,ML81N,,0,,,,,,,12:00:00 AM,,,,,,,,,,,0,,,,,
375,5000000846,2017,1,1,0,0,0,101,,BLUEPAINT,SD00,RM00,,,,,,125107,,,0,0,,S,USD,66000.00,0,66000.00,,0,,445,L,445,L,445,L,4500000475,10,2017,1000000064,1,,,0,,,,,,,NA00,BI00,,NAIS1000,,,,,,,,,2017,,,US00,,0,,0,0,0,,0,2,,,,,,,,,B,V,,,0,,,,,0,0,0,,,,,0,,0,1,0,,,,,0,,,,0,0,0,,,770000,1,AU,,,0,0,,1,,0,0,,,,,,,ME02,WE06,,,0,0,,,,0,,,0,,,,1,0,,,,,,,,,0,,,,,,,,,F,,,0,,WE,2/20/17,2/20/17,8:33:50 PM,GBI-049,,ML81N,,0,,,,,,,12:00:00 AM,,,,,,,,,,,0,,,,,
375,5000000847,2017,1,1,0,0,0,101,,BLUEPAINT,SD00,RM00,,,,,,125107,,,0,0,,S,USD,87750.00,0,87750.00,,0,,542,L,542,L,542,L,4500000482,10,2017,1000000065,1,,,0,,,,,,,NA00,BI00,,NAIS1000,,,,,,,,,2017,,,US00,,0,,0,0,0,,0,2,,,,,,,,,B,V,,,0,,,,,0,0,0,,,,,0,,0,1,0,,,,,0,,,,0,0,0,,,770000,1,AU,,,0,0,,1,,0,0,,,,,,,ME02,WE06,,,0,0,,,,0,,,0,,,,1,0,,,,,,,,,0,,,,,,,,,F,,,0,,WE,2/20/17,2/20/17,8:46:38 PM,GBI-049,,ML81N,,0,,,,,,,12:00:00 AM,,,,,,,,,,,0,,,,,
375,5000000848,2017,1,1,0,0,0,101,,AAA LUBE,SD00,RM00,,,,,,125021,,,0,0,,S,USD,75000.00,0,75000.00,,0,,21,DR,21,DR,21,DR,4500000484,10,,,0,,,0,X,,,,,,NA00,,,,,,,,,,,,2017,,,US00,,0,,0,0,0,,0,2,,,,,,,,,B,,,,0,,,,,0,0,0,,,,,0,,0,0,0,,,,,0,,,,0,0,0,,,,5,DR,,125021,0,0,,0,,0,0,,,,,AAA LUBE,,ME01,WE01,X,X,0,0,S,,,0,,,0,,,,1,0,,,,,,,,,0,,,,,,,,,F,,,0,,WE,2/20/17,2/20/17,10:42:51 PM,GBI-041,,MIGO_GR,,0,,,,,,,12:00:00 AM,,,,,,,,,,,0,,,,,
375,5000000849,2017,1,1,0,0,0,101,,AAA LUBE,SD00,RM00,,,,,,125021,,,0,0,,S,USD,45000.00,0,45000.00,,0,,9,DR,9,DR,9,DR,4500000483,10,,,0,,,0,X,,,,,,NA00,,,,,,,,,,,,2017,,,US00,,0,,0,0,0,,0,2,,,,,,,,,B,,,,0,,,,,0,0,0,,,,,0,,0,0,0,,,,,0,,,,0,0,0,,,,3,DR,,125021,0,0,,0,,0,0,,,,,AAA LUBE,,ME01,WE01,X,X,5,"75,000.00",S,,,0,,,0,,,,1,0,,,,,,,,,0,,,,,,,,,F,,,0,,WE,2/20/17,2/20/17,10:43:23 PM,GBI-047,,MIGO_GR,,0,,,,,,,12:00:00 AM,,,,,,,,,,,0,,,,,
375,5000000850,2017,1,1,0,0,0,101,,AAA LUBE,SD00,RM00,,,,,,125021,,,0,0,,S,USD,90000.00,0,90000.00,,0,,17,DR,17,DR,17,DR,4500000467,10,,,0,,,0,X,,,,,,NA00,,,,,,,,,,,,2017,,,US00,,0,,0,0,0,,0,2,,,,,,,,,B,,,,0,,,,,0,0,0,,,,,0,,0,0,0,,,,,0,,,,0,0,0,,,,6,DR,,125021,0,0,,0,,0,0,,,,,AAA LUBE,,ME01,WE01,X,X,8,"120,000.00",S,,,0,,,0,,,,1,0,,,,,,,,,0,,,,,,,,,2,,,0,,WE,2/20/17,2/20/17,10:43:25 PM,GBI-052,,MIGO_GR,,0,,,,,,,12:00:00 AM,,,,,,,,,,,0,,,,,
375,5000000851,2017,1,1,0,0,0,101,,AAA LUBE,SD00,RM00,,,,,,125021,,,0,0,,S,USD,90000.00,0,90000.00,,0,,24,DR,24,DR,24,DR,4500000485,10,,,0,,,0,X,,,,,,NA00,,,,,,,,,,,,2017,,,US00,,0,,0,0,0,,0,2,,,,,,,,,B,,,,0,,,,,0,0,0,,,,,0,,0,0,0,,,,,0,,,,0,0,0,,,,6,DR,,125021,0,0,,0,,0,0,,,,,AAA LUBE,,ME01,WE01,X,X,14,"210,000.00",S,,,0,,,0,,,,1,0,,,,,,,,,0,,,,,,,,,F,,,0,,WE,2/20/17,2/20/17,10:43:52 PM,GBI-047,,MIGO_GR,,0,,,,,,,12:00:00 AM,,,,,,,,,,,0,,,,,
375,5000000852,2017,1,1,0,0,0,101,,AAA LUBE,SD00,RM00,,,,,,125021,,,0,0,,S,USD,105000.00,0,105000.00,,0,,4,DR,4,DR,4,DR,4500000486,10,,,0,,,0,X,,,,,,NA00,,,,,,,,,,,,2017,,,US00,,0,,0,0,0,,0,2,,,,,,,,,B,,,,0,,,,,0,0,0,,,,,0,,0,0,0,,,,,0,,,,0,0,0,,,,7,DR,,125021,0,0,,0,,0,0,,,,,AAA LUBE,,ME01,WE01,X,X,20,"300,000.00",S,,,0,,,0,,,,1,0,,,,,,,,,0,,,,,,,,,F,,,0,,WE,2/20/17,2/20/17,10:44:29 PM,GBI-047,,MIGO_GR,,0,,,,,,,12:00:00 AM,,,,,,,,,,,0,,,,,
375,5000000853,2017,1,1,0,0,0,101,,AAA LUBE,SD00,RM00,,,,,,125021,,,0,0,,S,USD,30000.00,0,30000.00,,0,,20,DR,20,DR,20,DR,4500000487,10,,,0,,,0,X,,,,,,NA00,,,,,,,,,,,,2017,,,US00,,0,,0,0,0,,0,2,,,,,,,,,B,,,,0,,,,,0,0,0,,,,,0,,0,0,0,,,,,0,,,,0,0,0,,,,2,DR,,125021,0,0,,0,,0,0,,,,,AAA LUBE,,ME01,WE01,X,X,27,"405,000.00",S,,,0,,,0,,,,1,0,,,,,,,,,0,,,,,,,,,F,,,0,,WE,2/20/17,2/20/17,10:45:16 PM,GBI-047,,MIGO_GR,,0,,,,,,,12:00:00 AM,,,,,,,,,,,0,,,,,
375,5000000854,2017,1,1,0,0,0,101,,AAA LUBE,SD00,RM00,,,,,,125021,,,0,0,,S,USD,75000.00,0,75000.00,,0,,15,DR,15,DR,15,DR,4500000470,10,,,0,,,0,X,,,,,,NA00,,,,,,,,,,,,2017,,,US00,,0,,0,0,0,,0,2,,,,,,,,,B,,,,0,,,,,0,0,0,,,,,0,,0,0,0,,,,,0,,,,0,0,0,,,,5,DR,,125021,0,0,,0,,0,0,,,,,AAA LUBE,,ME01,WE01,X,X,29,"435,000.00",S,,,0,,,0,,,,1,0,,,,,,,,,0,,,,,,,,,2,,,0,,WE,2/20/17,2/20/17,10:45:26 PM,GBI-052,,MIGO_GR,,0,,,,,,,12:00:00 AM,,,,,,,,,,,0,,,,,
375,5000000855,2017,1,1,0,0,0,101,,AAA LUBE,SD00,RM00,,,,,,125021,,,0,0,,S,USD,15000.00,0,15000.00,,0,,7,DR,7,DR,7,DR,4500000488,10,,,0,,,0,X,,,,,,NA00,,,,,,,,,,,,2017,,,US00,,0,,0,0,0,,0,2,,,,,,,,,B,,,,0,,,,,0,0,0,,,,,0,,0,0,0,,,,,0,,,,0,0,0,,,,1,DR,,125021,0,0,,0,,0,0,,,,,AAA LUBE,,ME01,WE01,X,X,34,"510,000.00",S,,,0,,,0,,,,1,0,,,,,,,,,0,,,,,,,,,F,,,0,,WE,2/20/17,2/20/17,10:46:06 PM,GBI-047,,MIGO_GR,,0,,,,,,,12:00:00 AM,,,,,,,,,,,0,,,,,
375,5000000856,2017,1,1,0,0,0,101,,AAA LUBE,SD00,RM00,,,,,,125021,,,0,0,,S,USD,120000.00,0,120000.00,,0,,8,DR,8,DR,8,DR,4500000473,10,,,0,,,0,X,,,,,,NA00,,,,,,,,,,,,2017,,,US00,,0,,0,0,0,,0,2,,,,,,,,,B,,,,0,,,,,0,0,0,,,,,0,,0,0,0,,,,,0,,,,0,0,0,,,,8,DR,,125021,0,0,,0,,0,0,,,,,AAA LUBE,,ME01,WE01,X,X,35,"525,000.00",S,,,0,,,0,,,,1,0,,,,,,,,,0,,,,,,,,,2,,,0,,WE,2/20/17,2/20/17,10:46:19 PM,GBI-052,,MIGO_GR,,0,,,,,,,12:00:00 AM,,,,,,,,,,,0,,,,,
375,5000000857,2017,1,1,0,0,0,101,,AAA LUBE,SD00,RM00,,,,,,125021,,,0,0,,S,USD,90000.00,0,90000.00,,0,,16,DR,16,DR,16,DR,4500000469,10,,,0,,,0,X,,,,,,NA00,,,,,,,,,,,,2017,,,US00,,0,,0,0,0,,0,2,,,,,,,,,B,,,,0,,,,,0,0,0,,,,,0,,0,0,0,,,,,0,,,,0,0,0,,,,6,DR,,125021,0,0,,0,,0,0,,,,,AAA LUBE,,ME01,WE01,X,X,43,"645,000.00",S,,,0,,,0,,,,1,0,,,,,,,,,0,,,,,,,,,F,,,0,,WE,2/20/17,2/20/17,10:46:48 PM,GBI-056,,MIGO_GR,,0,,,,,,,12:00:00 AM,,,,,,,,,,,0,,,,,
375,5000000858,2017,1,1,0,0,0,101,,AAA LUBE,SD00,RM00,,,,,,125021,,,0,0,,S,USD,45000.00,0,45000.00,,0,,10,DR,10,DR,10,DR,4500000476,10,,,0,,,0,X,,,,,,NA00,,,,,,,,,,,,2017,,,US00,,0,,0,0,0,,0,2,,,,,,,,,B,,,,0,,,,,0,0,0,,,,,0,,0,0,0,,,,,0,,,,0,0,0,,,,3,DR,,125021,0,0,,0,,0,0,,,,,AAA LUBE,,ME01,WE01,X,X,49,"735,000.00",S,,,0,,,0,,,,1,0,,,,,,,,,0,,,,,,,,,2,,,0,,WE,2/20/17,2/20/17,10:46:52 PM,GBI-052,,MIGO_GR,,0,,,,,,,12:00:00 AM,,,,,,,,,,,0,,,,,
375,5000000859,2017,1,1,0,0,0,101,,AAA LUBE,SD00,RM00,,,,,,125021,,,0,0,,S,USD,75000.00,0,75000.00,,0,,19,DR,19,DR,19,DR,4500000479,10,,,0,,,0,X,,,,,,NA00,,,,,,,,,,,,2017,,,US00,,0,,0,0,0,,0,2,,,,,,,,,B,,,,0,,,,,0,0,0,,,,,0,,0,0,0,,,,,0,,,,0,0,0,,,,5,DR,,125021,0,0,,0,,0,0,,,,,AAA LUBE,,ME01,WE01,X,X,52,"780,000.00",S,,,0,,,0,,,,1,0,,,,,,,,,0,,,,,,,,,2,,,0,,WE,2/20/17,2/20/17,10:47:28 PM,GBI-052,,MIGO_GR,,0,,,,,,,12:00:00 AM,,,,,,,,,,,0,,,,,
375,5000000860,2017,1,1,0,0,0,101,,AAA LUBE,SD00,RM00,,,,,,125021,,,0,0,,S,USD,135000.00,0,135000.00,,0,,16,DR,16,DR,16,DR,4500000471,10,,,0,,,0,X,,,,,,NA00,,,,,,,,,,,,2017,,,US00,,0,,0,0,0,,0,2,,,,,,,,,B,,,,0,,,,,0,0,0,,,,,0,,0,0,0,,,,,0,,,,0,0,0,,,,9,DR,,125021,0,0,,0,,0,0,,,,,AAA LUBE,,ME01,WE01,X,X,57,"855,000.00",S,,,0,,,0,,,,1,0,,,,,,,,,0,,,,,,,,,F,,,0,,WE,2/20/17,2/20/17,10:47:58 PM,GBI-056,,MIGO_GR,,0,,,,,,,12:00:00 AM,,,,,,,,,,,0,,,,,
375,5000000861,2017,1,1,0,0,0,101,,AAA LUBE,SD00,RM00,,,,,,125021,,,0,0,,S,USD,75000.00,0,75000.00,,0,,6,DR,6,DR,6,DR,4500000418,10,,,0,,,0,X,,,,,,NA00,,,,,,,,,,,,2017,,,US00,,0,,0,0,0,,0,2,,,,,,,,,B,,,,0,,,,,0,0,0,,,,,0,,0,0,0,,,,,0,,,,0,0,0,,,,5,DR,,125021,0,0,,0,,0,0,,,,,AAA LUBE,,ME01,WE01,X,X,66,"990,000.00",S,,,0,,,0,,,,1,0,,,,,,,,,0,,,,,,,,,F,,,0,,WE,2/20/17,2/20/17,10:47:59 PM,GBI-047,,MIGO_GR,,0,,,,,,,12:00:00 AM,,,,,,,,,,,0,,,,,
375,5000000862,2017,1,1,0,0,0,101,,AAA LUBE,SD00,RM00,,,,,,125021,,,0,0,,S,USD,60000.00,0,60000.00,,0,,9,DR,9,DR,9,DR,4500000422,10,,,0,,,0,X,,,,,,NA00,,,,,,,,,,,,2017,,,US00,,0,,0,0,0,,0,2,,,,,,,,,B,,,,0,,,,,0,0,0,,,,,0,,0,0,0,,,,,0,,,,0,0,0,,,,4,DR,,125021,0,0,,0,,0,0,,,,,AAA LUBE,,ME01,WE01,X,X,71,"1,065,000.00",S,,,0,,,0,,,,1,0,,,,,,,,,0,,,,,,,,,F,,,0,,WE,2/20/17,2/20/17,10:47:59 PM,GBI-052,,MIGO_GR,,0,,,,,,,12:00:00 AM,,,,,,,,,,,0,,,,,
375,5000000863,2017,1,1,0,0,0,101,,AAA LUBE,SD00,RM00,,,,,,125021,,,0,0,,S,USD,75000.00,0,75000.00,,0,,21,DR,21,DR,21,DR,4500000421,10,,,0,,,0,X,,,,,,NA00,,,,,,,,,,,,2017,,,US00,,0,,0,0,0,,0,2,,,,,,,,,B,,,,0,,,,,0,0,0,,,,,0,,0,0,0,,,,,0,,,,0,0,0,,,,5,DR,,125021,0,0,,0,,0,0,,,,,AAA LUBE,,ME01,WE01,X,X,75,"1,125,000.00",S,,,0,,,0,,,,1,0,,,,,,,,,0,,,,,,,,,F,,,0,,WE,2/20/17,2/20/17,10:48:26 PM,GBI-052,,MIGO_GR,,0,,,,,,,12:00:00 AM,,,,,,,,,,,0,,,,,
375,5000000864,2017,1,1,0,0,0,101,,AAA LUBE,SD00,RM00,,,,,,125021,,,0,0,,S,USD,30000.00,0,30000.00,,0,,25,DR,25,DR,25,DR,4500000472,10,,,0,,,0,X,,,,,,NA00,,,,,,,,,,,,2017,,,US00,,0,,0,0,0,,0,2,,,,,,,,,B,,,,0,,,,,0,0,0,,,,,0,,0,0,0,,,,,0,,,,0,0,0,,,,2,DR,,125021,0,0,,0,,0,0,,,,,AAA LUBE,,ME01,WE01,X,X,80,"1,200,000.00",S,,,0,,,0,,,,1,0,,,,,,,,,0,,,,,,,,,F,,,0,,WE,2/20/17,2/20/17,10:48:46 PM,GBI-056,,MIGO_GR,,0,,,,,,,12:00:00 AM,,,,,,,,,,,0,,,,,
375,5000000865,2017,1,1,0,0,0,101,,AAA LUBE,SD00,RM00,,,,,,125021,,,0,0,,S,USD,75000.00,0,75000.00,,0,,17,DR,17,DR,17,DR,4500000419,10,,,0,,,0,X,,,,,,NA00,,,,,,,,,,,,2017,,,US00,,0,,0,0,0,,0,2,,,,,,,,,B,,,,0,,,,,0,0,0,,,,,0,,0,0,0,,,,,0,,,,0,0,0,,,,5,DR,,125021,0,0,,0,,0,0,,,,,AAA LUBE,,ME01,WE01,X,X,82,"1,230,000.00",S,,,0,,,0,,,,1,0,,,,,,,,,0,,,,,,,,,F,,,0,,WE,2/20/17,2/20/17,10:48:56 PM,GBI-047,,MIGO_GR,,0,,,,,,,12:00:00 AM,,,,,,,,,,,0,,,,,
375,5000000866,2017,1,1,0,0,0,101,,AAA LUBE,SD00,RM00,,,,,,125021,,,0,0,,S,USD,75000.00,0,75000.00,,0,,23,DR,23,DR,23,DR,4500000420,10,,,0,,,0,X,,,,,,NA00,,,,,,,,,,,,2017,,,US00,,0,,0,0,0,,0,2,,,,,,,,,B,,,,0,,,,,0,0,0,,,,,0,,0,0,0,,,,,0,,,,0,0,0,,,,5,DR,,125021,0,0,,0,,0,0,,,,,AAA LUBE,,ME01,WE01,X,X,87,"1,305,000.00",S,,,0,,,0,,,,1,0,,,,,,,,,0,,,,,,,,,F,,,0,,WE,2/20/17,2/20/17,10:49:05 PM,GBI-052,,MIGO_GR,,0,,,,,,,12:00:00 AM,,,,,,,,,,,0,,,,,
375,5000000867,2017,1,1,0,0,0,101,,AAA LUBE,SD00,RM00,,,,,,125021,,,0,0,,S,USD,90000.00,0,90000.00,,0,,15,DR,15,DR,15,DR,4500000489,10,,,0,,,0,X,,,,,,NA00,,,,,,,,,,,,2017,,,US00,,0,,0,0,0,,0,2,,,,,,,,,B,,,,0,,,,,0,0,0,,,,,0,,0,0,0,,,,,0,,,,0,0,0,,,,6,DR,,125021,0,0,,0,,0,0,,,,,AAA LUBE,,ME01,WE01,X,X,92,"1,380,000.00",S,,,0,,,0,,,,1,0,,,,,,,,,0,,,,,,,,,F,,,0,,WE,2/20/17,2/20/17,10:49:58 PM,GBI-041,,MIGO_GR,,0,,,,,,,12:00:00 AM,,,,,,,,,,,0,,,,,
375,5000000868,2017,1,1,0,0,0,101,,AAA LUBE,SD00,RM00,,,,,,125021,,,0,0,,S,USD,45000.00,0,45000.00,,0,,17,DR,17,DR,17,DR,4500000474,10,,,0,,,0,X,,,,,,NA00,,,,,,,,,,,,2017,,,US00,,0,,0,0,0,,0,2,,,,,,,,,B,,,,0,,,,,0,0,0,,,,,0,,0,0,0,,,,,0,,,,0,0,0,,,,3,DR,,125021,0,0,,0,,0,0,,,,,AAA LUBE,,ME01,WE01,X,X,98,"1,470,000.00",S,,,0,,,0,,,,1,0,,,,,,,,,0,,,,,,,,,F,,,0,,WE,2/20/17,2/20/17,10:50:21 PM,GBI-056,,MIGO_GR,,0,,,,,,,12:00:00 AM,,,,,,,,,,,0,,,,,
375,5000000869,2017,1,1,0,0,0,101,,AAA LUBE,SD00,RM00,,,,,,125021,,,0,0,,S,USD,75000.00,0,75000.00,,0,,23,DR,23,DR,23,DR,4500000490,10,,,0,,,0,X,,,,,,NA00,,,,,,,,,,,,2017,,,US00,,0,,0,0,0,,0,2,,,,,,,,,B,,,,0,,,,,0,0,0,,,,,0,,0,0,0,,,,,0,,,,0,0,0,,,,5,DR,,125021,0,0,,0,,0,0,,,,,AAA LUBE,,ME01,WE01,X,X,101,"1,515,000.00",S,,,0,,,0,,,,1,0,,,,,,,,,0,,,,,,,,,F,,,0,,WE,2/20/17,2/20/17,10:51:01 PM,GBI-041,,MIGO_GR,,0,,,,,,,12:00:00 AM,,,,,,,,,,,0,,,,,
375,5000000870,2017,1,1,0,0,0,101,,AAA LUBE,SD00,RM00,,,,,,125021,,,0,0,,S,USD,75000.00,0,75000.00,,0,,17,DR,17,DR,17,DR,4500000477,10,,,0,,,0,X,,,,,,NA00,,,,,,,,,,,,2017,,,US00,,0,,0,0,0,,0,2,,,,,,,,,B,,,,0,,,,,0,0,0,,,,,0,,0,0,0,,,,,0,,,,0,0,0,,,,5,DR,,125021,0,0,,0,,0,0,,,,,AAA LUBE,,ME01,WE01,X,X,106,"1,590,000.00",S,,,0,,,0,,,,1,0,,,,,,,,,0,,,,,,,,,F,,,0,,WE,2/20/17,2/20/17,10:51:20 PM,GBI-056,,MIGO_GR,,0,,,,,,,12:00:00 AM,,,,,,,,,,,0,,,,,
375,5000000871,2017,1,1,0,0,0,101,,AAA LUBE,SD00,RM00,,,,,,125021,,,0,0,,S,USD,90000.00,0,90000.00,,0,,8,DR,8,DR,8,DR,4500000491,10,,,0,,,0,X,,,,,,NA00,,,,,,,,,,,,2017,,,US00,,0,,0,0,0,,0,2,,,,,,,,,B,,,,0,,,,,0,0,0,,,,,0,,0,0,0,,,,,0,,,,0,0,0,,,,6,DR,,125021,0,0,,0,,0,0,,,,,AAA LUBE,,ME01,WE01,X,X,111,"1,665,000.00",S,,,0,,,0,,,,1,0,,,,,,,,,0,,,,,,,,,F,,,0,,WE,2/20/17,2/20/17,10:53:08 PM,GBI-041,,MIGO_GR,,0,,,,,,,12:00:00 AM,,,,,,,,,,,0,,,,,
375,5000000872,2017,1,1,0,0,0,101,,AAA LUBE,SD00,RM00,,,,,,125021,,,0,0,,S,USD,75000.00,0,75000.00,,0,,16,DR,16,DR,16,DR,4500000492,10,,,0,,,0,X,,,,,,NA00,,,,,,,,,,,,2017,,,US00,,0,,0,0,0,,0,2,,,,,,,,,B,,,,0,,,,,0,0,0,,,,,0,,0,0,0,,,,,0,,,,0,0,0,,,,5,DR,,125021,0,0,,0,,0,0,,,,,AAA LUBE,,ME01,WE01,X,X,117,"1,755,000.00",S,,,0,,,0,,,,1,0,,,,,,,,,0,,,,,,,,,F,,,0,,WE,2/20/17,2/20/17,10:55:39 PM,GBI-041,,MIGO_GR,,0,,,,,,,12:00:00 AM,,,,,,,,,,,0,,,,,
375,5000000873,2017,1,1,0,0,0,101,,BLUEPAINT,SD00,RM00,,,,,,125131,,,0,0,,S,USD,1020.00,0,1020.00,,0,,416,L,416,L,416,L,4500000432,10,,,0,,,0,X,,,,,,NA00,,,,,,,,,,,,2017,,,US00,,0,,0,0,0,,0,2,,,,,,,,,B,,,,0,,,,,0,0,0,,,,,0,,0,0,0,,,,,0,,,,0,0,0,,,,102,L,,125131,0,0,,0,,0,0,,,,,BLUEPAINT,,ME01,WE01,X,X,"2,083","20,830.00",S,,,0,,,0,,,,1,0,,,,,,,,,0,,,,,,,,,F,,,0,,WE,2/20/17,2/20/17,11:00:10 PM,GBI-045,,MIGO_GR,,0,,,,,,,12:00:00 AM,,,,,,,,,,,0,,,,,
375,5000000874,2017,1,1,0,0,0,101,,BLUEPAINT,SD00,RM00,,,,,,125131,,,0,0,,S,USD,1030.00,0,1030.00,,0,,23,L,23,L,23,L,4500000436,10,,,0,,,0,X,,,,,,NA00,,,,,,,,,,,,2017,,,US00,,0,,0,0,0,,0,2,,,,,,,,,B,,,,0,,,,,0,0,0,,,,,0,,0,0,0,,,,,0,,,,0,0,0,,,,103,L,,125131,0,0,,0,,0,0,,,,,BLUEPAINT,,ME01,WE01,X,X,"2,185","21,850.00",S,,,0,,,0,,,,1,0,,,,,,,,,0,,,,,,,,,F,,,0,,WE,2/20/17,2/20/17,11:01:29 PM,GBI-045,,MIGO_GR,,0,,,,,,,12:00:00 AM,,,,,,,,,,,0,,,,,
375,5000000875,2017,1,1,0,0,0,101,,BLUEPAINT,SD00,RM00,,,,,,125131,,,0,0,,S,USD,970.00,0,970.00,,0,,41,L,41,L,41,L,4500000440,10,,,0,,,0,X,,,,,,NA00,,,,,,,,,,,,2017,,,US00,,0,,0,0,0,,0,2,,,,,,,,,B,,,,0,,,,,0,0,0,,,,,0,,0,0,0,,,,,0,,,,0,0,0,,,,97,L,,125131,0,0,,0,,0,0,,,,,BLUEPAINT,,ME01,WE01,X,X,"2,288","22,880.00",S,,,0,,,0,,,,1,0,,,,,,,,,0,,,,,,,,,F,,,0,,WE,2/20/17,2/20/17,11:02:22 PM,GBI-045,,MIGO_GR,,0,,,,,,,12:00:00 AM,,,,,,,,,,,0,,,,,
375,5000000876,2017,1,1,0,0,0,101,,BLUEPAINT,SD00,RM00,,,,,,125131,,,0,0,,S,USD,1000.00,0,1000.00,,0,,413,L,413,L,413,L,4500000443,10,,,0,,,0,X,,,,,,NA00,,,,,,,,,,,,2017,,,US00,,0,,0,0,0,,0,2,,,,,,,,,B,,,,0,,,,,0,0,0,,,,,0,,0,0,0,,,,,0,,,,0,0,0,,,,100,L,,125131,0,0,,0,,0,0,,,,,BLUEPAINT,,ME01,WE01,X,X,"2,385","23,850.00",S,,,0,,,0,,,,1,0,,,,,,,,,0,,,,,,,,,F,,,0,,WE,2/20/17,2/20/17,11:03:06 PM,GBI-045,,MIGO_GR,,0,,,,,,,12:00:00 AM,,,,,,,,,,,0,,,,,
375,5000000877,2017,1,1,0,0,0,101,,BLUEPAINT,SD00,RM00,,,,,,125133,,,0,0,,S,USD,1010.00,0,1010.00,,0,,744,L,744,L,744,L,4500000493,10,,,0,,,0,X,,,,,,NA00,,,,,,,,,,,,2017,,,US00,,0,,0,0,0,,0,2,,,,,,,,,B,,,,0,,,,,0,0,0,,,,,0,,0,0,0,,,,,0,,,,0,0,0,,,,101,L,,125133,0,0,,0,,0,0,,,,,BLUEPAINT,,ME01,WE01,X,X,"2,485","24,850.00",S,,,0,,,0,,,,1,0,,,,,,,,,0,,,,,,,,,F,,,0,,WE,2/21/17,2/21/17,10:33:19 AM,GBI-044,,MIGO_GR,,0,,,,,,,12:00:00 AM,,,,,,,,,,,0,,,,,
375,5000000878,2017,1,1,0,0,0,101,,BLUEPAINT,SD00,RM00,,,,,,125133,,,0,0,,S,USD,1000.00,0,1000.00,,0,,954,L,954,L,954,L,4500000494,10,,,0,,,0,X,,,,,,NA00,,,,,,,,,,,,2017,,,US00,,0,,0,0,0,,0,2,,,,,,,,,B,,,,0,,,,,0,0,0,,,,,0,,0,0,0,,,,,0,,,,0,0,0,,,,100,L,,125133,0,0,,0,,0,0,,,,,BLUEPAINT,,ME01,WE01,X,X,"2,586","25,860.00",S,,,0,,,0,,,,1,0,,,,,,,,,0,,,,,,,,,F,,,0,,WE,2/21/17,2/21/17,10:34:10 AM,GBI-044,,MIGO_GR,,0,,,,,,,12:00:00 AM,,,,,,,,,,,0,,,,,
375,5000000879,2017,1,1,0,0,0,101,,BLUEPAINT,SD00,RM00,,,,,,125133,,,0,0,,S,USD,990.00,0,990.00,,0,,112,L,112,L,112,L,4500000495,10,,,0,,,0,X,,,,,,NA00,,,,,,,,,,,,2017,,,US00,,0,,0,0,0,,0,2,,,,,,,,,B,,,,0,,,,,0,0,0,,,,,0,,0,0,0,,,,,0,,,,0,0,0,,,,99,L,,125133,0,0,,0,,0,0,,,,,BLUEPAINT,,ME01,WE01,X,X,"2,686","26,860.00",S,,,0,,,0,,,,1,0,,,,,,,,,0,,,,,,,,,F,,,0,,WE,2/21/17,2/21/17,10:35:38 AM,GBI-044,,MIGO_GR,,0,,,,,,,12:00:00 AM,,,,,,,,,,,0,,,,,
375,5000000880,2017,1,1,0,0,0,101,,BLUEPAINT,SD00,RM00,,,,,,125133,,,0,0,,S,USD,1020.00,0,1020.00,,0,,336,L,336,L,336,L,4500000496,10,,,0,,,0,X,,,,,,NA00,,,,,,,,,,,,2017,,,US00,,0,,0,0,0,,0,2,,,,,,,,,B,,,,0,,,,,0,0,0,,,,,0,,0,0,0,,,,,0,,,,0,0,0,,,,102,L,,125133,0,0,,0,,0,0,,,,,BLUEPAINT,,ME01,WE01,X,X,"2,785","27,850.00",S,,,0,,,0,,,,1,0,,,,,,,,,0,,,,,,,,,F,,,0,,WE,2/21/17,2/21/17,10:36:15 AM,GBI-044,,MIGO_GR,,0,,,,,,,12:00:00 AM,,,,,,,,,,,0,,,,,
375,5000000881,2017,1,1,0,0,0,101,,BLUEPAINT,SD00,RM00,,,,,,125133,,,0,0,,S,USD,980.00,0,980.00,,0,,264,L,264,L,264,L,4500000497,10,,,0,,,0,X,,,,,,NA00,,,,,,,,,,,,2017,,,US00,,0,,0,0,0,,0,2,,,,,,,,,B,,,,0,,,,,0,0,0,,,,,0,,0,0,0,,,,,0,,,,0,0,0,,,,98,L,,125133,0,0,,0,,0,0,,,,,BLUEPAINT,,ME01,WE01,X,X,"2,887","28,870.00",S,,,0,,,0,,,,1,0,,,,,,,,,0,,,,,,,,,F,,,0,,WE,2/21/17,2/21/17,10:36:50 AM,GBI-044,,MIGO_GR,,0,,,,,,,12:00:00 AM,,,,,,,,,,,0,,,,,
375,5000000882,2017,1,1,0,0,0,101,,AAA LUBE,SD00,RM00,,,,,,125021,,,0,0,,S,USD,75000.00,0,75000.00,,0,,13,DR,13,DR,13,DR,4500000498,10,,,0,,,0,X,,,,,,NA00,,,,,,,,,,,,2017,,,US00,,0,,0,0,0,,0,2,,,,,,,,,B,,,,0,,,,,0,0,0,,,,,0,,0,0,0,,,,,0,,,,0,0,0,,,,5,DR,,125021,0,0,,0,,0,0,,,,,AAA LUBE,,ME01,WE01,X,X,122,"1,830,000.00",S,,,0,,,0,,,,1,0,,,,,,,,,0,,,,,,,,,F,,,0,,WE,2/21/17,2/21/17,3:30:07 PM,GBI-030,,MIGO_GR,,0,,,,,,,12:00:00 AM,,,,,,,,,,,0,,,,,
375,5000000883,2017,1,1,0,0,0,101,,AAA LUBE,SD00,RM00,,,,,,125021,,,0,0,,S,USD,60000.00,0,60000.00,,0,,4,DR,4,DR,4,DR,4500000499,10,,,0,,,0,X,,,,,,NA00,,,,,,,,,,,,2017,,,US00,,0,,0,0,0,,0,2,,,,,,,,,B,,,,0,,,,,0,0,0,,,,,0,,0,0,0,,,,,0,,,,0,0,0,,,,4,DR,,125021,0,0,,0,,0,0,,,,,AAA LUBE,,ME01,WE01,X,X,127,"1,905,000.00",S,,,0,,,0,,,,1,0,,,,,,,,,0,,,,,,,,,F,,,0,,WE,2/21/17,2/21/17,3:30:35 PM,GBI-030,,MIGO_GR,,0,,,,,,,12:00:00 AM,,,,,,,,,,,0,,,,,
375,5000000884,2017,1,1,0,0,0,101,,AAA LUBE,SD00,RM00,,,,,,125021,,,0,0,,S,USD,150000.00,0,150000.00,,0,,13,DR,13,DR,13,DR,4500000500,10,,,0,,,0,X,,,,,,NA00,,,,,,,,,,,,2017,,,US00,,0,,0,0,0,,0,2,,,,,,,,,B,,,,0,,,,,0,0,0,,,,,0,,0,0,0,,,,,0,,,,0,0,0,,,,10,DR,,125021,0,0,,0,,0,0,,,,,AAA LUBE,,ME01,WE01,X,X,131,"1,965,000.00",S,,,0,,,0,,,,1,0,,,,,,,,,0,,,,,,,,,2,,,0,,WE,2/21/17,2/21/17,3:31:05 PM,GBI-030,,MIGO_GR,,0,,,,,,,12:00:00 AM,,,,,,,,,,,0,,,,,
375,5000000885,2017,1,1,0,0,0,101,,AAA LUBE,SD00,RM00,,,,,,125021,,,0,0,,S,USD,75000.00,0,75000.00,,0,,13,DR,13,DR,13,DR,4500000501,10,,,0,,,0,X,,,,,,NA00,,,,,,,,,,,,2017,,,US00,,0,,0,0,0,,0,2,,,,,,,,,B,,,,0,,,,,0,0,0,,,,,0,,0,0,0,,,,,0,,,,0,0,0,,,,5,DR,,125021,0,0,,0,,0,0,,,,,AAA LUBE,,ME01,WE01,X,X,141,"2,115,000.00",S,,,0,,,0,,,,1,0,,,,,,,,,0,,,,,,,,,F,,,0,,WE,2/21/17,2/21/17,3:31:36 PM,GBI-030,,MIGO_GR,,0,,,,,,,12:00:00 AM,,,,,,,,,,,0,,,,,
375,5000000886,2017,1,1,0,0,0,101,,AAA LUBE,SD00,RM00,,,,,,125021,,,0,0,,S,USD,105000.00,0,105000.00,,0,,24,DR,24,DR,24,DR,4500000502,10,,,0,,,0,X,,,,,,NA00,,,,,,,,,,,,2017,,,US00,,0,,0,0,0,,0,2,,,,,,,,,B,,,,0,,,,,0,0,0,,,,,0,,0,0,0,,,,,0,,,,0,0,0,,,,7,DR,,125021,0,0,,0,,0,0,,,,,AAA LUBE,,ME01,WE01,X,X,146,"2,190,000.00",S,,,0,,,0,,,,1,0,,,,,,,,,0,,,,,,,,,F,,,0,,WE,2/21/17,2/21/17,3:31:59 PM,GBI-030,,MIGO_GR,,0,,,,,,,12:00:00 AM,,,,,,,,,,,0,,,,,
375,5000000887,2017,1,1,0,0,0,101,,BLUEPAINT,SD00,RM00,,,,,,125134,,,0,0,,S,USD,950.00,0,950.00,,0,,154,L,154,L,154,L,4500000508,10,,,0,,,0,X,,,,,,NA00,,,,,,,,,,,,2017,,,US00,,0,,0,0,0,,0,2,,,,,,,,,B,,,,0,,,,,0,0,0,,,,,0,,0,0,0,,,,,0,,,,0,0,0,,,,95,L,,125134,0,0,,0,,0,0,,,,,BLUEPAINT,,ME01,WE01,X,X,"2,985","29,850.00",S,,,0,,,0,,,,1,0,,,,,,,,,0,,,,,,,,,F,,,0,,WE,2/21/17,2/21/17,7:14:40 PM,GBI-063,,MIGO_GR,,0,,,,,,,12:00:00 AM,,,,,,,,,,,0,,,,,
375,5000000888,2017,1,1,0,0,0,101,,BLUEPAINT,SD00,RM00,,,,,,125134,,,0,0,,S,USD,1020.00,0,1020.00,,0,,644,L,644,L,644,L,4500000509,10,,,0,,,0,X,,,,,,NA00,,,,,,,,,,,,2017,,,US00,,0,,0,0,0,,0,2,,,,,,,,,B,,,,0,,,,,0,0,0,,,,,0,,0,0,0,,,,,0,,,,0,0,0,,,,102,L,,125134,0,0,,0,,0,0,,,,,BLUEPAINT,,ME01,WE01,X,X,"3,080","30,800.00",S,,,0,,,0,,,,1,0,,,,,,,,,0,,,,,,,,,F,,,0,,WE,2/21/17,2/21/17,7:16:06 PM,GBI-063,,MIGO_GR,,0,,,,,,,12:00:00 AM,,,,,,,,,,,0,,,,,
375,5000000889,2017,1,1,0,0,0,101,,BLUEPAINT,SD00,RM00,,,,,,125134,,,0,0,,S,USD,980.00,0,980.00,,0,,937,L,937,L,937,L,4500000510,10,,,0,,,0,X,,,,,,NA00,,,,,,,,,,,,2017,,,US00,,0,,0,0,0,,0,2,,,,,,,,,B,,,,0,,,,,0,0,0,,,,,0,,0,0,0,,,,,0,,,,0,0,0,,,,98,L,,125134,0,0,,0,,0,0,,,,,BLUEPAINT,,ME01,WE01,X,X,"3,182","31,820.00",S,,,0,,,0,,,,1,0,,,,,,,,,0,,,,,,,,,F,,,0,,WE,2/21/17,2/21/17,7:16:48 PM,GBI-063,,MIGO_GR,,0,,,,,,,12:00:00 AM,,,,,,,,,,,0,,,,,
375,5000000890,2017,1,1,0,0,0,101,,BLUEPAINT,SD00,RM00,,,,,,125134,,,0,0,,S,USD,1010.00,0,1010.00,,0,,726,L,726,L,726,L,4500000511,10,,,0,,,0,X,,,,,,NA00,,,,,,,,,,,,2017,,,US00,,0,,0,0,0,,0,2,,,,,,,,,B,,,,0,,,,,0,0,0,,,,,0,,0,0,0,,,,,0,,,,0,0,0,,,,101,L,,125134,0,0,,0,,0,0,,,,,BLUEPAINT,,ME01,WE01,X,X,"3,280","32,800.00",S,,,0,,,0,,,,1,0,,,,,,,,,0,,,,,,,,,F,,,0,,WE,2/21/17,2/21/17,7:17:20 PM,GBI-063,,MIGO_GR,,0,,,,,,,12:00:00 AM,,,,,,,,,,,0,,,,,
375,5000000891,2017,1,1,0,0,0,101,,BLUEPAINT,SD00,RM00,,,,,,125134,,,0,0,,S,USD,1040.00,0,1040.00,,0,,68,L,68,L,68,L,4500000512,10,,,0,,,0,X,,,,,,NA00,,,,,,,,,,,,2017,,,US00,,0,,0,0,0,,0,2,,,,,,,,,B,,,,0,,,,,0,0,0,,,,,0,,0,0,0,,,,,0,,,,0,0,0,,,,104,L,,125134,0,0,,0,,0,0,,,,,BLUEPAINT,,ME01,WE01,X,X,"3,381","33,810.00",S,,,0,,,0,,,,1,0,,,,,,,,,0,,,,,,,,,F,,,0,,WE,2/21/17,2/21/17,7:17:49 PM,GBI-063,,MIGO_GR,,0,,,,,,,12:00:00 AM,,,,,,,,,,,0,,,,,
375,5000000892,2017,1,1,0,0,0,101,,BLUEPAINT,SD00,RM00,,,,,,125108,,,0,0,,S,USD,40000.00,0,40000.00,,0,,37,L,37,AU,37,L,4500000459,10,2017,1000000053,1,,,0,,,,,,,NA00,BI00,,NAIS1000,,,,,,,,,2017,,,US00,,0,,0,0,0,,0,2,,,,,,,,,B,V,,,0,,,,,0,0,0,,,,,0,,0,1,0,,,,,0,,,,0,0,0,,,770000,1,AU,,,0,0,,1,,0,0,,,,,,,ME02,WE06,,,0,0,,,,0,,,0,,,,1,0,,,,,,,,,0,,,,,,,,,F,,,0,,WE,2/20/17,2/20/17,6:37:59 PM,GBI-034,,ML81N,,0,,,,,,,12:00:00 AM,,,,,,,,,,,0,,,,,
375,5000000893,2017,1,1,0,0,0,101,,BLUEPAINT,SD00,RM00,,,,,,125105,,,0,0,,S,USD,10000.00,0,10000.00,,0,,1,L,1,AU,1,L,4500000457,10,2017,1000000051,1,,,0,,,,,,,NA00,BI00,,NAIS1000,,,,,,,,,2017,,,US00,,0,,0,0,0,,0,2,,,,,,,,,B,V,,,0,,,,,0,0,0,,,,,0,,0,1,0,,,,,0,,,,0,0,0,,,770000,1,AU,,,0,0,,1,,0,0,,,,,,,ME02,WE06,,,0,0,,,,0,,,0,,,,1,0,,,,,,,,,0,,,,,,,,,F,,,0,,WE,2/20/17,2/20/17,6:43:06 PM,GBI-012,,ML81N,,0,,,,,,,12:00:00 AM,,,,,,,,,,,0,,,,,
375,5000000894,2017,1,1,0,0,0,101,,BLUEPAINT,SD00,RM00,,,,,,125106,,,0,0,,S,USD,56250.00,0,56250.00,,0,,768,L,768,AU,768,L,4500000460,10,2017,1000000055,1,,,0,,,,,,,NA00,BI00,,NAIS1000,,,,,,,,,2017,,,US00,,0,,0,0,0,,0,2,,,,,,,,,B,V,,,0,,,,,0,0,0,,,,,0,,0,1,0,,,,,0,,,,0,0,0,,,770000,1,AU,,,0,0,,1,,0,0,,,,,,,ME02,WE06,,,0,0,,,,0,,,0,,,,1,0,,,,,,,,,0,,,,,,,,,F,,,0,,WE,2/20/17,2/20/17,6:44:01 PM,GBI-008,,ML81N,,0,,,,,,,12:00:00 AM,,,,,,,,,,,0,,,,,
375,5000000895,2017,1,1,0,0,0,101,,BLUEPAINT,SD00,RM00,,,,,,125108,,,0,0,,S,USD,144000.00,0,144000.00,,0,,890,L,890,AU,890,L,4500000461,10,2017,1000000056,1,,,0,,,,,,,NA00,BI00,,NAIS1000,,,,,,,,,2017,,,US00,,0,,0,0,0,,0,2,,,,,,,,,B,V,,,0,,,,,0,0,0,,,,,0,,0,1,0,,,,,0,,,,0,0,0,,,770000,1,AU,,,0,0,,1,,0,0,,,,,,,ME02,WE06,,,0,0,,,,0,,,0,,,,1,0,,,,,,,,,0,,,,,,,,,F,,,0,,WE,2/20/17,2/20/17,6:44:58 PM,GBI-034,,ML81N,,0,,,,,,,12:00:00 AM,,,,,,,,,,,0,,,,,
375,5000000896,2017,1,1,0,0,0,101,,BLUEPAINT,SD00,RM00,,,,,,125106,,,0,0,,S,USD,60000.00,0,60000.00,,0,,245,L,245,AU,245,L,4500000462,10,2017,1000000058,1,,,0,,,,,,,NA00,BI00,,NAIS1000,,,,,,,,,2017,,,US00,,0,,0,0,0,,0,2,,,,,,,,,B,V,,,0,,,,,0,0,0,,,,,0,,0,1,0,,,,,0,,,,0,0,0,,,770000,1,AU,,,0,0,,1,,0,0,,,,,,,ME02,WE06,,,0,0,,,,0,,,0,,,,1,0,,,,,,,,,0,,,,,,,,,F,,,0,,WE,2/20/17,2/20/17,6:48:27 PM,GBI-008,,ML81N,,0,,,,,,,12:00:00 AM,,,,,,,,,,,0,,,,,
375,5000000897,2017,1,1,0,0,0,101,,BLUEPAINT,SD00,RM00,,,,,,125108,,,0,0,,S,USD,96000.00,0,96000.00,,0,,942,L,942,AU,942,L,4500000463,10,2017,1000000059,1,,,0,,,,,,,NA00,BI00,,NAIS1000,,,,,,,,,2017,,,US00,,0,,0,0,0,,0,2,,,,,,,,,B,V,,,0,,,,,0,0,0,,,,,0,,0,1,0,,,,,0,,,,0,0,0,,,770000,1,AU,,,0,0,,1,,0,0,,,,,,,ME02,WE06,,,0,0,,,,0,,,0,,,,1,0,,,,,,,,,0,,,,,,,,,F,,,0,,WE,2/20/17,2/20/17,6:52:03 PM,GBI-034,,ML81N,,0,,,,,,,12:00:00 AM,,,,,,,,,,,0,,,,,
375,5000000898,2017,1,3,0,0,0,101,,BLUEPAINT,SD00,RM00,,,,,,125136,,,0,0,,S,USD,1040.00,0,1040.00,,0,,447,L,447,L,447,L,4500000451,10,,,0,,,0,X,,,,,,NA00,,,,,,,,,,,,2017,,,US00,,0,,0,0,0,,0,2,,,,,,,,,B,,,,0,,,,,0,0,0,,,,,0,,0,0,0,,,,,0,,,,0,0,0,,,,104,L,,125136,0,0,,0,,0,0,,,,,BLUEPAINT,,ME01,WE01,X,X,395,"3,950.00",S,,,0,,,0,,,,1,0,,,,,,,,,0,,,,,,,,,F,,,0,,WE,2/20/17,2/20/17,6:54:04 PM,GBI-009,,MIGO_GR,,0,,,,,,,12:00:00 AM,,,,,,,,,,,0,,,,,
375,5000000899,2017,1,1,0,0,0,101,,BLUEPAINT,SD00,RM00,,,,,,125133,,,0,0,,S,USD,1010.00,0,1010.00,,0,,734,L,734,L,734,L,4500000430,10,,,0,,,0,X,,,,,,NA00,,,,,,,,,,,,2017,,,US00,,0,,0,0,0,,0,2,,,,,,,,,B,,,,0,,,,,0,0,0,,,,,0,,0,0,0,,,,,0,,,,0,0,0,,,,101,L,,125133,0,0,,0,,0,0,,,,,BLUEPAINT,,ME01,WE01,X,X,499,"4,990.00",S,,,0,,,0,,,,1,0,,,,,,,,,0,,,,,,,,,F,,,0,,WE,2/20/17,2/20/17,6:54:30 PM,GBI-044,,MIGO_GR,,0,,,,,,,12:00:00 AM,,,,,,,,,,,0,,,,,
375,5000000900,2017,1,1,0,0,0,101,,BLUEPAINT,SD00,RM00,,,,,,125136,,,0,0,,S,USD,980.00,0,980.00,,0,,1029,L,1029,L,1029,L,4500000450,10,,,0,,,0,X,,,,,,NA00,,,,,,,,,,,,2017,,,US00,,0,,0,0,0,,0,2,,,,,,,,,B,,,,0,,,,,0,0,0,,,,,0,,0,0,0,,,,,0,,,,0,0,0,,,,98,L,,125136,0,0,,0,,0,0,,,,,BLUEPAINT,,ME01,WE01,X,X,600,"6,000.00",S,,,0,,,0,,,,1,0,,,,,,,,,0,,,,,,,,,F,,,0,,WE,2/20/17,2/20/17,6:55:16 PM,GBI-009,,MIGO_GR,,0,,,,,,,12:00:00 AM,,,,,,,,,,,0,,,,,
375,5000000901,2017,1,1,0,0,0,101,,BLUEPAINT,SD00,RM00,,,,,,125132,,,0,0,,S,USD,980.00,0,980.00,,0,,99,L,99,L,99,L,4500000448,10,,,0,,,0,X,,,,,,NA00,,,,,,,,,,,,2017,,,US00,,0,,0,0,0,,0,2,,,,,,,,,B,,,,0,,,,,0,0,0,,,,,0,,0,0,0,,,,,0,,,,0,0,0,,,,98,L,,125132,0,0,,0,,0,0,,,,,BLUEPAINT,,ME01,WE01,X,X,698,"6,980.00",S,,,0,,,0,,,,1,0,,,,,,,,,0,,,,,,,,,F,,,0,,WE,2/20/17,2/20/17,6:55:46 PM,GBI-053,,MIGO_GR,,0,,,,,,,12:00:00 AM,,,,,,,,,,,0,,,,,
375,5000000902,2017,1,1,0,0,0,101,,BLUEPAINT,SD00,RM00,,,,,,125136,,,0,0,,S,USD,990.00,0,990.00,,0,,832,L,832,L,832,L,4500000449,10,,,0,,,0,X,,,,,,NA00,,,,,,,,,,,,2017,,,US00,,0,,0,0,0,,0,2,,,,,,,,,B,,,,0,,,,,0,0,0,,,,,0,,0,0,0,,,,,0,,,,0,0,0,,,,99,L,,125136,0,0,,0,,0,0,,,,,BLUEPAINT,,ME01,WE01,X,X,796,"7,960.00",S,,,0,,,0,,,,1,0,,,,,,,,,0,,,,,,,,,F,,,0,,WE,2/20/17,2/20/17,6:55:52 PM,GBI-009,,MIGO_GR,,0,,,,,,,12:00:00 AM,,,,,,,,,,,0,,,,,
375,5000000903,2017,1,1,0,0,0,101,,BLUEPAINT,SD00,RM00,,,,,,125133,,,0,0,,S,USD,1000.00,0,1000.00,,0,,74,L,74,L,74,L,4500000435,10,,,0,,,0,X,,,,,,NA00,,,,,,,,,,,,2017,,,US00,,0,,0,0,0,,0,2,,,,,,,,,B,,,,0,,,,,0,0,0,,,,,0,,0,0,0,,,,,0,,,,0,0,0,,,,100,L,,125133,0,0,,0,,0,0,,,,,BLUEPAINT,,ME01,WE01,X,X,895,"8,950.00",S,,,0,,,0,,,,1,0,,,,,,,,,0,,,,,,,,,F,,,0,,WE,2/20/17,2/20/17,6:56:09 PM,GBI-044,,MIGO_GR,,0,,,,,,,12:00:00 AM,,,,,,,,,,,0,,,,,
375,5000000904,2017,1,1,0,0,0,101,,BLUEPAINT,SD00,RM00,,,,,,125132,,,0,0,,S,USD,950.00,0,950.00,,0,,1013,L,1013,L,1013,L,4500000445,10,,,0,,,0,X,,,,,,NA00,,,,,,,,,,,,2017,,,US00,,0,,0,0,0,,0,2,,,,,,,,,B,,,,0,,,,,0,0,0,,,,,0,,0,0,0,,,,,0,,,,0,0,0,,,,95,L,,125132,0,0,,0,,0,0,,,,,BLUEPAINT,,ME01,WE01,X,X,995,"9,950.00",S,,,0,,,0,,,,1,0,,,,,,,,,0,,,,,,,,,F,,,0,,WE,2/20/17,2/20/17,6:56:29 PM,GBI-053,,MIGO_GR,,0,,,,,,,12:00:00 AM,,,,,,,,,,,0,,,,,
375,5000000905,2017,1,1,0,0,0,101,,BLUEPAINT,SD00,RM00,,,,,,125136,,,0,0,,S,USD,1010.00,0,1010.00,,0,,930,L,930,L,930,L,4500000438,10,,,0,,,0,X,,,,,,NA00,,,,,,,,,,,,2017,,,US00,,0,,0,0,0,,0,2,,,,,,,,,B,,,,0,,,,,0,0,0,,,,,0,,0,0,0,,,,,0,,,,0,0,0,,,,101,L,,125136,0,0,,0,,0,0,,,,,BLUEPAINT,,ME01,WE01,X,X,"1,090","10,900.00",S,,,0,,,0,,,,1,0,,,,,,,,,0,,,,,,,,,F,,,0,,WE,2/20/17,2/20/17,6:56:38 PM,GBI-009,,MIGO_GR,,0,,,,,,,12:00:00 AM,,,,,,,,,,,0,,,,,
375,5000000906,2017,1,1,0,0,0,101,,BLUEPAINT,SD00,RM00,,,,,,125135,,,0,0,,S,USD,1040.00,0,1040.00,,0,,259,L,259,L,259,L,4500000437,10,,,0,,,0,X,,,,,,NA00,,,,,,,,,,,,2017,,,US00,,0,,0,0,0,,0,2,,,,,,,,,B,,,,0,,,,,0,0,0,,,,,0,,0,0,0,,,,,0,,,,0,0,0,,,,104,L,,125135,0,0,,0,,0,0,,,,,BLUEPAINT,,ME01,WE01,X,X,"1,191","11,910.00",S,,,0,,,0,,,,1,0,,,,,,,,,0,,,,,,,,,F,,,0,,WE,2/20/17,2/20/17,6:57:04 PM,GBI-054,,MIGO_GR,,0,,,,,,,12:00:00 AM,,,,,,,,,,,0,,,,,
375,5000000907,2017,1,1,0,0,0,101,,BLUEPAINT,SD00,RM00,,,,,,125132,,,0,0,,S,USD,990.00,0,990.00,,0,,675,L,675,L,675,L,4500000442,10,,,0,,,0,X,,,,,,NA00,,,,,,,,,,,,2017,,,US00,,0,,0,0,0,,0,2,,,,,,,,,B,,,,0,,,,,0,0,0,,,,,0,,0,0,0,,,,,0,,,,0,0,0,,,,99,L,,125132,0,0,,0,,0,0,,,,,BLUEPAINT,,ME01,WE01,X,X,"1,295","12,950.00",S,,,0,,,0,,,,1,0,,,,,,,,,0,,,,,,,,,F,,,0,,WE,2/20/17,2/20/17,6:57:04 PM,GBI-053,,MIGO_GR,,0,,,,,,,12:00:00 AM,,,,,,,,,,,0,,,,,
375,5000000908,2017,1,1,0,0,0,101,,BLUEPAINT,SD00,RM00,,,,,,125133,,,0,0,,S,USD,990.00,0,990.00,,0,,705,L,705,L,705,L,4500000439,10,,,0,,,0,X,,,,,,NA00,,,,,,,,,,,,2017,,,US00,,0,,0,0,0,,0,2,,,,,,,,,B,,,,0,,,,,0,0,0,,,,,0,,0,0,0,,,,,0,,,,0,0,0,,,,99,L,,125133,0,0,,0,,0,0,,,,,BLUEPAINT,,ME01,WE01,X,X,"1,394","13,940.00",S,,,0,,,0,,,,1,0,,,,,,,,,0,,,,,,,,,F,,,0,,WE,2/20/17,2/20/17,6:57:07 PM,GBI-044,,MIGO_GR,,0,,,,,,,12:00:00 AM,,,,,,,,,,,0,,,,,
375,5000000909,2017,1,1,0,0,0,101,,BLUEPAINT,SD00,RM00,,,,,,125136,,,0,0,,S,USD,980.00,0,980.00,,0,,932,L,932,L,932,L,4500000431,10,,,0,,,0,X,,,,,,NA00,,,,,,,,,,,,2017,,,US00,,0,,0,0,0,,0,2,,,,,,,,,B,,,,0,,,,,0,0,0,,,,,0,,0,0,0,,,,,0,,,,0,0,0,,,,98,L,,125136,0,0,,0,,0,0,,,,,BLUEPAINT,,ME01,WE01,X,X,"1,493","14,930.00",S,,,0,,,0,,,,1,0,,,,,,,,,0,,,,,,,,,F,,,0,,WE,2/20/17,2/20/17,6:57:34 PM,GBI-009,,MIGO_GR,,0,,,,,,,12:00:00 AM,,,,,,,,,,,0,,,,,
375,5000000910,2017,1,1,0,0,0,101,,BLUEPAINT,SD00,RM00,,,,,,125132,,,0,0,,S,USD,960.00,0,960.00,,0,,1076,L,1076,L,1076,L,4500000429,10,,,0,,,0,X,,,,,,NA00,,,,,,,,,,,,2017,,,US00,,0,,0,0,0,,0,2,,,,,,,,,B,,,,0,,,,,0,0,0,,,,,0,,0,0,0,,,,,0,,,,0,0,0,,,,96,L,,125132,0,0,,0,,0,0,,,,,BLUEPAINT,,ME01,WE01,X,X,"1,591","15,910.00",S,,,0,,,0,,,,1,0,,,,,,,,,0,,,,,,,,,F,,,0,,WE,2/20/17,2/20/17,6:57:51 PM,GBI-053,,MIGO_GR,,0,,,,,,,12:00:00 AM,,,,,,,,,,,0,,,,,
375,5000000911,2017,1,1,0,0,0,101,,BLUEPAINT,SD00,RM00,,,,,,125133,,,0,0,,S,USD,1020.00,0,1020.00,,0,,599,L,599,L,599,L,4500000446,10,,,0,,,0,X,,,,,,NA00,,,,,,,,,,,,2017,,,US00,,0,,0,0,0,,0,2,,,,,,,,,B,,,,0,,,,,0,0,0,,,,,0,,0,0,0,,,,,0,,,,0,0,0,,,,102,L,,125133,0,0,,0,,0,0,,,,,BLUEPAINT,,ME01,WE01,X,X,"1,687","16,870.00",S,,,0,,,0,,,,1,0,,,,,,,,,0,,,,,,,,,F,,,0,,WE,2/20/17,2/20/17,6:58:25 PM,GBI-044,,MIGO_GR,,0,,,,,,,12:00:00 AM,,,,,,,,,,,0,,,,,
375,5000000912,2017,1,1,0,0,0,101,,BLUEPAINT,SD00,RM00,,,,,,125135,,,0,0,,S,USD,970.00,0,970.00,,0,,1002,L,1002,L,1002,L,4500000441,10,,,0,,,0,X,,,,,,NA00,,,,,,,,,,,,2017,,,US00,,0,,0,0,0,,0,2,,,,,,,,,B,,,,0,,,,,0,0,0,,,,,0,,0,0,0,,,,,0,,,,0,0,0,,,,97,L,,125135,0,0,,0,,0,0,,,,,BLUEPAINT,,ME01,WE01,X,X,"1,789","17,890.00",S,,,0,,,0,,,,1,0,,,,,,,,,0,,,,,,,,,F,,,0,,WE,2/20/17,2/20/17,6:58:29 PM,GBI-054,,MIGO_GR,,0,,,,,,,12:00:00 AM,,,,,,,,,,,0,,,,,
375,5000000913,2017,1,1,0,0,0,101,,BLUEPAINT,SD00,RM00,,,,,,125135,,,0,0,,S,USD,990.00,0,990.00,,0,,3,L,3,L,3,L,4500000444,10,,,0,,,0,X,,,,,,NA00,,,,,,,,,,,,2017,,,US00,,0,,0,0,0,,0,2,,,,,,,,,B,,,,0,,,,,0,0,0,,,,,0,,0,0,0,,,,,0,,,,0,0,0,,,,99,L,,125135,0,0,,0,,0,0,,,,,BLUEPAINT,,ME01,WE01,X,X,"1,886","18,860.00",S,,,0,,,0,,,,1,0,,,,,,,,,0,,,,,,,,,F,,,0,,WE,2/20/17,2/20/17,6:59:25 PM,GBI-054,,MIGO_GR,,0,,,,,,,12:00:00 AM,,,,,,,,,,,0,,,,,
375,5000000914,2017,1,1,0,0,0,101,,BLUEPAINT,SD00,RM00,,,,,,125133,,,0,0,,S,USD,980.00,0,980.00,,0,,549,L,549,L,549,L,4500000447,10,,,0,,,0,X,,,,,,NA00,,,,,,,,,,,,2017,,,US00,,0,,0,0,0,,0,2,,,,,,,,,B,,,,0,,,,,0,0,0,,,,,0,,0,0,0,,,,,0,,,,0,0,0,,,,98,L,,125133,0,0,,0,,0,0,,,,,BLUEPAINT,,ME01,WE01,X,X,"1,985","19,850.00",S,,,0,,,0,,,,1,0,,,,,,,,,0,,,,,,,,,F,,,0,,WE,2/20/17,2/20/17,6:59:42 PM,GBI-044,,MIGO_GR,,0,,,,,,,12:00:00 AM,,,,,,,,,,,0,,,,,
375,5000000915,2017,1,1,0,0,0,101,,BLUEPAINT,SD00,RM00,,,,,,125105,,,0,0,,S,USD,62500.00,0,62500.00,,0,,846,L,846,L,846,L,4500000464,10,2017,1000000060,1,,,0,,,,,,,NA00,BI00,,NAIS1000,,,,,,,,,2017,,,US00,,0,,0,0,0,,0,2,,,,,,,,,B,V,,,0,,,,,0,0,0,,,,,0,,0,1,0,,,,,0,,,,0,0,0,,,770000,1,AU,,,0,0,,1,,0,0,,,,,,,ME02,WE06,,,0,0,,,,0,,,0,,,,1,0,,,,,,,,,0,,,,,,,,,F,,,0,,WE,2/20/17,2/20/17,7:37:42 PM,GBI-034,,ML81N,,0,,,,,,,12:00:00 AM,,,,,,,,,,,0,,,,,
375,5000000916,2017,1,1,0,0,0,101,,BLUEPAINT,SD00,RM00,,,,,,125107,,,0,0,,S,USD,111000.00,0,111000.00,,0,,439,L,439,L,439,L,4500000465,10,2017,1000000062,1,,,0,,,,,,,NA00,BI00,,NAIS1000,,,,,,,,,2017,,,US00,,0,,0,0,0,,0,2,,,,,,,,,B,V,,,0,,,,,0,0,0,,,,,0,,0,1,0,,,,,0,,,,0,0,0,,,770000,1,AU,,,0,0,,1,,0,0,,,,,,,ME02,WE06,,,0,0,,,,0,,,0,,,,1,0,,,,,,,,,0,,,,,,,,,F,,,0,,WE,2/20/17,2/20/17,7:54:29 PM,GBI-049,,ML81N,,0,,,,,,,12:00:00 AM,,,,,,,,,,,0,,,,,
375,5000000917,2017,1,1,0,0,0,101,,BLUEPAINT,SD00,RM00,,,,,,125107,,,0,0,,S,USD,74750.00,0,74750.00,,0,,1030,L,1030,L,1030,L,4500000466,10,2017,1000000061,1,,,0,,,,,,,NA00,BI00,,NAIS1000,,,,,,,,,2017,,,US00,,0,,0,0,0,,0,2,,,,,,,,,B,V,,,0,,,,,0,0,0,,,,,0,,0,1,0,,,,,0,,,,0,0,0,,,770000,1,AU,,,0,0,,1,,0,0,,,,,,,ME02,WE06,,,0,0,,,,0,,,0,,,,1,0,,,,,,,,,0,,,,,,,,,F,,,0,,WE,2/20/17,2/20/17,7:55:08 PM,GBI-034,,ML81N,,0,,,,,,,12:00:00 AM,,,,,,,,,,,0,,,,,
375,5000000918,2017,1,1,0,0,0,101,,BLUEPAINT,SD00,RM00,,,,,,125107,,,0,0,,S,USD,48000.00,0,48000.00,,0,,1028,L,1028,L,1028,L,4500000468,10,2017,1000000063,1,,,0,,,,,,,NA00,BI00,,NAIS1000,,,,,,,,,2017,,,US00,,0,,0,0,0,,0,2,,,,,,,,,B,V,,,0,,,,,0,0,0,,,,,0,,0,1,0,,,,,0,,,,0,0,0,,,770000,1,AU,,,0,0,,1,,0,0,,,,,,,ME02,WE06,,,0,0,,,,0,,,0,,,,1,0,,,,,,,,,0,,,,,,,,,F,,,0,,WE,2/20/17,2/20/17,8:22:37 PM,GBI-049,,ML81N,,0,,,,,,,12:00:00 AM,,,,,,,,,,,0,,,,,
375,5000000919,2017,1,1,0,0,0,101,,BLUEPAINT,SD00,RM00,,,,,,125107,,,0,0,,S,USD,66000.00,0,66000.00,,0,,733,L,733,L,733,L,4500000475,10,2017,1000000064,1,,,0,,,,,,,NA00,BI00,,NAIS1000,,,,,,,,,2017,,,US00,,0,,0,0,0,,0,2,,,,,,,,,B,V,,,0,,,,,0,0,0,,,,,0,,0,1,0,,,,,0,,,,0,0,0,,,770000,1,AU,,,0,0,,1,,0,0,,,,,,,ME02,WE06,,,0,0,,,,0,,,0,,,,1,0,,,,,,,,,0,,,,,,,,,F,,,0,,WE,2/20/17,2/20/17,8:33:50 PM,GBI-049,,ML81N,,0,,,,,,,12:00:00 AM,,,,,,,,,,,0,,,,,
375,5000000920,2017,1,1,0,0,0,101,,BLUEPAINT,SD00,RM00,,,,,,125107,,,0,0,,S,USD,87750.00,0,87750.00,,0,,373,L,373,L,373,L,4500000482,10,2017,1000000065,1,,,0,,,,,,,NA00,BI00,,NAIS1000,,,,,,,,,2017,,,US00,,0,,0,0,0,,0,2,,,,,,,,,B,V,,,0,,,,,0,0,0,,,,,0,,0,1,0,,,,,0,,,,0,0,0,,,770000,1,AU,,,0,0,,1,,0,0,,,,,,,ME02,WE06,,,0,0,,,,0,,,0,,,,1,0,,,,,,,,,0,,,,,,,,,F,,,0,,WE,2/20/17,2/20/17,8:46:38 PM,GBI-049,,ML81N,,0,,,,,,,12:00:00 AM,,,,,,,,,,,0,,,,,
375,5000000921,2017,1,1,0,0,0,101,,AAA LUBE,SD00,RM00,,,,,,125021,,,0,0,,S,USD,75000.00,0,75000.00,,0,,4,DR,4,DR,4,DR,4500000484,10,,,0,,,0,X,,,,,,NA00,,,,,,,,,,,,2017,,,US00,,0,,0,0,0,,0,2,,,,,,,,,B,,,,0,,,,,0,0,0,,,,,0,,0,0,0,,,,,0,,,,0,0,0,,,,5,DR,,125021,0,0,,0,,0,0,,,,,AAA LUBE,,ME01,WE01,X,X,0,0,S,,,0,,,0,,,,1,0,,,,,,,,,0,,,,,,,,,F,,,0,,WE,2/20/17,2/20/17,10:42:51 PM,GBI-041,,MIGO_GR,,0,,,,,,,12:00:00 AM,,,,,,,,,,,0,,,,,
375,5000000922,2017,1,1,0,0,0,101,,AAA LUBE,SD00,RM00,,,,,,125021,,,0,0,,S,USD,45000.00,0,45000.00,,0,,17,DR,17,DR,17,DR,4500000483,10,,,0,,,0,X,,,,,,NA00,,,,,,,,,,,,2017,,,US00,,0,,0,0,0,,0,2,,,,,,,,,B,,,,0,,,,,0,0,0,,,,,0,,0,0,0,,,,,0,,,,0,0,0,,,,3,DR,,125021,0,0,,0,,0,0,,,,,AAA LUBE,,ME01,WE01,X,X,5,"75,000.00",S,,,0,,,0,,,,1,0,,,,,,,,,0,,,,,,,,,F,,,0,,WE,2/20/17,2/20/17,10:43:23 PM,GBI-047,,MIGO_GR,,0,,,,,,,12:00:00 AM,,,,,,,,,,,0,,,,,
375,5000000923,2017,1,1,0,0,0,101,,AAA LUBE,SD00,RM00,,,,,,125021,,,0,0,,S,USD,90000.00,0,90000.00,,0,,13,DR,13,DR,13,DR,4500000467,10,,,0,,,0,X,,,,,,NA00,,,,,,,,,,,,2017,,,US00,,0,,0,0,0,,0,2,,,,,,,,,B,,,,0,,,,,0,0,0,,,,,0,,0,0,0,,,,,0,,,,0,0,0,,,,6,DR,,125021,0,0,,0,,0,0,,,,,AAA LUBE,,ME01,WE01,X,X,8,"120,000.00",S,,,0,,,0,,,,1,0,,,,,,,,,0,,,,,,,,,2,,,0,,WE,2/20/17,2/20/17,10:43:25 PM,GBI-052,,MIGO_GR,,0,,,,,,,12:00:00 AM,,,,,,,,,,,0,,,,,
375,5000000924,2017,1,1,0,0,0,101,,AAA LUBE,SD00,RM00,,,,,,125021,,,0,0,,S,USD,90000.00,0,90000.00,,0,,11,DR,11,DR,11,DR,4500000485,10,,,0,,,0,X,,,,,,NA00,,,,,,,,,,,,2017,,,US00,,0,,0,0,0,,0,2,,,,,,,,,B,,,,0,,,,,0,0,0,,,,,0,,0,0,0,,,,,0,,,,0,0,0,,,,6,DR,,125021,0,0,,0,,0,0,,,,,AAA LUBE,,ME01,WE01,X,X,14,"210,000.00",S,,,0,,,0,,,,1,0,,,,,,,,,0,,,,,,,,,F,,,0,,WE,2/20/17,2/20/17,10:43:52 PM,GBI-047,,MIGO_GR,,0,,,,,,,12:00:00 AM,,,,,,,,,,,0,,,,,
375,5000000925,2017,1,1,0,0,0,101,,AAA LUBE,SD00,RM00,,,,,,125021,,,0,0,,S,USD,105000.00,0,105000.00,,0,,10,DR,10,DR,10,DR,4500000486,10,,,0,,,0,X,,,,,,NA00,,,,,,,,,,,,2017,,,US00,,0,,0,0,0,,0,2,,,,,,,,,B,,,,0,,,,,0,0,0,,,,,0,,0,0,0,,,,,0,,,,0,0,0,,,,7,DR,,125021,0,0,,0,,0,0,,,,,AAA LUBE,,ME01,WE01,X,X,20,"300,000.00",S,,,0,,,0,,,,1,0,,,,,,,,,0,,,,,,,,,F,,,0,,WE,2/20/17,2/20/17,10:44:29 PM,GBI-047,,MIGO_GR,,0,,,,,,,12:00:00 AM,,,,,,,,,,,0,,,,,
375,5000000926,2017,1,1,0,0,0,101,,AAA LUBE,SD00,RM00,,,,,,125021,,,0,0,,S,USD,30000.00,0,30000.00,,0,,24,DR,24,DR,24,DR,4500000487,10,,,0,,,0,X,,,,,,NA00,,,,,,,,,,,,2017,,,US00,,0,,0,0,0,,0,2,,,,,,,,,B,,,,0,,,,,0,0,0,,,,,0,,0,0,0,,,,,0,,,,0,0,0,,,,2,DR,,125021,0,0,,0,,0,0,,,,,AAA LUBE,,ME01,WE01,X,X,27,"405,000.00",S,,,0,,,0,,,,1,0,,,,,,,,,0,,,,,,,,,F,,,0,,WE,2/20/17,2/20/17,10:45:16 PM,GBI-047,,MIGO_GR,,0,,,,,,,12:00:00 AM,,,,,,,,,,,0,,,,,
375,5000000927,2017,1,1,0,0,0,101,,AAA LUBE,SD00,RM00,,,,,,125021,,,0,0,,S,USD,75000.00,0,75000.00,,0,,10,DR,10,DR,10,DR,4500000470,10,,,0,,,0,X,,,,,,NA00,,,,,,,,,,,,2017,,,US00,,0,,0,0,0,,0,2,,,,,,,,,B,,,,0,,,,,0,0,0,,,,,0,,0,0,0,,,,,0,,,,0,0,0,,,,5,DR,,125021,0,0,,0,,0,0,,,,,AAA LUBE,,ME01,WE01,X,X,29,"435,000.00",S,,,0,,,0,,,,1,0,,,,,,,,,0,,,,,,,,,2,,,0,,WE,2/20/17,2/20/17,10:45:26 PM,GBI-052,,MIGO_GR,,0,,,,,,,12:00:00 AM,,,,,,,,,,,0,,,,,
375,5000000928,2017,1,1,0,0,0,101,,AAA LUBE,SD00,RM00,,,,,,125021,,,0,0,,S,USD,15000.00,0,15000.00,,0,,17,DR,17,DR,17,DR,4500000488,10,,,0,,,0,X,,,,,,NA00,,,,,,,,,,,,2017,,,US00,,0,,0,0,0,,0,2,,,,,,,,,B,,,,0,,,,,0,0,0,,,,,0,,0,0,0,,,,,0,,,,0,0,0,,,,1,DR,,125021,0,0,,0,,0,0,,,,,AAA LUBE,,ME01,WE01,X,X,34,"510,000.00",S,,,0,,,0,,,,1,0,,,,,,,,,0,,,,,,,,,F,,,0,,WE,2/20/17,2/20/17,10:46:06 PM,GBI-047,,MIGO_GR,,0,,,,,,,12:00:00 AM,,,,,,,,,,,0,,,,,
375,5000000929,2017,1,1,0,0,0,101,,AAA LUBE,SD00,RM00,,,,,,125021,,,0,0,,S,USD,120000.00,0,120000.00,,0,,12,DR,12,DR,12,DR,4500000473,10,,,0,,,0,X,,,,,,NA00,,,,,,,,,,,,2017,,,US00,,0,,0,0,0,,0,2,,,,,,,,,B,,,,0,,,,,0,0,0,,,,,0,,0,0,0,,,,,0,,,,0,0,0,,,,8,DR,,125021,0,0,,0,,0,0,,,,,AAA LUBE,,ME01,WE01,X,X,35,"525,000.00",S,,,0,,,0,,,,1,0,,,,,,,,,0,,,,,,,,,2,,,0,,WE,2/20/17,2/20/17,10:46:19 PM,GBI-052,,MIGO_GR,,0,,,,,,,12:00:00 AM,,,,,,,,,,,0,,,,,
375,5000000930,2017,1,1,0,0,0,101,,AAA LUBE,SD00,RM00,,,,,,125021,,,0,0,,S,USD,90000.00,0,90000.00,,0,,11,DR,11,DR,11,DR,4500000469,10,,,0,,,0,X,,,,,,NA00,,,,,,,,,,,,2017,,,US00,,0,,0,0,0,,0,2,,,,,,,,,B,,,,0,,,,,0,0,0,,,,,0,,0,0,0,,,,,0,,,,0,0,0,,,,6,DR,,125021,0,0,,0,,0,0,,,,,AAA LUBE,,ME01,WE01,X,X,43,"645,000.00",S,,,0,,,0,,,,1,0,,,,,,,,,0,,,,,,,,,F,,,0,,WE,2/20/17,2/20/17,10:46:48 PM,GBI-056,,MIGO_GR,,0,,,,,,,12:00:00 AM,,,,,,,,,,,0,,,,,
375,5000000931,2017,1,1,0,0,0,101,,AAA LUBE,SD00,RM00,,,,,,125021,,,0,0,,S,USD,45000.00,0,45000.00,,0,,24,DR,24,DR,24,DR,4500000476,10,,,0,,,0,X,,,,,,NA00,,,,,,,,,,,,2017,,,US00,,0,,0,0,0,,0,2,,,,,,,,,B,,,,0,,,,,0,0,0,,,,,0,,0,0,0,,,,,0,,,,0,0,0,,,,3,DR,,125021,0,0,,0,,0,0,,,,,AAA LUBE,,ME01,WE01,X,X,49,"735,000.00",S,,,0,,,0,,,,1,0,,,,,,,,,0,,,,,,,,,2,,,0,,WE,2/20/17,2/20/17,10:46:52 PM,GBI-052,,MIGO_GR,,0,,,,,,,12:00:00 AM,,,,,,,,,,,0,,,,,
375,5000000932,2017,1,1,0,0,0,101,,AAA LUBE,SD00,RM00,,,,,,125021,,,0,0,,S,USD,75000.00,0,75000.00,,0,,12,DR,12,DR,12,DR,4500000479,10,,,0,,,0,X,,,,,,NA00,,,,,,,,,,,,2017,,,US00,,0,,0,0,0,,0,2,,,,,,,,,B,,,,0,,,,,0,0,0,,,,,0,,0,0,0,,,,,0,,,,0,0,0,,,,5,DR,,125021,0,0,,0,,0,0,,,,,AAA LUBE,,ME01,WE01,X,X,52,"780,000.00",S,,,0,,,0,,,,1,0,,,,,,,,,0,,,,,,,,,2,,,0,,WE,2/20/17,2/20/17,10:47:28 PM,GBI-052,,MIGO_GR,,0,,,,,,,12:00:00 AM,,,,,,,,,,,0,,,,,
375,5000000933,2017,1,1,0,0,0,101,,AAA LUBE,SD00,RM00,,,,,,125021,,,0,0,,S,USD,135000.00,0,135000.00,,0,,23,DR,23,DR,23,DR,4500000471,10,,,0,,,0,X,,,,,,NA00,,,,,,,,,,,,2017,,,US00,,0,,0,0,0,,0,2,,,,,,,,,B,,,,0,,,,,0,0,0,,,,,0,,0,0,0,,,,,0,,,,0,0,0,,,,9,DR,,125021,0,0,,0,,0,0,,,,,AAA LUBE,,ME01,WE01,X,X,57,"855,000.00",S,,,0,,,0,,,,1,0,,,,,,,,,0,,,,,,,,,F,,,0,,WE,2/20/17,2/20/17,10:47:58 PM,GBI-056,,MIGO_GR,,0,,,,,,,12:00:00 AM,,,,,,,,,,,0,,,,,
375,5000000934,2017,1,1,0,0,0,101,,AAA LUBE,SD00,RM00,,,,,,125021,,,0,0,,S,USD,75000.00,0,75000.00,,0,,14,DR,14,DR,14,DR,4500000418,10,,,0,,,0,X,,,,,,NA00,,,,,,,,,,,,2017,,,US00,,0,,0,0,0,,0,2,,,,,,,,,B,,,,0,,,,,0,0,0,,,,,0,,0,0,0,,,,,0,,,,0,0,0,,,,5,DR,,125021,0,0,,0,,0,0,,,,,AAA LUBE,,ME01,WE01,X,X,66,"990,000.00",S,,,0,,,0,,,,1,0,,,,,,,,,0,,,,,,,,,F,,,0,,WE,2/20/17,2/20/17,10:47:59 PM,GBI-047,,MIGO_GR,,0,,,,,,,12:00:00 AM,,,,,,,,,,,0,,,,,
375,5000000935,2017,1,1,0,0,0,101,,AAA LUBE,SD00,RM00,,,,,,125021,,,0,0,,S,USD,60000.00,0,60000.00,,0,,5,DR,5,DR,5,DR,4500000422,10,,,0,,,0,X,,,,,,NA00,,,,,,,,,,,,2017,,,US00,,0,,0,0,0,,0,2,,,,,,,,,B,,,,0,,,,,0,0,0,,,,,0,,0,0,0,,,,,0,,,,0,0,0,,,,4,DR,,125021,0,0,,0,,0,0,,,,,AAA LUBE,,ME01,WE01,X,X,71,"1,065,000.00",S,,,0,,,0,,,,1,0,,,,,,,,,0,,,,,,,,,F,,,0,,WE,2/20/17,2/20/17,10:47:59 PM,GBI-052,,MIGO_GR,,0,,,,,,,12:00:00 AM,,,,,,,,,,,0,,,,,
375,5000000936,2017,1,1,0,0,0,101,,AAA LUBE,SD00,RM00,,,,,,125021,,,0,0,,S,USD,75000.00,0,75000.00,,0,,17,DR,17,DR,17,DR,4500000421,10,,,0,,,0,X,,,,,,NA00,,,,,,,,,,,,2017,,,US00,,0,,0,0,0,,0,2,,,,,,,,,B,,,,0,,,,,0,0,0,,,,,0,,0,0,0,,,,,0,,,,0,0,0,,,,5,DR,,125021,0,0,,0,,0,0,,,,,AAA LUBE,,ME01,WE01,X,X,75,"1,125,000.00",S,,,0,,,0,,,,1,0,,,,,,,,,0,,,,,,,,,F,,,0,,WE,2/20/17,2/20/17,10:48:26 PM,GBI-052,,MIGO_GR,,0,,,,,,,12:00:00 AM,,,,,,,,,,,0,,,,,
375,5000000937,2017,1,1,0,0,0,101,,AAA LUBE,SD00,RM00,,,,,,125021,,,0,0,,S,USD,30000.00,0,30000.00,,0,,9,DR,9,DR,9,DR,4500000472,10,,,0,,,0,X,,,,,,NA00,,,,,,,,,,,,2017,,,US00,,0,,0,0,0,,0,2,,,,,,,,,B,,,,0,,,,,0,0,0,,,,,0,,0,0,0,,,,,0,,,,0,0,0,,,,2,DR,,125021,0,0,,0,,0,0,,,,,AAA LUBE,,ME01,WE01,X,X,80,"1,200,000.00",S,,,0,,,0,,,,1,0,,,,,,,,,0,,,,,,,,,F,,,0,,WE,2/20/17,2/20/17,10:48:46 PM,GBI-056,,MIGO_GR,,0,,,,,,,12:00:00 AM,,,,,,,,,,,0,,,,,
375,5000000938,2017,1,1,0,0,0,101,,AAA LUBE,SD00,RM00,,,,,,125021,,,0,0,,S,USD,75000.00,0,75000.00,,0,,14,DR,14,DR,14,DR,4500000419,10,,,0,,,0,X,,,,,,NA00,,,,,,,,,,,,2017,,,US00,,0,,0,0,0,,0,2,,,,,,,,,B,,,,0,,,,,0,0,0,,,,,0,,0,0,0,,,,,0,,,,0,0,0,,,,5,DR,,125021,0,0,,0,,0,0,,,,,AAA LUBE,,ME01,WE01,X,X,82,"1,230,000.00",S,,,0,,,0,,,,1,0,,,,,,,,,0,,,,,,,,,F,,,0,,WE,2/20/17,2/20/17,10:48:56 PM,GBI-047,,MIGO_GR,,0,,,,,,,12:00:00 AM,,,,,,,,,,,0,,,,,
375,5000000939,2017,1,1,0,0,0,101,,AAA LUBE,SD00,RM00,,,,,,125021,,,0,0,,S,USD,75000.00,0,75000.00,,0,,8,DR,8,DR,8,DR,4500000420,10,,,0,,,0,X,,,,,,NA00,,,,,,,,,,,,2017,,,US00,,0,,0,0,0,,0,2,,,,,,,,,B,,,,0,,,,,0,0,0,,,,,0,,0,0,0,,,,,0,,,,0,0,0,,,,5,DR,,125021,0,0,,0,,0,0,,,,,AAA LUBE,,ME01,WE01,X,X,87,"1,305,000.00",S,,,0,,,0,,,,1,0,,,,,,,,,0,,,,,,,,,F,,,0,,WE,2/20/17,2/20/17,10:49:05 PM,GBI-052,,MIGO_GR,,0,,,,,,,12:00:00 AM,,,,,,,,,,,0,,,,,
375,5000000940,2017,1,1,0,0,0,101,,AAA LUBE,SD00,RM00,,,,,,125021,,,0,0,,S,USD,90000.00,0,90000.00,,0,,19,DR,19,DR,19,DR,4500000489,10,,,0,,,0,X,,,,,,NA00,,,,,,,,,,,,2017,,,US00,,0,,0,0,0,,0,2,,,,,,,,,B,,,,0,,,,,0,0,0,,,,,0,,0,0,0,,,,,0,,,,0,0,0,,,,6,DR,,125021,0,0,,0,,0,0,,,,,AAA LUBE,,ME01,WE01,X,X,92,"1,380,000.00",S,,,0,,,0,,,,1,0,,,,,,,,,0,,,,,,,,,F,,,0,,WE,2/20/17,2/20/17,10:49:58 PM,GBI-041,,MIGO_GR,,0,,,,,,,12:00:00 AM,,,,,,,,,,,0,,,,,
375,5000000941,2017,1,1,0,0,0,101,,AAA LUBE,SD00,RM00,,,,,,125021,,,0,0,,S,USD,45000.00,0,45000.00,,0,,22,DR,22,DR,22,DR,4500000474,10,,,0,,,0,X,,,,,,NA00,,,,,,,,,,,,2017,,,US00,,0,,0,0,0,,0,2,,,,,,,,,B,,,,0,,,,,0,0,0,,,,,0,,0,0,0,,,,,0,,,,0,0,0,,,,3,DR,,125021,0,0,,0,,0,0,,,,,AAA LUBE,,ME01,WE01,X,X,98,"1,470,000.00",S,,,0,,,0,,,,1,0,,,,,,,,,0,,,,,,,,,F,,,0,,WE,2/20/17,2/20/17,10:50:21 PM,GBI-056,,MIGO_GR,,0,,,,,,,12:00:00 AM,,,,,,,,,,,0,,,,,
375,5000000942,2017,1,1,0,0,0,101,,AAA LUBE,SD00,RM00,,,,,,125021,,,0,0,,S,USD,75000.00,0,75000.00,,0,,7,DR,7,DR,7,DR,4500000490,10,,,0,,,0,X,,,,,,NA00,,,,,,,,,,,,2017,,,US00,,0,,0,0,0,,0,2,,,,,,,,,B,,,,0,,,,,0,0,0,,,,,0,,0,0,0,,,,,0,,,,0,0,0,,,,5,DR,,125021,0,0,,0,,0,0,,,,,AAA LUBE,,ME01,WE01,X,X,101,"1,515,000.00",S,,,0,,,0,,,,1,0,,,,,,,,,0,,,,,,,,,F,,,0,,WE,2/20/17,2/20/17,10:51:01 PM,GBI-041,,MIGO_GR,,0,,,,,,,12:00:00 AM,,,,,,,,,,,0,,,,,
375,5000000943,2017,1,1,0,0,0,101,,AAA LUBE,SD00,RM00,,,,,,125021,,,0,0,,S,USD,75000.00,0,75000.00,,0,,17,DR,17,DR,17,DR,4500000477,10,,,0,,,0,X,,,,,,NA00,,,,,,,,,,,,2017,,,US00,,0,,0,0,0,,0,2,,,,,,,,,B,,,,0,,,,,0,0,0,,,,,0,,0,0,0,,,,,0,,,,0,0,0,,,,5,DR,,125021,0,0,,0,,0,0,,,,,AAA LUBE,,ME01,WE01,X,X,106,"1,590,000.00",S,,,0,,,0,,,,1,0,,,,,,,,,0,,,,,,,,,F,,,0,,WE,2/20/17,2/20/17,10:51:20 PM,GBI-056,,MIGO_GR,,0,,,,,,,12:00:00 AM,,,,,,,,,,,0,,,,,
375,5000000944,2017,1,1,0,0,0,101,,AAA LUBE,SD00,RM00,,,,,,125021,,,0,0,,S,USD,90000.00,0,90000.00,,0,,10,DR,10,DR,10,DR,4500000491,10,,,0,,,0,X,,,,,,NA00,,,,,,,,,,,,2017,,,US00,,0,,0,0,0,,0,2,,,,,,,,,B,,,,0,,,,,0,0,0,,,,,0,,0,0,0,,,,,0,,,,0,0,0,,,,6,DR,,125021,0,0,,0,,0,0,,,,,AAA LUBE,,ME01,WE01,X,X,111,"1,665,000.00",S,,,0,,,0,,,,1,0,,,,,,,,,0,,,,,,,,,F,,,0,,WE,2/20/17,2/20/17,10:53:08 PM,GBI-041,,MIGO_GR,,0,,,,,,,12:00:00 AM,,,,,,,,,,,0,,,,,
375,5000000945,2017,1,1,0,0,0,101,,AAA LUBE,SD00,RM00,,,,,,125021,,,0,0,,S,USD,75000.00,0,75000.00,,0,,7,DR,7,DR,7,DR,4500000492,10,,,0,,,0,X,,,,,,NA00,,,,,,,,,,,,2017,,,US00,,0,,0,0,0,,0,2,,,,,,,,,B,,,,0,,,,,0,0,0,,,,,0,,0,0,0,,,,,0,,,,0,0,0,,,,5,DR,,125021,0,0,,0,,0,0,,,,,AAA LUBE,,ME01,WE01,X,X,117,"1,755,000.00",S,,,0,,,0,,,,1,0,,,,,,,,,0,,,,,,,,,F,,,0,,WE,2/20/17,2/20/17,10:55:39 PM,GBI-041,,MIGO_GR,,0,,,,,,,12:00:00 AM,,,,,,,,,,,0,,,,,
375,5000000946,2017,1,1,0,0,0,101,,BLUEPAINT,SD00,RM00,,,,,,125131,,,0,0,,S,USD,1020.00,0,1020.00,,0,,936,L,936,L,936,L,4500000432,10,,,0,,,0,X,,,,,,NA00,,,,,,,,,,,,2017,,,US00,,0,,0,0,0,,0,2,,,,,,,,,B,,,,0,,,,,0,0,0,,,,,0,,0,0,0,,,,,0,,,,0,0,0,,,,102,L,,125131,0,0,,0,,0,0,,,,,BLUEPAINT,,ME01,WE01,X,X,"2,083","20,830.00",S,,,0,,,0,,,,1,0,,,,,,,,,0,,,,,,,,,F,,,0,,WE,2/20/17,2/20/17,11:00:10 PM,GBI-045,,MIGO_GR,,0,,,,,,,12:00:00 AM,,,,,,,,,,,0,,,,,
375,5000000947,2017,1,1,0,0,0,101,,BLUEPAINT,SD00,RM00,,,,,,125131,,,0,0,,S,USD,1030.00,0,1030.00,,0,,761,L,761,L,761,L,4500000436,10,,,0,,,0,X,,,,,,NA00,,,,,,,,,,,,2017,,,US00,,0,,0,0,0,,0,2,,,,,,,,,B,,,,0,,,,,0,0,0,,,,,0,,0,0,0,,,,,0,,,,0,0,0,,,,103,L,,125131,0,0,,0,,0,0,,,,,BLUEPAINT,,ME01,WE01,X,X,"2,185","21,850.00",S,,,0,,,0,,,,1,0,,,,,,,,,0,,,,,,,,,F,,,0,,WE,2/20/17,2/20/17,11:01:29 PM,GBI-045,,MIGO_GR,,0,,,,,,,12:00:00 AM,,,,,,,,,,,0,,,,,
375,5000000948,2017,1,1,0,0,0,101,,BLUEPAINT,SD00,RM00,,,,,,125131,,,0,0,,S,USD,970.00,0,970.00,,0,,231,L,231,L,231,L,4500000440,10,,,0,,,0,X,,,,,,NA00,,,,,,,,,,,,2017,,,US00,,0,,0,0,0,,0,2,,,,,,,,,B,,,,0,,,,,0,0,0,,,,,0,,0,0,0,,,,,0,,,,0,0,0,,,,97,L,,125131,0,0,,0,,0,0,,,,,BLUEPAINT,,ME01,WE01,X,X,"2,288","22,880.00",S,,,0,,,0,,,,1,0,,,,,,,,,0,,,,,,,,,F,,,0,,WE,2/20/17,2/20/17,11:02:22 PM,GBI-045,,MIGO_GR,,0,,,,,,,12:00:00 AM,,,,,,,,,,,0,,,,,
375,5000000949,2017,1,1,0,0,0,101,,BLUEPAINT,SD00,RM00,,,,,,125131,,,0,0,,S,USD,1000.00,0,1000.00,,0,,992,L,992,L,992,L,4500000443,10,,,0,,,0,X,,,,,,NA00,,,,,,,,,,,,2017,,,US00,,0,,0,0,0,,0,2,,,,,,,,,B,,,,0,,,,,0,0,0,,,,,0,,0,0,0,,,,,0,,,,0,0,0,,,,100,L,,125131,0,0,,0,,0,0,,,,,BLUEPAINT,,ME01,WE01,X,X,"2,385","23,850.00",S,,,0,,,0,,,,1,0,,,,,,,,,0,,,,,,,,,F,,,0,,WE,2/20/17,2/20/17,11:03:06 PM,GBI-045,,MIGO_GR,,0,,,,,,,12:00:00 AM,,,,,,,,,,,0,,,,,
375,5000000950,2017,1,1,0,0,0,101,,BLUEPAINT,SD00,RM00,,,,,,125133,,,0,0,,S,USD,1010.00,0,1010.00,,0,,71,L,71,L,71,L,4500000493,10,,,0,,,0,X,,,,,,NA00,,,,,,,,,,,,2017,,,US00,,0,,0,0,0,,0,2,,,,,,,,,B,,,,0,,,,,0,0,0,,,,,0,,0,0,0,,,,,0,,,,0,0,0,,,,101,L,,125133,0,0,,0,,0,0,,,,,BLUEPAINT,,ME01,WE01,X,X,"2,485","24,850.00",S,,,0,,,0,,,,1,0,,,,,,,,,0,,,,,,,,,F,,,0,,WE,2/21/17,2/21/17,10:33:19 AM,GBI-044,,MIGO_GR,,0,,,,,,,12:00:00 AM,,,,,,,,,,,0,,,,,
375,5000000951,2017,1,1,0,0,0,101,,BLUEPAINT,SD00,RM00,,,,,,125133,,,0,0,,S,USD,1000.00,0,1000.00,,0,,126,L,126,L,126,L,4500000494,10,,,0,,,0,X,,,,,,NA00,,,,,,,,,,,,2017,,,US00,,0,,0,0,0,,0,2,,,,,,,,,B,,,,0,,,,,0,0,0,,,,,0,,0,0,0,,,,,0,,,,0,0,0,,,,100,L,,125133,0,0,,0,,0,0,,,,,BLUEPAINT,,ME01,WE01,X,X,"2,586","25,860.00",S,,,0,,,0,,,,1,0,,,,,,,,,0,,,,,,,,,F,,,0,,WE,2/21/17,2/21/17,10:34:10 AM,GBI-044,,MIGO_GR,,0,,,,,,,12:00:00 AM,,,,,,,,,,,0,,,,,
375,5000000952,2017,1,1,0,0,0,101,,BLUEPAINT,SD00,RM00,,,,,,125133,,,0,0,,S,USD,990.00,0,990.00,,0,,736,L,736,L,736,L,4500000495,10,,,0,,,0,X,,,,,,NA00,,,,,,,,,,,,2017,,,US00,,0,,0,0,0,,0,2,,,,,,,,,B,,,,0,,,,,0,0,0,,,,,0,,0,0,0,,,,,0,,,,0,0,0,,,,99,L,,125133,0,0,,0,,0,0,,,,,BLUEPAINT,,ME01,WE01,X,X,"2,686","26,860.00",S,,,0,,,0,,,,1,0,,,,,,,,,0,,,,,,,,,F,,,0,,WE,2/21/17,2/21/17,10:35:38 AM,GBI-044,,MIGO_GR,,0,,,,,,,12:00:00 AM,,,,,,,,,,,0,,,,,
375,5000000953,2017,1,1,0,0,0,101,,BLUEPAINT,SD00,RM00,,,,,,125133,,,0,0,,S,USD,1020.00,0,1020.00,,0,,1099,L,1099,L,1099,L,4500000496,10,,,0,,,0,X,,,,,,NA00,,,,,,,,,,,,2017,,,US00,,0,,0,0,0,,0,2,,,,,,,,,B,,,,0,,,,,0,0,0,,,,,0,,0,0,0,,,,,0,,,,0,0,0,,,,102,L,,125133,0,0,,0,,0,0,,,,,BLUEPAINT,,ME01,WE01,X,X,"2,785","27,850.00",S,,,0,,,0,,,,1,0,,,,,,,,,0,,,,,,,,,F,,,0,,WE,2/21/17,2/21/17,10:36:15 AM,GBI-044,,MIGO_GR,,0,,,,,,,12:00:00 AM,,,,,,,,,,,0,,,,,
375,5000000954,2017,1,1,0,0,0,101,,BLUEPAINT,SD00,RM00,,,,,,125133,,,0,0,,S,USD,980.00,0,980.00,,0,,175,L,175,L,175,L,4500000497,10,,,0,,,0,X,,,,,,NA00,,,,,,,,,,,,2017,,,US00,,0,,0,0,0,,0,2,,,,,,,,,B,,,,0,,,,,0,0,0,,,,,0,,0,0,0,,,,,0,,,,0,0,0,,,,98,L,,125133,0,0,,0,,0,0,,,,,BLUEPAINT,,ME01,WE01,X,X,"2,887","28,870.00",S,,,0,,,0,,,,1,0,,,,,,,,,0,,,,,,,,,F,,,0,,WE,2/21/17,2/21/17,10:36:50 AM,GBI-044,,MIGO_GR,,0,,,,,,,12:00:00 AM,,,,,,,,,,,0,,,,,
375,5000000955,2017,1,1,0,0,0,101,,AAA LUBE,SD00,RM00,,,,,,125021,,,0,0,,S,USD,75000.00,0,75000.00,,0,,7,DR,7,DR,7,DR,4500000498,10,,,0,,,0,X,,,,,,NA00,,,,,,,,,,,,2017,,,US00,,0,,0,0,0,,0,2,,,,,,,,,B,,,,0,,,,,0,0,0,,,,,0,,0,0,0,,,,,0,,,,0,0,0,,,,5,DR,,125021,0,0,,0,,0,0,,,,,AAA LUBE,,ME01,WE01,X,X,122,"1,830,000.00",S,,,0,,,0,,,,1,0,,,,,,,,,0,,,,,,,,,F,,,0,,WE,2/21/17,2/21/17,3:30:07 PM,GBI-030,,MIGO_GR,,0,,,,,,,12:00:00 AM,,,,,,,,,,,0,,,,,
375,5000000956,2017,1,1,0,0,0,101,,AAA LUBE,SD00,RM00,,,,,,125021,,,0,0,,S,USD,60000.00,0,60000.00,,0,,22,DR,22,DR,22,DR,4500000499,10,,,0,,,0,X,,,,,,NA00,,,,,,,,,,,,2017,,,US00,,0,,0,0,0,,0,2,,,,,,,,,B,,,,0,,,,,0,0,0,,,,,0,,0,0,0,,,,,0,,,,0,0,0,,,,4,DR,,125021,0,0,,0,,0,0,,,,,AAA LUBE,,ME01,WE01,X,X,127,"1,905,000.00",S,,,0,,,0,,,,1,0,,,,,,,,,0,,,,,,,,,F,,,0,,WE,2/21/17,2/21/17,3:30:35 PM,GBI-030,,MIGO_GR,,0,,,,,,,12:00:00 AM,,,,,,,,,,,0,,,,,
375,5000000957,2017,1,1,0,0,0,101,,AAA LUBE,SD00,RM00,,,,,,125021,,,0,0,,S,USD,150000.00,0,150000.00,,0,,23,DR,23,DR,23,DR,4500000500,10,,,0,,,0,X,,,,,,NA00,,,,,,,,,,,,2017,,,US00,,0,,0,0,0,,0,2,,,,,,,,,B,,,,0,,,,,0,0,0,,,,,0,,0,0,0,,,,,0,,,,0,0,0,,,,10,DR,,125021,0,0,,0,,0,0,,,,,AAA LUBE,,ME01,WE01,X,X,131,"1,965,000.00",S,,,0,,,0,,,,1,0,,,,,,,,,0,,,,,,,,,2,,,0,,WE,2/21/17,2/21/17,3:31:05 PM,GBI-030,,MIGO_GR,,0,,,,,,,12:00:00 AM,,,,,,,,,,,0,,,,,
375,5000000958,2017,1,1,0,0,0,101,,AAA LUBE,SD00,RM00,,,,,,125021,,,0,0,,S,USD,75000.00,0,75000.00,,0,,16,DR,16,DR,16,DR,4500000501,10,,,0,,,0,X,,,,,,NA00,,,,,,,,,,,,2017,,,US00,,0,,0,0,0,,0,2,,,,,,,,,B,,,,0,,,,,0,0,0,,,,,0,,0,0,0,,,,,0,,,,0,0,0,,,,5,DR,,125021,0,0,,0,,0,0,,,,,AAA LUBE,,ME01,WE01,X,X,141,"2,115,000.00",S,,,0,,,0,,,,1,0,,,,,,,,,0,,,,,,,,,F,,,0,,WE,2/21/17,2/21/17,3:31:36 PM,GBI-030,,MIGO_GR,,0,,,,,,,12:00:00 AM,,,,,,,,,,,0,,,,,
375,5000000959,2017,1,1,0,0,0,101,,AAA LUBE,SD00,RM00,,,,,,125021,,,0,0,,S,USD,105000.00,0,105000.00,,0,,25,DR,25,DR,25,DR,4500000502,10,,,0,,,0,X,,,,,,NA00,,,,,,,,,,,,2017,,,US00,,0,,0,0,0,,0,2,,,,,,,,,B,,,,0,,,,,0,0,0,,,,,0,,0,0,0,,,,,0,,,,0,0,0,,,,7,DR,,125021,0,0,,0,,0,0,,,,,AAA LUBE,,ME01,WE01,X,X,146,"2,190,000.00",S,,,0,,,0,,,,1,0,,,,,,,,,0,,,,,,,,,F,,,0,,WE,2/21/17,2/21/17,3:31:59 PM,GBI-030,,MIGO_GR,,0,,,,,,,12:00:00 AM,,,,,,,,,,,0,,,,,
375,5000000960,2017,1,1,0,0,0,101,,BLUEPAINT,SD00,RM00,,,,,,125134,,,0,0,,S,USD,950.00,0,950.00,,0,,147,L,147,L,147,L,4500000508,10,,,0,,,0,X,,,,,,NA00,,,,,,,,,,,,2017,,,US00,,0,,0,0,0,,0,2,,,,,,,,,B,,,,0,,,,,0,0,0,,,,,0,,0,0,0,,,,,0,,,,0,0,0,,,,95,L,,125134,0,0,,0,,0,0,,,,,BLUEPAINT,,ME01,WE01,X,X,"2,985","29,850.00",S,,,0,,,0,,,,1,0,,,,,,,,,0,,,,,,,,,F,,,0,,WE,2/21/17,2/21/17,7:14:40 PM,GBI-063,,MIGO_GR,,0,,,,,,,12:00:00 AM,,,,,,,,,,,0,,,,,
375,5000000961,2017,1,1,0,0,0,101,,BLUEPAINT,SD00,RM00,,,,,,125134,,,0,0,,S,USD,1020.00,0,1020.00,,0,,676,L,676,L,676,L,4500000509,10,,,0,,,0,X,,,,,,NA00,,,,,,,,,,,,2017,,,US00,,0,,0,0,0,,0,2,,,,,,,,,B,,,,0,,,,,0,0,0,,,,,0,,0,0,0,,,,,0,,,,0,0,0,,,,102,L,,125134,0,0,,0,,0,0,,,,,BLUEPAINT,,ME01,WE01,X,X,"3,080","30,800.00",S,,,0,,,0,,,,1,0,,,,,,,,,0,,,,,,,,,F,,,0,,WE,2/21/17,2/21/17,7:16:06 PM,GBI-063,,MIGO_GR,,0,,,,,,,12:00:00 AM,,,,,,,,,,,0,,,,,
375,5000000962,2017,1,1,0,0,0,101,,BLUEPAINT,SD00,RM00,,,,,,125134,,,0,0,,S,USD,980.00,0,980.00,,0,,368,L,368,L,368,L,4500000510,10,,,0,,,0,X,,,,,,NA00,,,,,,,,,,,,2017,,,US00,,0,,0,0,0,,0,2,,,,,,,,,B,,,,0,,,,,0,0,0,,,,,0,,0,0,0,,,,,0,,,,0,0,0,,,,98,L,,125134,0,0,,0,,0,0,,,,,BLUEPAINT,,ME01,WE01,X,X,"3,182","31,820.00",S,,,0,,,0,,,,1,0,,,,,,,,,0,,,,,,,,,F,,,0,,WE,2/21/17,2/21/17,7:16:48 PM,GBI-063,,MIGO_GR,,0,,,,,,,12:00:00 AM,,,,,,,,,,,0,,,,,
375,5000000963,2017,1,1,0,0,0,101,,BLUEPAINT,SD00,RM00,,,,,,125134,,,0,0,,S,USD,1010.00,0,1010.00,,0,,1077,L,1077,L,1077,L,4500000511,10,,,0,,,0,X,,,,,,NA00,,,,,,,,,,,,2017,,,US00,,0,,0,0,0,,0,2,,,,,,,,,B,,,,0,,,,,0,0,0,,,,,0,,0,0,0,,,,,0,,,,0,0,0,,,,101,L,,125134,0,0,,0,,0,0,,,,,BLUEPAINT,,ME01,WE01,X,X,"3,280","32,800.00",S,,,0,,,0,,,,1,0,,,,,,,,,0,,,,,,,,,F,,,0,,WE,2/21/17,2/21/17,7:17:20 PM,GBI-063,,MIGO_GR,,0,,,,,,,12:00:00 AM,,,,,,,,,,,0,,,,,
375,5000000964,2017,1,1,0,0,0,101,,BLUEPAINT,SD00,RM00,,,,,,125134,,,0,0,,S,USD,1040.00,0,1040.00,,0,,1047,L,1047,L,1047,L,4500000512,10,,,0,,,0,X,,,,,,NA00,,,,,,,,,,,,2017,,,US00,,0,,0,0,0,,0,2,,,,,,,,,B,,,,0,,,,,0,0,0,,,,,0,,0,0,0,,,,,0,,,,0,0,0,,,,104,L,,125134,0,0,,0,,0,0,,,,,BLUEPAINT,,ME01,WE01,X,X,"3,381","33,810.00",S,,,0,,,0,,,,1,0,,,,,,,,,0,,,,,,,,,F,,,0,,WE,2/21/17,2/21/17,7:17:49 PM,GBI-063,,MIGO_GR,,0,,,,,,,12:00:00 AM,,,,,,,,,,,0,,,,,
375,5000000965,2017,1,1,0,0,0,101,,BLUEPAINT,SD00,RM00,,,,,,125108,,,0,0,,S,USD,40000.00,0,40000.00,,0,,89,L,89,AU,89,L,4500000459,10,2017,1000000053,1,,,0,,,,,,,NA00,BI00,,NAIS1000,,,,,,,,,2017,,,US00,,0,,0,0,0,,0,2,,,,,,,,,B,V,,,0,,,,,0,0,0,,,,,0,,0,1,0,,,,,0,,,,0,0,0,,,770000,1,AU,,,0,0,,1,,0,0,,,,,,,ME02,WE06,,,0,0,,,,0,,,0,,,,1,0,,,,,,,,,0,,,,,,,,,F,,,0,,WE,2/20/17,2/20/17,6:37:59 PM,GBI-034,,ML81N,,0,,,,,,,12:00:00 AM,,,,,,,,,,,0,,,,,
375,5000000966,2017,1,1,0,0,0,101,,BLUEPAINT,SD00,RM00,,,,,,125105,,,0,0,,S,USD,10000.00,0,10000.00,,0,,73,L,73,AU,73,L,4500000457,10,2017,1000000051,1,,,0,,,,,,,NA00,BI00,,NAIS1000,,,,,,,,,2017,,,US00,,0,,0,0,0,,0,2,,,,,,,,,B,V,,,0,,,,,0,0,0,,,,,0,,0,1,0,,,,,0,,,,0,0,0,,,770000,1,AU,,,0,0,,1,,0,0,,,,,,,ME02,WE06,,,0,0,,,,0,,,0,,,,1,0,,,,,,,,,0,,,,,,,,,F,,,0,,WE,2/20/17,2/20/17,6:43:06 PM,GBI-012,,ML81N,,0,,,,,,,12:00:00 AM,,,,,,,,,,,0,,,,,
375,5000000967,2017,1,1,0,0,0,101,,BLUEPAINT,SD00,RM00,,,,,,125106,,,0,0,,S,USD,56250.00,0,56250.00,,0,,493,L,493,AU,493,L,4500000460,10,2017,1000000055,1,,,0,,,,,,,NA00,BI00,,NAIS1000,,,,,,,,,2017,,,US00,,0,,0,0,0,,0,2,,,,,,,,,B,V,,,0,,,,,0,0,0,,,,,0,,0,1,0,,,,,0,,,,0,0,0,,,770000,1,AU,,,0,0,,1,,0,0,,,,,,,ME02,WE06,,,0,0,,,,0,,,0,,,,1,0,,,,,,,,,0,,,,,,,,,F,,,0,,WE,2/20/17,2/20/17,6:44:01 PM,GBI-008,,ML81N,,0,,,,,,,12:00:00 AM,,,,,,,,,,,0,,,,,
375,5000000968,2017,1,1,0,0,0,101,,BLUEPAINT,SD00,RM00,,,,,,125108,,,0,0,,S,USD,144000.00,0,144000.00,,0,,560,L,560,AU,560,L,4500000461,10,2017,1000000056,1,,,0,,,,,,,NA00,BI00,,NAIS1000,,,,,,,,,2017,,,US00,,0,,0,0,0,,0,2,,,,,,,,,B,V,,,0,,,,,0,0,0,,,,,0,,0,1,0,,,,,0,,,,0,0,0,,,770000,1,AU,,,0,0,,1,,0,0,,,,,,,ME02,WE06,,,0,0,,,,0,,,0,,,,1,0,,,,,,,,,0,,,,,,,,,F,,,0,,WE,2/20/17,2/20/17,6:44:58 PM,GBI-034,,ML81N,,0,,,,,,,12:00:00 AM,,,,,,,,,,,0,,,,,
375,5000000969,2017,1,1,0,0,0,101,,BLUEPAINT,SD00,RM00,,,,,,125106,,,0,0,,S,USD,60000.00,0,60000.00,,0,,226,L,226,AU,226,L,4500000462,10,2017,1000000058,1,,,0,,,,,,,NA00,BI00,,NAIS1000,,,,,,,,,2017,,,US00,,0,,0,0,0,,0,2,,,,,,,,,B,V,,,0,,,,,0,0,0,,,,,0,,0,1,0,,,,,0,,,,0,0,0,,,770000,1,AU,,,0,0,,1,,0,0,,,,,,,ME02,WE06,,,0,0,,,,0,,,0,,,,1,0,,,,,,,,,0,,,,,,,,,F,,,0,,WE,2/20/17,2/20/17,6:48:27 PM,GBI-008,,ML81N,,0,,,,,,,12:00:00 AM,,,,,,,,,,,0,,,,,
375,5000000970,2017,1,1,0,0,0,101,,BLUEPAINT,SD00,RM00,,,,,,125108,,,0,0,,S,USD,96000.00,0,96000.00,,0,,596,L,596,AU,596,L,4500000463,10,2017,1000000059,1,,,0,,,,,,,NA00,BI00,,NAIS1000,,,,,,,,,2017,,,US00,,0,,0,0,0,,0,2,,,,,,,,,B,V,,,0,,,,,0,0,0,,,,,0,,0,1,0,,,,,0,,,,0,0,0,,,770000,1,AU,,,0,0,,1,,0,0,,,,,,,ME02,WE06,,,0,0,,,,0,,,0,,,,1,0,,,,,,,,,0,,,,,,,,,F,,,0,,WE,2/20/17,2/20/17,6:52:03 PM,GBI-034,,ML81N,,0,,,,,,,12:00:00 AM,,,,,,,,,,,0,,,,,
375,5000000971,2017,1,3,0,0,0,101,,BLUEPAINT,SD00,RM00,,,,,,125136,,,0,0,,S,USD,1040.00,0,1040.00,,0,,794,L,794,L,794,L,4500000451,10,,,0,,,0,X,,,,,,NA00,,,,,,,,,,,,2017,,,US00,,0,,0,0,0,,0,2,,,,,,,,,B,,,,0,,,,,0,0,0,,,,,0,,0,0,0,,,,,0,,,,0,0,0,,,,104,L,,125136,0,0,,0,,0,0,,,,,BLUEPAINT,,ME01,WE01,X,X,395,"3,950.00",S,,,0,,,0,,,,1,0,,,,,,,,,0,,,,,,,,,F,,,0,,WE,2/20/17,2/20/17,6:54:04 PM,GBI-009,,MIGO_GR,,0,,,,,,,12:00:00 AM,,,,,,,,,,,0,,,,,
375,5000000972,2017,1,1,0,0,0,101,,BLUEPAINT,SD00,RM00,,,,,,125133,,,0,0,,S,USD,1010.00,0,1010.00,,0,,684,L,684,L,684,L,4500000430,10,,,0,,,0,X,,,,,,NA00,,,,,,,,,,,,2017,,,US00,,0,,0,0,0,,0,2,,,,,,,,,B,,,,0,,,,,0,0,0,,,,,0,,0,0,0,,,,,0,,,,0,0,0,,,,101,L,,125133,0,0,,0,,0,0,,,,,BLUEPAINT,,ME01,WE01,X,X,499,"4,990.00",S,,,0,,,0,,,,1,0,,,,,,,,,0,,,,,,,,,F,,,0,,WE,2/20/17,2/20/17,6:54:30 PM,GBI-044,,MIGO_GR,,0,,,,,,,12:00:00 AM,,,,,,,,,,,0,,,,,
375,5000000973,2017,1,1,0,0,0,101,,BLUEPAINT,SD00,RM00,,,,,,125136,,,0,0,,S,USD,980.00,0,980.00,,0,,449,L,449,L,449,L,4500000450,10,,,0,,,0,X,,,,,,NA00,,,,,,,,,,,,2017,,,US00,,0,,0,0,0,,0,2,,,,,,,,,B,,,,0,,,,,0,0,0,,,,,0,,0,0,0,,,,,0,,,,0,0,0,,,,98,L,,125136,0,0,,0,,0,0,,,,,BLUEPAINT,,ME01,WE01,X,X,600,"6,000.00",S,,,0,,,0,,,,1,0,,,,,,,,,0,,,,,,,,,F,,,0,,WE,2/20/17,2/20/17,6:55:16 PM,GBI-009,,MIGO_GR,,0,,,,,,,12:00:00 AM,,,,,,,,,,,0,,,,,
375,5000000974,2017,1,1,0,0,0,101,,BLUEPAINT,SD00,RM00,,,,,,125132,,,0,0,,S,USD,980.00,0,980.00,,0,,482,L,482,L,482,L,4500000448,10,,,0,,,0,X,,,,,,NA00,,,,,,,,,,,,2017,,,US00,,0,,0,0,0,,0,2,,,,,,,,,B,,,,0,,,,,0,0,0,,,,,0,,0,0,0,,,,,0,,,,0,0,0,,,,98,L,,125132,0,0,,0,,0,0,,,,,BLUEPAINT,,ME01,WE01,X,X,698,"6,980.00",S,,,0,,,0,,,,1,0,,,,,,,,,0,,,,,,,,,F,,,0,,WE,2/20/17,2/20/17,6:55:46 PM,GBI-053,,MIGO_GR,,0,,,,,,,12:00:00 AM,,,,,,,,,,,0,,,,,
375,5000000975,2017,1,1,0,0,0,101,,BLUEPAINT,SD00,RM00,,,,,,125136,,,0,0,,S,USD,990.00,0,990.00,,0,,669,L,669,L,669,L,4500000449,10,,,0,,,0,X,,,,,,NA00,,,,,,,,,,,,2017,,,US00,,0,,0,0,0,,0,2,,,,,,,,,B,,,,0,,,,,0,0,0,,,,,0,,0,0,0,,,,,0,,,,0,0,0,,,,99,L,,125136,0,0,,0,,0,0,,,,,BLUEPAINT,,ME01,WE01,X,X,796,"7,960.00",S,,,0,,,0,,,,1,0,,,,,,,,,0,,,,,,,,,F,,,0,,WE,2/20/17,2/20/17,6:55:52 PM,GBI-009,,MIGO_GR,,0,,,,,,,12:00:00 AM,,,,,,,,,,,0,,,,,
375,5000000976,2017,1,1,0,0,0,101,,BLUEPAINT,SD00,RM00,,,,,,125133,,,0,0,,S,USD,1000.00,0,1000.00,,0,,619,L,619,L,619,L,4500000435,10,,,0,,,0,X,,,,,,NA00,,,,,,,,,,,,2017,,,US00,,0,,0,0,0,,0,2,,,,,,,,,B,,,,0,,,,,0,0,0,,,,,0,,0,0,0,,,,,0,,,,0,0,0,,,,100,L,,125133,0,0,,0,,0,0,,,,,BLUEPAINT,,ME01,WE01,X,X,895,"8,950.00",S,,,0,,,0,,,,1,0,,,,,,,,,0,,,,,,,,,F,,,0,,WE,2/20/17,2/20/17,6:56:09 PM,GBI-044,,MIGO_GR,,0,,,,,,,12:00:00 AM,,,,,,,,,,,0,,,,,
375,5000000977,2017,1,1,0,0,0,101,,BLUEPAINT,SD00,RM00,,,,,,125132,,,0,0,,S,USD,950.00,0,950.00,,0,,169,L,169,L,169,L,4500000445,10,,,0,,,0,X,,,,,,NA00,,,,,,,,,,,,2017,,,US00,,0,,0,0,0,,0,2,,,,,,,,,B,,,,0,,,,,0,0,0,,,,,0,,0,0,0,,,,,0,,,,0,0,0,,,,95,L,,125132,0,0,,0,,0,0,,,,,BLUEPAINT,,ME01,WE01,X,X,995,"9,950.00",S,,,0,,,0,,,,1,0,,,,,,,,,0,,,,,,,,,F,,,0,,WE,2/20/17,2/20/17,6:56:29 PM,GBI-053,,MIGO_GR,,0,,,,,,,12:00:00 AM,,,,,,,,,,,0,,,,,
375,5000000978,2017,1,1,0,0,0,101,,BLUEPAINT,SD00,RM00,,,,,,125136,,,0,0,,S,USD,1010.00,0,1010.00,,0,,617,L,617,L,617,L,4500000438,10,,,0,,,0,X,,,,,,NA00,,,,,,,,,,,,2017,,,US00,,0,,0,0,0,,0,2,,,,,,,,,B,,,,0,,,,,0,0,0,,,,,0,,0,0,0,,,,,0,,,,0,0,0,,,,101,L,,125136,0,0,,0,,0,0,,,,,BLUEPAINT,,ME01,WE01,X,X,"1,090","10,900.00",S,,,0,,,0,,,,1,0,,,,,,,,,0,,,,,,,,,F,,,0,,WE,2/20/17,2/20/17,6:56:38 PM,GBI-009,,MIGO_GR,,0,,,,,,,12:00:00 AM,,,,,,,,,,,0,,,,,
375,5000000979,2017,1,1,0,0,0,101,,BLUEPAINT,SD00,RM00,,,,,,125135,,,0,0,,S,USD,1040.00,0,1040.00,,0,,1012,L,1012,L,1012,L,4500000437,10,,,0,,,0,X,,,,,,NA00,,,,,,,,,,,,2017,,,US00,,0,,0,0,0,,0,2,,,,,,,,,B,,,,0,,,,,0,0,0,,,,,0,,0,0,0,,,,,0,,,,0,0,0,,,,104,L,,125135,0,0,,0,,0,0,,,,,BLUEPAINT,,ME01,WE01,X,X,"1,191","11,910.00",S,,,0,,,0,,,,1,0,,,,,,,,,0,,,,,,,,,F,,,0,,WE,2/20/17,2/20/17,6:57:04 PM,GBI-054,,MIGO_GR,,0,,,,,,,12:00:00 AM,,,,,,,,,,,0,,,,,
375,5000000980,2017,1,1,0,0,0,101,,BLUEPAINT,SD00,RM00,,,,,,125132,,,0,0,,S,USD,990.00,0,990.00,,0,,417,L,417,L,417,L,4500000442,10,,,0,,,0,X,,,,,,NA00,,,,,,,,,,,,2017,,,US00,,0,,0,0,0,,0,2,,,,,,,,,B,,,,0,,,,,0,0,0,,,,,0,,0,0,0,,,,,0,,,,0,0,0,,,,99,L,,125132,0,0,,0,,0,0,,,,,BLUEPAINT,,ME01,WE01,X,X,"1,295","12,950.00",S,,,0,,,0,,,,1,0,,,,,,,,,0,,,,,,,,,F,,,0,,WE,2/20/17,2/20/17,6:57:04 PM,GBI-053,,MIGO_GR,,0,,,,,,,12:00:00 AM,,,,,,,,,,,0,,,,,
375,5000000981,2017,1,1,0,0,0,101,,BLUEPAINT,SD00,RM00,,,,,,125133,,,0,0,,S,USD,990.00,0,990.00,,0,,993,L,993,L,993,L,4500000439,10,,,0,,,0,X,,,,,,NA00,,,,,,,,,,,,2017,,,US00,,0,,0,0,0,,0,2,,,,,,,,,B,,,,0,,,,,0,0,0,,,,,0,,0,0,0,,,,,0,,,,0,0,0,,,,99,L,,125133,0,0,,0,,0,0,,,,,BLUEPAINT,,ME01,WE01,X,X,"1,394","13,940.00",S,,,0,,,0,,,,1,0,,,,,,,,,0,,,,,,,,,F,,,0,,WE,2/20/17,2/20/17,6:57:07 PM,GBI-044,,MIGO_GR,,0,,,,,,,12:00:00 AM,,,,,,,,,,,0,,,,,
375,5000000982,2017,1,1,0,0,0,101,,BLUEPAINT,SD00,RM00,,,,,,125136,,,0,0,,S,USD,980.00,0,980.00,,0,,57,L,57,L,57,L,4500000431,10,,,0,,,0,X,,,,,,NA00,,,,,,,,,,,,2017,,,US00,,0,,0,0,0,,0,2,,,,,,,,,B,,,,0,,,,,0,0,0,,,,,0,,0,0,0,,,,,0,,,,0,0,0,,,,98,L,,125136,0,0,,0,,0,0,,,,,BLUEPAINT,,ME01,WE01,X,X,"1,493","14,930.00",S,,,0,,,0,,,,1,0,,,,,,,,,0,,,,,,,,,F,,,0,,WE,2/20/17,2/20/17,6:57:34 PM,GBI-009,,MIGO_GR,,0,,,,,,,12:00:00 AM,,,,,,,,,,,0,,,,,
375,5000000983,2017,1,1,0,0,0,101,,BLUEPAINT,SD00,RM00,,,,,,125132,,,0,0,,S,USD,960.00,0,960.00,,0,,217,L,217,L,217,L,4500000429,10,,,0,,,0,X,,,,,,NA00,,,,,,,,,,,,2017,,,US00,,0,,0,0,0,,0,2,,,,,,,,,B,,,,0,,,,,0,0,0,,,,,0,,0,0,0,,,,,0,,,,0,0,0,,,,96,L,,125132,0,0,,0,,0,0,,,,,BLUEPAINT,,ME01,WE01,X,X,"1,591","15,910.00",S,,,0,,,0,,,,1,0,,,,,,,,,0,,,,,,,,,F,,,0,,WE,2/20/17,2/20/17,6:57:51 PM,GBI-053,,MIGO_GR,,0,,,,,,,12:00:00 AM,,,,,,,,,,,0,,,,,
375,5000000984,2017,1,1,0,0,0,101,,BLUEPAINT,SD00,RM00,,,,,,125133,,,0,0,,S,USD,1020.00,0,1020.00,,0,,103,L,103,L,103,L,4500000446,10,,,0,,,0,X,,,,,,NA00,,,,,,,,,,,,2017,,,US00,,0,,0,0,0,,0,2,,,,,,,,,B,,,,0,,,,,0,0,0,,,,,0,,0,0,0,,,,,0,,,,0,0,0,,,,102,L,,125133,0,0,,0,,0,0,,,,,BLUEPAINT,,ME01,WE01,X,X,"1,687","16,870.00",S,,,0,,,0,,,,1,0,,,,,,,,,0,,,,,,,,,F,,,0,,WE,2/20/17,2/20/17,6:58:25 PM,GBI-044,,MIGO_GR,,0,,,,,,,12:00:00 AM,,,,,,,,,,,0,,,,,
375,5000000985,2017,1,1,0,0,0,101,,BLUEPAINT,SD00,RM00,,,,,,125135,,,0,0,,S,USD,970.00,0,970.00,,0,,246,L,246,L,246,L,4500000441,10,,,0,,,0,X,,,,,,NA00,,,,,,,,,,,,2017,,,US00,,0,,0,0,0,,0,2,,,,,,,,,B,,,,0,,,,,0,0,0,,,,,0,,0,0,0,,,,,0,,,,0,0,0,,,,97,L,,125135,0,0,,0,,0,0,,,,,BLUEPAINT,,ME01,WE01,X,X,"1,789","17,890.00",S,,,0,,,0,,,,1,0,,,,,,,,,0,,,,,,,,,F,,,0,,WE,2/20/17,2/20/17,6:58:29 PM,GBI-054,,MIGO_GR,,0,,,,,,,12:00:00 AM,,,,,,,,,,,0,,,,,
375,5000000986,2017,1,1,0,0,0,101,,BLUEPAINT,SD00,RM00,,,,,,125135,,,0,0,,S,USD,990.00,0,990.00,,0,,67,L,67,L,67,L,4500000444,10,,,0,,,0,X,,,,,,NA00,,,,,,,,,,,,2017,,,US00,,0,,0,0,0,,0,2,,,,,,,,,B,,,,0,,,,,0,0,0,,,,,0,,0,0,0,,,,,0,,,,0,0,0,,,,99,L,,125135,0,0,,0,,0,0,,,,,BLUEPAINT,,ME01,WE01,X,X,"1,886","18,860.00",S,,,0,,,0,,,,1,0,,,,,,,,,0,,,,,,,,,F,,,0,,WE,2/20/17,2/20/17,6:59:25 PM,GBI-054,,MIGO_GR,,0,,,,,,,12:00:00 AM,,,,,,,,,,,0,,,,,
375,5000000987,2017,1,1,0,0,0,101,,BLUEPAINT,SD00,RM00,,,,,,125133,,,0,0,,S,USD,980.00,0,980.00,,0,,655,L,655,L,655,L,4500000447,10,,,0,,,0,X,,,,,,NA00,,,,,,,,,,,,2017,,,US00,,0,,0,0,0,,0,2,,,,,,,,,B,,,,0,,,,,0,0,0,,,,,0,,0,0,0,,,,,0,,,,0,0,0,,,,98,L,,125133,0,0,,0,,0,0,,,,,BLUEPAINT,,ME01,WE01,X,X,"1,985","19,850.00",S,,,0,,,0,,,,1,0,,,,,,,,,0,,,,,,,,,F,,,0,,WE,2/20/17,2/20/17,6:59:42 PM,GBI-044,,MIGO_GR,,0,,,,,,,12:00:00 AM,,,,,,,,,,,0,,,,,
375,5000000988,2017,1,1,0,0,0,101,,BLUEPAINT,SD00,RM00,,,,,,125105,,,0,0,,S,USD,62500.00,0,62500.00,,0,,889,L,889,L,889,L,4500000464,10,2017,1000000060,1,,,0,,,,,,,NA00,BI00,,NAIS1000,,,,,,,,,2017,,,US00,,0,,0,0,0,,0,2,,,,,,,,,B,V,,,0,,,,,0,0,0,,,,,0,,0,1,0,,,,,0,,,,0,0,0,,,770000,1,AU,,,0,0,,1,,0,0,,,,,,,ME02,WE06,,,0,0,,,,0,,,0,,,,1,0,,,,,,,,,0,,,,,,,,,F,,,0,,WE,2/20/17,2/20/17,7:37:42 PM,GBI-034,,ML81N,,0,,,,,,,12:00:00 AM,,,,,,,,,,,0,,,,,
375,5000000989,2017,1,1,0,0,0,101,,BLUEPAINT,SD00,RM00,,,,,,125107,,,0,0,,S,USD,111000.00,0,111000.00,,0,,601,L,601,L,601,L,4500000465,10,2017,1000000062,1,,,0,,,,,,,NA00,BI00,,NAIS1000,,,,,,,,,2017,,,US00,,0,,0,0,0,,0,2,,,,,,,,,B,V,,,0,,,,,0,0,0,,,,,0,,0,1,0,,,,,0,,,,0,0,0,,,770000,1,AU,,,0,0,,1,,0,0,,,,,,,ME02,WE06,,,0,0,,,,0,,,0,,,,1,0,,,,,,,,,0,,,,,,,,,F,,,0,,WE,2/20/17,2/20/17,7:54:29 PM,GBI-049,,ML81N,,0,,,,,,,12:00:00 AM,,,,,,,,,,,0,,,,,
375,5000000990,2017,1,1,0,0,0,101,,BLUEPAINT,SD00,RM00,,,,,,125107,,,0,0,,S,USD,74750.00,0,74750.00,,0,,716,L,716,L,716,L,4500000466,10,2017,1000000061,1,,,0,,,,,,,NA00,BI00,,NAIS1000,,,,,,,,,2017,,,US00,,0,,0,0,0,,0,2,,,,,,,,,B,V,,,0,,,,,0,0,0,,,,,0,,0,1,0,,,,,0,,,,0,0,0,,,770000,1,AU,,,0,0,,1,,0,0,,,,,,,ME02,WE06,,,0,0,,,,0,,,0,,,,1,0,,,,,,,,,0,,,,,,,,,F,,,0,,WE,2/20/17,2/20/17,7:55:08 PM,GBI-034,,ML81N,,0,,,,,,,12:00:00 AM,,,,,,,,,,,0,,,,,
375,5000000991,2017,1,1,0,0,0,101,,BLUEPAINT,SD00,RM00,,,,,,125107,,,0,0,,S,USD,48000.00,0,48000.00,,0,,289,L,289,L,289,L,4500000468,10,2017,1000000063,1,,,0,,,,,,,NA00,BI00,,NAIS1000,,,,,,,,,2017,,,US00,,0,,0,0,0,,0,2,,,,,,,,,B,V,,,0,,,,,0,0,0,,,,,0,,0,1,0,,,,,0,,,,0,0,0,,,770000,1,AU,,,0,0,,1,,0,0,,,,,,,ME02,WE06,,,0,0,,,,0,,,0,,,,1,0,,,,,,,,,0,,,,,,,,,F,,,0,,WE,2/20/17,2/20/17,8:22:37 PM,GBI-049,,ML81N,,0,,,,,,,12:00:00 AM,,,,,,,,,,,0,,,,,
375,5000000992,2017,1,1,0,0,0,101,,BLUEPAINT,SD00,RM00,,,,,,125107,,,0,0,,S,USD,66000.00,0,66000.00,,0,,924,L,924,L,924,L,4500000475,10,2017,1000000064,1,,,0,,,,,,,NA00,BI00,,NAIS1000,,,,,,,,,2017,,,US00,,0,,0,0,0,,0,2,,,,,,,,,B,V,,,0,,,,,0,0,0,,,,,0,,0,1,0,,,,,0,,,,0,0,0,,,770000,1,AU,,,0,0,,1,,0,0,,,,,,,ME02,WE06,,,0,0,,,,0,,,0,,,,1,0,,,,,,,,,0,,,,,,,,,F,,,0,,WE,2/20/17,2/20/17,8:33:50 PM,GBI-049,,ML81N,,0,,,,,,,12:00:00 AM,,,,,,,,,,,0,,,,,
375,5000000993,2017,1,1,0,0,0,101,,BLUEPAINT,SD00,RM00,,,,,,125107,,,0,0,,S,USD,87750.00,0,87750.00,,0,,299,L,299,L,299,L,4500000482,10,2017,1000000065,1,,,0,,,,,,,NA00,BI00,,NAIS1000,,,,,,,,,2017,,,US00,,0,,0,0,0,,0,2,,,,,,,,,B,V,,,0,,,,,0,0,0,,,,,0,,0,1,0,,,,,0,,,,0,0,0,,,770000,1,AU,,,0,0,,1,,0,0,,,,,,,ME02,WE06,,,0,0,,,,0,,,0,,,,1,0,,,,,,,,,0,,,,,,,,,F,,,0,,WE,2/20/17,2/20/17,8:46:38 PM,GBI-049,,ML81N,,0,,,,,,,12:00:00 AM,,,,,,,,,,,0,,,,,
375,5000000994,2017,1,1,0,0,0,101,,AAA LUBE,SD00,RM00,,,,,,125021,,,0,0,,S,USD,75000.00,0,75000.00,,0,,19,DR,19,DR,19,DR,4500000484,10,,,0,,,0,X,,,,,,NA00,,,,,,,,,,,,2017,,,US00,,0,,0,0,0,,0,2,,,,,,,,,B,,,,0,,,,,0,0,0,,,,,0,,0,0,0,,,,,0,,,,0,0,0,,,,5,DR,,125021,0,0,,0,,0,0,,,,,AAA LUBE,,ME01,WE01,X,X,0,0,S,,,0,,,0,,,,1,0,,,,,,,,,0,,,,,,,,,F,,,0,,WE,2/20/17,2/20/17,10:42:51 PM,GBI-041,,MIGO_GR,,0,,,,,,,12:00:00 AM,,,,,,,,,,,0,,,,,
375,5000000995,2017,1,1,0,0,0,101,,AAA LUBE,SD00,RM00,,,,,,125021,,,0,0,,S,USD,45000.00,0,45000.00,,0,,24,DR,24,DR,24,DR,4500000483,10,,,0,,,0,X,,,,,,NA00,,,,,,,,,,,,2017,,,US00,,0,,0,0,0,,0,2,,,,,,,,,B,,,,0,,,,,0,0,0,,,,,0,,0,0,0,,,,,0,,,,0,0,0,,,,3,DR,,125021,0,0,,0,,0,0,,,,,AAA LUBE,,ME01,WE01,X,X,5,"75,000.00",S,,,0,,,0,,,,1,0,,,,,,,,,0,,,,,,,,,F,,,0,,WE,2/20/17,2/20/17,10:43:23 PM,GBI-047,,MIGO_GR,,0,,,,,,,12:00:00 AM,,,,,,,,,,,0,,,,,
375,5000000996,2017,1,1,0,0,0,101,,AAA LUBE,SD00,RM00,,,,,,125021,,,0,0,,S,USD,90000.00,0,90000.00,,0,,6,DR,6,DR,6,DR,4500000467,10,,,0,,,0,X,,,,,,NA00,,,,,,,,,,,,2017,,,US00,,0,,0,0,0,,0,2,,,,,,,,,B,,,,0,,,,,0,0,0,,,,,0,,0,0,0,,,,,0,,,,0,0,0,,,,6,DR,,125021,0,0,,0,,0,0,,,,,AAA LUBE,,ME01,WE01,X,X,8,"120,000.00",S,,,0,,,0,,,,1,0,,,,,,,,,0,,,,,,,,,2,,,0,,WE,2/20/17,2/20/17,10:43:25 PM,GBI-052,,MIGO_GR,,0,,,,,,,12:00:00 AM,,,,,,,,,,,0,,,,,
375,5000000997,2017,1,1,0,0,0,101,,AAA LUBE,SD00,RM00,,,,,,125021,,,0,0,,S,USD,90000.00,0,90000.00,,0,,19,DR,19,DR,19,DR,4500000485,10,,,0,,,0,X,,,,,,NA00,,,,,,,,,,,,2017,,,US00,,0,,0,0,0,,0,2,,,,,,,,,B,,,,0,,,,,0,0,0,,,,,0,,0,0,0,,,,,0,,,,0,0,0,,,,6,DR,,125021,0,0,,0,,0,0,,,,,AAA LUBE,,ME01,WE01,X,X,14,"210,000.00",S,,,0,,,0,,,,1,0,,,,,,,,,0,,,,,,,,,F,,,0,,WE,2/20/17,2/20/17,10:43:52 PM,GBI-047,,MIGO_GR,,0,,,,,,,12:00:00 AM,,,,,,,,,,,0,,,,,
375,5000000998,2017,1,1,0,0,0,101,,AAA LUBE,SD00,RM00,,,,,,125021,,,0,0,,S,USD,105000.00,0,105000.00,,0,,7,DR,7,DR,7,DR,4500000486,10,,,0,,,0,X,,,,,,NA00,,,,,,,,,,,,2017,,,US00,,0,,0,0,0,,0,2,,,,,,,,,B,,,,0,,,,,0,0,0,,,,,0,,0,0,0,,,,,0,,,,0,0,0,,,,7,DR,,125021,0,0,,0,,0,0,,,,,AAA LUBE,,ME01,WE01,X,X,20,"300,000.00",S,,,0,,,0,,,,1,0,,,,,,,,,0,,,,,,,,,F,,,0,,WE,2/20/17,2/20/17,10:44:29 PM,GBI-047,,MIGO_GR,,0,,,,,,,12:00:00 AM,,,,,,,,,,,0,,,,,
375,5000000999,2017,1,1,0,0,0,101,,AAA LUBE,SD00,RM00,,,,,,125021,,,0,0,,S,USD,30000.00,0,30000.00,,0,,5,DR,5,DR,5,DR,4500000487,10,,,0,,,0,X,,,,,,NA00,,,,,,,,,,,,2017,,,US00,,0,,0,0,0,,0,2,,,,,,,,,B,,,,0,,,,,0,0,0,,,,,0,,0,0,0,,,,,0,,,,0,0,0,,,,2,DR,,125021,0,0,,0,,0,0,,,,,AAA LUBE,,ME01,WE01,X,X,27,"405,000.00",S,,,0,,,0,,,,1,0,,,,,,,,,0,,,,,,,,,F,,,0,,WE,2/20/17,2/20/17,10:45:16 PM,GBI-047,,MIGO_GR,,0,,,,,,,12:00:00 AM,,,,,,,,,,,0,,,,,
375,5000001000,2017,1,1,0,0,0,101,,AAA LUBE,SD00,RM00,,,,,,125021,,,0,0,,S,USD,75000.00,0,75000.00,,0,,7,DR,7,DR,7,DR,4500000470,10,,,0,,,0,X,,,,,,NA00,,,,,,,,,,,,2017,,,US00,,0,,0,0,0,,0,2,,,,,,,,,B,,,,0,,,,,0,0,0,,,,,0,,0,0,0,,,,,0,,,,0,0,0,,,,5,DR,,125021,0,0,,0,,0,0,,,,,AAA LUBE,,ME01,WE01,X,X,29,"435,000.00",S,,,0,,,0,,,,1,0,,,,,,,,,0,,,,,,,,,2,,,0,,WE,2/20/17,2/20/17,10:45:26 PM,GBI-052,,MIGO_GR,,0,,,,,,,12:00:00 AM,,,,,,,,,,,0,,,,,
375,5000001001,2017,1,1,0,0,0,101,,AAA LUBE,SD00,RM00,,,,,,125021,,,0,0,,S,USD,15000.00,0,15000.00,,0,,14,DR,14,DR,14,DR,4500000488,10,,,0,,,0,X,,,,,,NA00,,,,,,,,,,,,2017,,,US00,,0,,0,0,0,,0,2,,,,,,,,,B,,,,0,,,,,0,0,0,,,,,0,,0,0,0,,,,,0,,,,0,0,0,,,,1,DR,,125021,0,0,,0,,0,0,,,,,AAA LUBE,,ME01,WE01,X,X,34,"510,000.00",S,,,0,,,0,,,,1,0,,,,,,,,,0,,,,,,,,,F,,,0,,WE,2/20/17,2/20/17,10:46:06 PM,GBI-047,,MIGO_GR,,0,,,,,,,12:00:00 AM,,,,,,,,,,,0,,,,,
375,5000001002,2017,1,1,0,0,0,101,,AAA LUBE,SD00,RM00,,,,,,125021,,,0,0,,S,USD,120000.00,0,120000.00,,0,,12,DR,12,DR,12,DR,4500000473,10,,,0,,,0,X,,,,,,NA00,,,,,,,,,,,,2017,,,US00,,0,,0,0,0,,0,2,,,,,,,,,B,,,,0,,,,,0,0,0,,,,,0,,0,0,0,,,,,0,,,,0,0,0,,,,8,DR,,125021,0,0,,0,,0,0,,,,,AAA LUBE,,ME01,WE01,X,X,35,"525,000.00",S,,,0,,,0,,,,1,0,,,,,,,,,0,,,,,,,,,2,,,0,,WE,2/20/17,2/20/17,10:46:19 PM,GBI-052,,MIGO_GR,,0,,,,,,,12:00:00 AM,,,,,,,,,,,0,,,,,
375,5000001003,2017,1,1,0,0,0,101,,AAA LUBE,SD00,RM00,,,,,,125021,,,0,0,,S,USD,90000.00,0,90000.00,,0,,11,DR,11,DR,11,DR,4500000469,10,,,0,,,0,X,,,,,,NA00,,,,,,,,,,,,2017,,,US00,,0,,0,0,0,,0,2,,,,,,,,,B,,,,0,,,,,0,0,0,,,,,0,,0,0,0,,,,,0,,,,0,0,0,,,,6,DR,,125021,0,0,,0,,0,0,,,,,AAA LUBE,,ME01,WE01,X,X,43,"645,000.00",S,,,0,,,0,,,,1,0,,,,,,,,,0,,,,,,,,,F,,,0,,WE,2/20/17,2/20/17,10:46:48 PM,GBI-056,,MIGO_GR,,0,,,,,,,12:00:00 AM,,,,,,,,,,,0,,,,,
375,5000001004,2017,1,1,0,0,0,101,,AAA LUBE,SD00,RM00,,,,,,125021,,,0,0,,S,USD,45000.00,0,45000.00,,0,,10,DR,10,DR,10,DR,4500000476,10,,,0,,,0,X,,,,,,NA00,,,,,,,,,,,,2017,,,US00,,0,,0,0,0,,0,2,,,,,,,,,B,,,,0,,,,,0,0,0,,,,,0,,0,0,0,,,,,0,,,,0,0,0,,,,3,DR,,125021,0,0,,0,,0,0,,,,,AAA LUBE,,ME01,WE01,X,X,49,"735,000.00",S,,,0,,,0,,,,1,0,,,,,,,,,0,,,,,,,,,2,,,0,,WE,2/20/17,2/20/17,10:46:52 PM,GBI-052,,MIGO_GR,,0,,,,,,,12:00:00 AM,,,,,,,,,,,0,,,,,
375,5000001005,2017,1,1,0,0,0,101,,AAA LUBE,SD00,RM00,,,,,,125021,,,0,0,,S,USD,75000.00,0,75000.00,,0,,25,DR,25,DR,25,DR,4500000479,10,,,0,,,0,X,,,,,,NA00,,,,,,,,,,,,2017,,,US00,,0,,0,0,0,,0,2,,,,,,,,,B,,,,0,,,,,0,0,0,,,,,0,,0,0,0,,,,,0,,,,0,0,0,,,,5,DR,,125021,0,0,,0,,0,0,,,,,AAA LUBE,,ME01,WE01,X,X,52,"780,000.00",S,,,0,,,0,,,,1,0,,,,,,,,,0,,,,,,,,,2,,,0,,WE,2/20/17,2/20/17,10:47:28 PM,GBI-052,,MIGO_GR,,0,,,,,,,12:00:00 AM,,,,,,,,,,,0,,,,,
375,5000001006,2017,1,1,0,0,0,101,,AAA LUBE,SD00,RM00,,,,,,125021,,,0,0,,S,USD,135000.00,0,135000.00,,0,,25,DR,25,DR,25,DR,4500000471,10,,,0,,,0,X,,,,,,NA00,,,,,,,,,,,,2017,,,US00,,0,,0,0,0,,0,2,,,,,,,,,B,,,,0,,,,,0,0,0,,,,,0,,0,0,0,,,,,0,,,,0,0,0,,,,9,DR,,125021,0,0,,0,,0,0,,,,,AAA LUBE,,ME01,WE01,X,X,57,"855,000.00",S,,,0,,,0,,,,1,0,,,,,,,,,0,,,,,,,,,F,,,0,,WE,2/20/17,2/20/17,10:47:58 PM,GBI-056,,MIGO_GR,,0,,,,,,,12:00:00 AM,,,,,,,,,,,0,,,,,
375,5000001007,2017,1,1,0,0,0,101,,AAA LUBE,SD00,RM00,,,,,,125021,,,0,0,,S,USD,75000.00,0,75000.00,,0,,13,DR,13,DR,13,DR,4500000418,10,,,0,,,0,X,,,,,,NA00,,,,,,,,,,,,2017,,,US00,,0,,0,0,0,,0,2,,,,,,,,,B,,,,0,,,,,0,0,0,,,,,0,,0,0,0,,,,,0,,,,0,0,0,,,,5,DR,,125021,0,0,,0,,0,0,,,,,AAA LUBE,,ME01,WE01,X,X,66,"990,000.00",S,,,0,,,0,,,,1,0,,,,,,,,,0,,,,,,,,,F,,,0,,WE,2/20/17,2/20/17,10:47:59 PM,GBI-047,,MIGO_GR,,0,,,,,,,12:00:00 AM,,,,,,,,,,,0,,,,,
375,5000001008,2017,1,1,0,0,0,101,,AAA LUBE,SD00,RM00,,,,,,125021,,,0,0,,S,USD,60000.00,0,60000.00,,0,,8,DR,8,DR,8,DR,4500000422,10,,,0,,,0,X,,,,,,NA00,,,,,,,,,,,,2017,,,US00,,0,,0,0,0,,0,2,,,,,,,,,B,,,,0,,,,,0,0,0,,,,,0,,0,0,0,,,,,0,,,,0,0,0,,,,4,DR,,125021,0,0,,0,,0,0,,,,,AAA LUBE,,ME01,WE01,X,X,71,"1,065,000.00",S,,,0,,,0,,,,1,0,,,,,,,,,0,,,,,,,,,F,,,0,,WE,2/20/17,2/20/17,10:47:59 PM,GBI-052,,MIGO_GR,,0,,,,,,,12:00:00 AM,,,,,,,,,,,0,,,,,
375,5000001009,2017,1,1,0,0,0,101,,AAA LUBE,SD00,RM00,,,,,,125021,,,0,0,,S,USD,75000.00,0,75000.00,,0,,19,DR,19,DR,19,DR,4500000421,10,,,0,,,0,X,,,,,,NA00,,,,,,,,,,,,2017,,,US00,,0,,0,0,0,,0,2,,,,,,,,,B,,,,0,,,,,0,0,0,,,,,0,,0,0,0,,,,,0,,,,0,0,0,,,,5,DR,,125021,0,0,,0,,0,0,,,,,AAA LUBE,,ME01,WE01,X,X,75,"1,125,000.00",S,,,0,,,0,,,,1,0,,,,,,,,,0,,,,,,,,,F,,,0,,WE,2/20/17,2/20/17,10:48:26 PM,GBI-052,,MIGO_GR,,0,,,,,,,12:00:00 AM,,,,,,,,,,,0,,,,,
375,5000001010,2017,1,1,0,0,0,101,,AAA LUBE,SD00,RM00,,,,,,125021,,,0,0,,S,USD,30000.00,0,30000.00,,0,,13,DR,13,DR,13,DR,4500000472,10,,,0,,,0,X,,,,,,NA00,,,,,,,,,,,,2017,,,US00,,0,,0,0,0,,0,2,,,,,,,,,B,,,,0,,,,,0,0,0,,,,,0,,0,0,0,,,,,0,,,,0,0,0,,,,2,DR,,125021,0,0,,0,,0,0,,,,,AAA LUBE,,ME01,WE01,X,X,80,"1,200,000.00",S,,,0,,,0,,,,1,0,,,,,,,,,0,,,,,,,,,F,,,0,,WE,2/20/17,2/20/17,10:48:46 PM,GBI-056,,MIGO_GR,,0,,,,,,,12:00:00 AM,,,,,,,,,,,0,,,,,
375,5000001011,2017,1,1,0,0,0,101,,AAA LUBE,SD00,RM00,,,,,,125021,,,0,0,,S,USD,75000.00,0,75000.00,,0,,23,DR,23,DR,23,DR,4500000419,10,,,0,,,0,X,,,,,,NA00,,,,,,,,,,,,2017,,,US00,,0,,0,0,0,,0,2,,,,,,,,,B,,,,0,,,,,0,0,0,,,,,0,,0,0,0,,,,,0,,,,0,0,0,,,,5,DR,,125021,0,0,,0,,0,0,,,,,AAA LUBE,,ME01,WE01,X,X,82,"1,230,000.00",S,,,0,,,0,,,,1,0,,,,,,,,,0,,,,,,,,,F,,,0,,WE,2/20/17,2/20/17,10:48:56 PM,GBI-047,,MIGO_GR,,0,,,,,,,12:00:00 AM,,,,,,,,,,,0,,,,,
375,5000001012,2017,1,1,0,0,0,101,,AAA LUBE,SD00,RM00,,,,,,125021,,,0,0,,S,USD,75000.00,0,75000.00,,0,,23,DR,23,DR,23,DR,4500000420,10,,,0,,,0,X,,,,,,NA00,,,,,,,,,,,,2017,,,US00,,0,,0,0,0,,0,2,,,,,,,,,B,,,,0,,,,,0,0,0,,,,,0,,0,0,0,,,,,0,,,,0,0,0,,,,5,DR,,125021,0,0,,0,,0,0,,,,,AAA LUBE,,ME01,WE01,X,X,87,"1,305,000.00",S,,,0,,,0,,,,1,0,,,,,,,,,0,,,,,,,,,F,,,0,,WE,2/20/17,2/20/17,10:49:05 PM,GBI-052,,MIGO_GR,,0,,,,,,,12:00:00 AM,,,,,,,,,,,0,,,,,
375,5000001013,2017,1,1,0,0,0,101,,AAA LUBE,SD00,RM00,,,,,,125021,,,0,0,,S,USD,90000.00,0,90000.00,,0,,5,DR,5,DR,5,DR,4500000489,10,,,0,,,0,X,,,,,,NA00,,,,,,,,,,,,2017,,,US00,,0,,0,0,0,,0,2,,,,,,,,,B,,,,0,,,,,0,0,0,,,,,0,,0,0,0,,,,,0,,,,0,0,0,,,,6,DR,,125021,0,0,,0,,0,0,,,,,AAA LUBE,,ME01,WE01,X,X,92,"1,380,000.00",S,,,0,,,0,,,,1,0,,,,,,,,,0,,,,,,,,,F,,,0,,WE,2/20/17,2/20/17,10:49:58 PM,GBI-041,,MIGO_GR,,0,,,,,,,12:00:00 AM,,,,,,,,,,,0,,,,,
375,5000001014,2017,1,1,0,0,0,101,,AAA LUBE,SD00,RM00,,,,,,125021,,,0,0,,S,USD,45000.00,0,45000.00,,0,,25,DR,25,DR,25,DR,4500000474,10,,,0,,,0,X,,,,,,NA00,,,,,,,,,,,,2017,,,US00,,0,,0,0,0,,0,2,,,,,,,,,B,,,,0,,,,,0,0,0,,,,,0,,0,0,0,,,,,0,,,,0,0,0,,,,3,DR,,125021,0,0,,0,,0,0,,,,,AAA LUBE,,ME01,WE01,X,X,98,"1,470,000.00",S,,,0,,,0,,,,1,0,,,,,,,,,0,,,,,,,,,F,,,0,,WE,2/20/17,2/20/17,10:50:21 PM,GBI-056,,MIGO_GR,,0,,,,,,,12:00:00 AM,,,,,,,,,,,0,,,,,
375,5000001015,2017,1,1,0,0,0,101,,AAA LUBE,SD00,RM00,,,,,,125021,,,0,0,,S,USD,75000.00,0,75000.00,,0,,21,DR,21,DR,21,DR,4500000490,10,,,0,,,0,X,,,,,,NA00,,,,,,,,,,,,2017,,,US00,,0,,0,0,0,,0,2,,,,,,,,,B,,,,0,,,,,0,0,0,,,,,0,,0,0,0,,,,,0,,,,0,0,0,,,,5,DR,,125021,0,0,,0,,0,0,,,,,AAA LUBE,,ME01,WE01,X,X,101,"1,515,000.00",S,,,0,,,0,,,,1,0,,,,,,,,,0,,,,,,,,,F,,,0,,WE,2/20/17,2/20/17,10:51:01 PM,GBI-041,,MIGO_GR,,0,,,,,,,12:00:00 AM,,,,,,,,,,,0,,,,,
375,5000001016,2017,1,1,0,0,0,101,,AAA LUBE,SD00,RM00,,,,,,125021,,,0,0,,S,USD,75000.00,0,75000.00,,0,,25,DR,25,DR,25,DR,4500000477,10,,,0,,,0,X,,,,,,NA00,,,,,,,,,,,,2017,,,US00,,0,,0,0,0,,0,2,,,,,,,,,B,,,,0,,,,,0,0,0,,,,,0,,0,0,0,,,,,0,,,,0,0,0,,,,5,DR,,125021,0,0,,0,,0,0,,,,,AAA LUBE,,ME01,WE01,X,X,106,"1,590,000.00",S,,,0,,,0,,,,1,0,,,,,,,,,0,,,,,,,,,F,,,0,,WE,2/20/17,2/20/17,10:51:20 PM,GBI-056,,MIGO_GR,,0,,,,,,,12:00:00 AM,,,,,,,,,,,0,,,,,
375,5000001017,2017,1,1,0,0,0,101,,AAA LUBE,SD00,RM00,,,,,,125021,,,0,0,,S,USD,90000.00,0,90000.00,,0,,7,DR,7,DR,7,DR,4500000491,10,,,0,,,0,X,,,,,,NA00,,,,,,,,,,,,2017,,,US00,,0,,0,0,0,,0,2,,,,,,,,,B,,,,0,,,,,0,0,0,,,,,0,,0,0,0,,,,,0,,,,0,0,0,,,,6,DR,,125021,0,0,,0,,0,0,,,,,AAA LUBE,,ME01,WE01,X,X,111,"1,665,000.00",S,,,0,,,0,,,,1,0,,,,,,,,,0,,,,,,,,,F,,,0,,WE,2/20/17,2/20/17,10:53:08 PM,GBI-041,,MIGO_GR,,0,,,,,,,12:00:00 AM,,,,,,,,,,,0,,,,,
375,5000001018,2017,1,1,0,0,0,101,,AAA LUBE,SD00,RM00,,,,,,125021,,,0,0,,S,USD,75000.00,0,75000.00,,0,,14,DR,14,DR,14,DR,4500000492,10,,,0,,,0,X,,,,,,NA00,,,,,,,,,,,,2017,,,US00,,0,,0,0,0,,0,2,,,,,,,,,B,,,,0,,,,,0,0,0,,,,,0,,0,0,0,,,,,0,,,,0,0,0,,,,5,DR,,125021,0,0,,0,,0,0,,,,,AAA LUBE,,ME01,WE01,X,X,117,"1,755,000.00",S,,,0,,,0,,,,1,0,,,,,,,,,0,,,,,,,,,F,,,0,,WE,2/20/17,2/20/17,10:55:39 PM,GBI-041,,MIGO_GR,,0,,,,,,,12:00:00 AM,,,,,,,,,,,0,,,,,
375,5000001019,2017,1,1,0,0,0,101,,BLUEPAINT,SD00,RM00,,,,,,125131,,,0,0,,S,USD,1020.00,0,1020.00,,0,,504,L,504,L,504,L,4500000432,10,,,0,,,0,X,,,,,,NA00,,,,,,,,,,,,2017,,,US00,,0,,0,0,0,,0,2,,,,,,,,,B,,,,0,,,,,0,0,0,,,,,0,,0,0,0,,,,,0,,,,0,0,0,,,,102,L,,125131,0,0,,0,,0,0,,,,,BLUEPAINT,,ME01,WE01,X,X,"2,083","20,830.00",S,,,0,,,0,,,,1,0,,,,,,,,,0,,,,,,,,,F,,,0,,WE,2/20/17,2/20/17,11:00:10 PM,GBI-045,,MIGO_GR,,0,,,,,,,12:00:00 AM,,,,,,,,,,,0,,,,,
375,5000001020,2017,1,1,0,0,0,101,,BLUEPAINT,SD00,RM00,,,,,,125131,,,0,0,,S,USD,1030.00,0,1030.00,,0,,148,L,148,L,148,L,4500000436,10,,,0,,,0,X,,,,,,NA00,,,,,,,,,,,,2017,,,US00,,0,,0,0,0,,0,2,,,,,,,,,B,,,,0,,,,,0,0,0,,,,,0,,0,0,0,,,,,0,,,,0,0,0,,,,103,L,,125131,0,0,,0,,0,0,,,,,BLUEPAINT,,ME01,WE01,X,X,"2,185","21,850.00",S,,,0,,,0,,,,1,0,,,,,,,,,0,,,,,,,,,F,,,0,,WE,2/20/17,2/20/17,11:01:29 PM,GBI-045,,MIGO_GR,,0,,,,,,,12:00:00 AM,,,,,,,,,,,0,,,,,
375,5000001021,2017,1,1,0,0,0,101,,BLUEPAINT,SD00,RM00,,,,,,125131,,,0,0,,S,USD,970.00,0,970.00,,0,,562,L,562,L,562,L,4500000440,10,,,0,,,0,X,,,,,,NA00,,,,,,,,,,,,2017,,,US00,,0,,0,0,0,,0,2,,,,,,,,,B,,,,0,,,,,0,0,0,,,,,0,,0,0,0,,,,,0,,,,0,0,0,,,,97,L,,125131,0,0,,0,,0,0,,,,,BLUEPAINT,,ME01,WE01,X,X,"2,288","22,880.00",S,,,0,,,0,,,,1,0,,,,,,,,,0,,,,,,,,,F,,,0,,WE,2/20/17,2/20/17,11:02:22 PM,GBI-045,,MIGO_GR,,0,,,,,,,12:00:00 AM,,,,,,,,,,,0,,,,,
375,5000001022,2017,1,1,0,0,0,101,,BLUEPAINT,SD00,RM00,,,,,,125131,,,0,0,,S,USD,1000.00,0,1000.00,,0,,775,L,775,L,775,L,4500000443,10,,,0,,,0,X,,,,,,NA00,,,,,,,,,,,,2017,,,US00,,0,,0,0,0,,0,2,,,,,,,,,B,,,,0,,,,,0,0,0,,,,,0,,0,0,0,,,,,0,,,,0,0,0,,,,100,L,,125131,0,0,,0,,0,0,,,,,BLUEPAINT,,ME01,WE01,X,X,"2,385","23,850.00",S,,,0,,,0,,,,1,0,,,,,,,,,0,,,,,,,,,F,,,0,,WE,2/20/17,2/20/17,11:03:06 PM,GBI-045,,MIGO_GR,,0,,,,,,,12:00:00 AM,,,,,,,,,,,0,,,,,
375,5000001023,2017,1,1,0,0,0,101,,BLUEPAINT,SD00,RM00,,,,,,125133,,,0,0,,S,USD,1010.00,0,1010.00,,0,,771,L,771,L,771,L,4500000493,10,,,0,,,0,X,,,,,,NA00,,,,,,,,,,,,2017,,,US00,,0,,0,0,0,,0,2,,,,,,,,,B,,,,0,,,,,0,0,0,,,,,0,,0,0,0,,,,,0,,,,0,0,0,,,,101,L,,125133,0,0,,0,,0,0,,,,,BLUEPAINT,,ME01,WE01,X,X,"2,485","24,850.00",S,,,0,,,0,,,,1,0,,,,,,,,,0,,,,,,,,,F,,,0,,WE,2/21/17,2/21/17,10:33:19 AM,GBI-044,,MIGO_GR,,0,,,,,,,12:00:00 AM,,,,,,,,,,,0,,,,,
375,5000001024,2017,1,1,0,0,0,101,,BLUEPAINT,SD00,RM00,,,,,,125133,,,0,0,,S,USD,1000.00,0,1000.00,,0,,1021,L,1021,L,1021,L,4500000494,10,,,0,,,0,X,,,,,,NA00,,,,,,,,,,,,2017,,,US00,,0,,0,0,0,,0,2,,,,,,,,,B,,,,0,,,,,0,0,0,,,,,0,,0,0,0,,,,,0,,,,0,0,0,,,,100,L,,125133,0,0,,0,,0,0,,,,,BLUEPAINT,,ME01,WE01,X,X,"2,586","25,860.00",S,,,0,,,0,,,,1,0,,,,,,,,,0,,,,,,,,,F,,,0,,WE,2/21/17,2/21/17,10:34:10 AM,GBI-044,,MIGO_GR,,0,,,,,,,12:00:00 AM,,,,,,,,,,,0,,,,,
375,5000001025,2017,1,1,0,0,0,101,,BLUEPAINT,SD00,RM00,,,,,,125133,,,0,0,,S,USD,990.00,0,990.00,,0,,1076,L,1076,L,1076,L,4500000495,10,,,0,,,0,X,,,,,,NA00,,,,,,,,,,,,2017,,,US00,,0,,0,0,0,,0,2,,,,,,,,,B,,,,0,,,,,0,0,0,,,,,0,,0,0,0,,,,,0,,,,0,0,0,,,,99,L,,125133,0,0,,0,,0,0,,,,,BLUEPAINT,,ME01,WE01,X,X,"2,686","26,860.00",S,,,0,,,0,,,,1,0,,,,,,,,,0,,,,,,,,,F,,,0,,WE,2/21/17,2/21/17,10:35:38 AM,GBI-044,,MIGO_GR,,0,,,,,,,12:00:00 AM,,,,,,,,,,,0,,,,,
375,5000001026,2017,1,1,0,0,0,101,,BLUEPAINT,SD00,RM00,,,,,,125133,,,0,0,,S,USD,1020.00,0,1020.00,,0,,253,L,253,L,253,L,4500000496,10,,,0,,,0,X,,,,,,NA00,,,,,,,,,,,,2017,,,US00,,0,,0,0,0,,0,2,,,,,,,,,B,,,,0,,,,,0,0,0,,,,,0,,0,0,0,,,,,0,,,,0,0,0,,,,102,L,,125133,0,0,,0,,0,0,,,,,BLUEPAINT,,ME01,WE01,X,X,"2,785","27,850.00",S,,,0,,,0,,,,1,0,,,,,,,,,0,,,,,,,,,F,,,0,,WE,2/21/17,2/21/17,10:36:15 AM,GBI-044,,MIGO_GR,,0,,,,,,,12:00:00 AM,,,,,,,,,,,0,,,,,
375,5000001027,2017,1,1,0,0,0,101,,BLUEPAINT,SD00,RM00,,,,,,125133,,,0,0,,S,USD,980.00,0,980.00,,0,,170,L,170,L,170,L,4500000497,10,,,0,,,0,X,,,,,,NA00,,,,,,,,,,,,2017,,,US00,,0,,0,0,0,,0,2,,,,,,,,,B,,,,0,,,,,0,0,0,,,,,0,,0,0,0,,,,,0,,,,0,0,0,,,,98,L,,125133,0,0,,0,,0,0,,,,,BLUEPAINT,,ME01,WE01,X,X,"2,887","28,870.00",S,,,0,,,0,,,,1,0,,,,,,,,,0,,,,,,,,,F,,,0,,WE,2/21/17,2/21/17,10:36:50 AM,GBI-044,,MIGO_GR,,0,,,,,,,12:00:00 AM,,,,,,,,,,,0,,,,,
375,5000001028,2017,1,1,0,0,0,101,,AAA LUBE,SD00,RM00,,,,,,125021,,,0,0,,S,USD,75000.00,0,75000.00,,0,,5,DR,5,DR,5,DR,4500000498,10,,,0,,,0,X,,,,,,NA00,,,,,,,,,,,,2017,,,US00,,0,,0,0,0,,0,2,,,,,,,,,B,,,,0,,,,,0,0,0,,,,,0,,0,0,0,,,,,0,,,,0,0,0,,,,5,DR,,125021,0,0,,0,,0,0,,,,,AAA LUBE,,ME01,WE01,X,X,122,"1,830,000.00",S,,,0,,,0,,,,1,0,,,,,,,,,0,,,,,,,,,F,,,0,,WE,2/21/17,2/21/17,3:30:07 PM,GBI-030,,MIGO_GR,,0,,,,,,,12:00:00 AM,,,,,,,,,,,0,,,,,
375,5000001029,2017,1,1,0,0,0,101,,AAA LUBE,SD00,RM00,,,,,,125021,,,0,0,,S,USD,60000.00,0,60000.00,,0,,19,DR,19,DR,19,DR,4500000499,10,,,0,,,0,X,,,,,,NA00,,,,,,,,,,,,2017,,,US00,,0,,0,0,0,,0,2,,,,,,,,,B,,,,0,,,,,0,0,0,,,,,0,,0,0,0,,,,,0,,,,0,0,0,,,,4,DR,,125021,0,0,,0,,0,0,,,,,AAA LUBE,,ME01,WE01,X,X,127,"1,905,000.00",S,,,0,,,0,,,,1,0,,,,,,,,,0,,,,,,,,,F,,,0,,WE,2/21/17,2/21/17,3:30:35 PM,GBI-030,,MIGO_GR,,0,,,,,,,12:00:00 AM,,,,,,,,,,,0,,,,,
375,5000001030,2017,1,1,0,0,0,101,,AAA LUBE,SD00,RM00,,,,,,125021,,,0,0,,S,USD,150000.00,0,150000.00,,0,,19,DR,19,DR,19,DR,4500000500,10,,,0,,,0,X,,,,,,NA00,,,,,,,,,,,,2017,,,US00,,0,,0,0,0,,0,2,,,,,,,,,B,,,,0,,,,,0,0,0,,,,,0,,0,0,0,,,,,0,,,,0,0,0,,,,10,DR,,125021,0,0,,0,,0,0,,,,,AAA LUBE,,ME01,WE01,X,X,131,"1,965,000.00",S,,,0,,,0,,,,1,0,,,,,,,,,0,,,,,,,,,2,,,0,,WE,2/21/17,2/21/17,3:31:05 PM,GBI-030,,MIGO_GR,,0,,,,,,,12:00:00 AM,,,,,,,,,,,0,,,,,
375,5000001031,2017,1,1,0,0,0,101,,AAA LUBE,SD00,RM00,,,,,,125021,,,0,0,,S,USD,75000.00,0,75000.00,,0,,21,DR,21,DR,21,DR,4500000501,10,,,0,,,0,X,,,,,,NA00,,,,,,,,,,,,2017,,,US00,,0,,0,0,0,,0,2,,,,,,,,,B,,,,0,,,,,0,0,0,,,,,0,,0,0,0,,,,,0,,,,0,0,0,,,,5,DR,,125021,0,0,,0,,0,0,,,,,AAA LUBE,,ME01,WE01,X,X,141,"2,115,000.00",S,,,0,,,0,,,,1,0,,,,,,,,,0,,,,,,,,,F,,,0,,WE,2/21/17,2/21/17,3:31:36 PM,GBI-030,,MIGO_GR,,0,,,,,,,12:00:00 AM,,,,,,,,,,,0,,,,,
375,5000001032,2017,1,1,0,0,0,101,,AAA LUBE,SD00,RM00,,,,,,125021,,,0,0,,S,USD,105000.00,0,105000.00,,0,,7,DR,7,DR,7,DR,4500000502,10,,,0,,,0,X,,,,,,NA00,,,,,,,,,,,,2017,,,US00,,0,,0,0,0,,0,2,,,,,,,,,B,,,,0,,,,,0,0,0,,,,,0,,0,0,0,,,,,0,,,,0,0,0,,,,7,DR,,125021,0,0,,0,,0,0,,,,,AAA LUBE,,ME01,WE01,X,X,146,"2,190,000.00",S,,,0,,,0,,,,1,0,,,,,,,,,0,,,,,,,,,F,,,0,,WE,2/21/17,2/21/17,3:31:59 PM,GBI-030,,MIGO_GR,,0,,,,,,,12:00:00 AM,,,,,,,,,,,0,,,,,
375,5000001033,2017,1,1,0,0,0,101,,BLUEPAINT,SD00,RM00,,,,,,125134,,,0,0,,S,USD,950.00,0,950.00,,0,,1083,L,1083,L,1083,L,4500000508,10,,,0,,,0,X,,,,,,NA00,,,,,,,,,,,,2017,,,US00,,0,,0,0,0,,0,2,,,,,,,,,B,,,,0,,,,,0,0,0,,,,,0,,0,0,0,,,,,0,,,,0,0,0,,,,95,L,,125134,0,0,,0,,0,0,,,,,BLUEPAINT,,ME01,WE01,X,X,"2,985","29,850.00",S,,,0,,,0,,,,1,0,,,,,,,,,0,,,,,,,,,F,,,0,,WE,2/21/17,2/21/17,7:14:40 PM,GBI-063,,MIGO_GR,,0,,,,,,,12:00:00 AM,,,,,,,,,,,0,,,,,
375,5000001034,2017,1,1,0,0,0,101,,BLUEPAINT,SD00,RM00,,,,,,125134,,,0,0,,S,USD,1020.00,0,1020.00,,0,,270,L,270,L,270,L,4500000509,10,,,0,,,0,X,,,,,,NA00,,,,,,,,,,,,2017,,,US00,,0,,0,0,0,,0,2,,,,,,,,,B,,,,0,,,,,0,0,0,,,,,0,,0,0,0,,,,,0,,,,0,0,0,,,,102,L,,125134,0,0,,0,,0,0,,,,,BLUEPAINT,,ME01,WE01,X,X,"3,080","30,800.00",S,,,0,,,0,,,,1,0,,,,,,,,,0,,,,,,,,,F,,,0,,WE,2/21/17,2/21/17,7:16:06 PM,GBI-063,,MIGO_GR,,0,,,,,,,12:00:00 AM,,,,,,,,,,,0,,,,,
375,5000001035,2017,1,1,0,0,0,101,,BLUEPAINT,SD00,RM00,,,,,,125134,,,0,0,,S,USD,980.00,0,980.00,,0,,429,L,429,L,429,L,4500000510,10,,,0,,,0,X,,,,,,NA00,,,,,,,,,,,,2017,,,US00,,0,,0,0,0,,0,2,,,,,,,,,B,,,,0,,,,,0,0,0,,,,,0,,0,0,0,,,,,0,,,,0,0,0,,,,98,L,,125134,0,0,,0,,0,0,,,,,BLUEPAINT,,ME01,WE01,X,X,"3,182","31,820.00",S,,,0,,,0,,,,1,0,,,,,,,,,0,,,,,,,,,F,,,0,,WE,2/21/17,2/21/17,7:16:48 PM,GBI-063,,MIGO_GR,,0,,,,,,,12:00:00 AM,,,,,,,,,,,0,,,,,
375,5000001036,2017,1,1,0,0,0,101,,BLUEPAINT,SD00,RM00,,,,,,125134,,,0,0,,S,USD,1010.00,0,1010.00,,0,,478,L,478,L,478,L,4500000511,10,,,0,,,0,X,,,,,,NA00,,,,,,,,,,,,2017,,,US00,,0,,0,0,0,,0,2,,,,,,,,,B,,,,0,,,,,0,0,0,,,,,0,,0,0,0,,,,,0,,,,0,0,0,,,,101,L,,125134,0,0,,0,,0,0,,,,,BLUEPAINT,,ME01,WE01,X,X,"3,280","32,800.00",S,,,0,,,0,,,,1,0,,,,,,,,,0,,,,,,,,,F,,,0,,WE,2/21/17,2/21/17,7:17:20 PM,GBI-063,,MIGO_GR,,0,,,,,,,12:00:00 AM,,,,,,,,,,,0,,,,,
375,5000001037,2017,1,1,0,0,0,101,,BLUEPAINT,SD00,RM00,,,,,,125134,,,0,0,,S,USD,1040.00,0,1040.00,,0,,900,L,900,L,900,L,4500000512,10,,,0,,,0,X,,,,,,NA00,,,,,,,,,,,,2017,,,US00,,0,,0,0,0,,0,2,,,,,,,,,B,,,,0,,,,,0,0,0,,,,,0,,0,0,0,,,,,0,,,,0,0,0,,,,104,L,,125134,0,0,,0,,0,0,,,,,BLUEPAINT,,ME01,WE01,X,X,"3,381","33,810.00",S,,,0,,,0,,,,1,0,,,,,,,,,0,,,,,,,,,F,,,0,,WE,2/21/17,2/21/17,7:17:49 PM,GBI-063,,MIGO_GR,,0,,,,,,,12:00:00 AM,,,,,,,,,,,0,,,,,
375,5000001038,2017,1,1,0,0,0,101,,AAA LUBE,MI00,RM00,,,,,,125021,,,0,0,,S,USD,150000.00,0,150000.00,,0,,8,DR,8,DR,8,DR,4500000503,10,,,0,,,0,X,,,,,,NA00,,,,,,,,,,,,2017,,,US00,,0,,0,0,0,,0,2,,,,,,,,,B,,,,0,,,,,0,0,0,,,,,0,,0,0,0,,,,,0,,,,0,0,0,,,,10,DR,,125021,0,0,,0,,0,0,,,,,AAA LUBE,,ME01,WE01,X,X,153,"2,295,000.00",S,,,0,,,0,,,,1,0,,,,,,,,,0,,,,,,,,,F,,,0,,WE,2/23/17,2/23/17,2:48:38 PM,GBI-052,,MIGO_GR,,0,,,,,,,12:00:00 AM,,,,,,,,,,,0,,,,,
375,5000001039,2017,1,1,0,0,0,101,,KRYPTONITE,MI00,RM00,,,,,,125000,,,0,0,,S,USD,100000.00,0,106854.73,,0,,16642,LB,16642,LB,16642,LB,4500000002,10,,,0,,,0,X,,,,,,NA00,,,,,,,,,,,,2017,,,US00,,0,,0,0,0,,0,2,,,,,,,,,B,,,,0,,,,,0,0,0,,,,,0,,0,0,0,,,,,0,,,,0,0,0,,,,100,LB,,125000,0,0,,0,,0,0,,,,,KRYPTONITE,,ME01,WE01,X,X,0,0,S,,,0,,,0,,,,1,0,,,,,,,,,0,,,,,,,,,F,,,0,,WE,1/24/17,1/24/17,10:07:38 AM,GBI-085,,MIGO_GR,,0,,,,,,,12:00:00 AM,,,,,,,,,,,0,,,,,
375,5000001040,2017,1,1,0,0,0,101,,KRYPTONITE,MI00,RM00,,,,,,125000,,,0,0,,S,USD,100000.00,0,106855.00,,0,,12934,LB,12934,LB,12934,LB,4500000003,10,,,0,,,0,X,,,,,,NA00,,,,,,,,,,,,2017,,,US00,,0,,0,0,0,,0,2,,,,,,,,,B,,,,0,,,,,0,0,0,,,,,0,,0,0,0,,,,,0,,,,0,0,0,,,,100,LB,,125000,0,0,,0,,0,0,,,,,KRYPTONITE,,ME01,WE01,X,X,100,"100,000.00",S,,,0,,,0,,,,1,0,,,,,,,,,0,,,,,,,,,F,,,0,,WE,1/24/17,1/24/17,10:10:20 AM,GBI-085,,MIGO_GR,,0,,,,,,,12:00:00 AM,,,,,,,,,,,0,,,,,
375,5000001041,2017,1,1,0,0,0,101,,KRYPTONITE,MI00,RM00,,,,,,125000,,,0,0,,S,USD,200000.00,0,213710.00,,0,,10785,LB,10785,LB,10785,LB,4500000005,10,,,0,,,0,X,,,,,,NA00,,,,,,,,,,,,2017,,,US00,,0,,0,0,0,,0,2,,,,,,,,,B,,,,0,,,,,0,0,0,,,,,0,,0,0,0,,,,,0,,,,0,0,0,,,,200,LB,,125000,0,0,,0,,0,0,,,,,KRYPTONITE,,ME01,WE01,X,X,200,"200,000.00",S,,,0,,,0,,,,1,0,,,,,,,,,0,,,,,,,,,F,,,0,,WE,1/24/17,1/24/17,10:11:53 AM,GBI-085,,MIGO_GR,,0,,,,,,,12:00:00 AM,,,,,,,,,,,0,,,,,
375,5000001042,2017,1,1,0,0,0,101,,KRYPTONITE,MI00,RM00,,,,,,125000,,,0,0,,S,USD,1000000.00,0,1068550.00,,0,,9737,LB,9737,LB,9737,LB,4500000006,10,,,0,,,0,X,,,,,,NA00,,,,,,,,,,,,2017,,,US00,,0,,0,0,0,,0,2,,,,,,,,,B,,,,0,,,,,0,0,0,,,,,0,,0,0,0,,,,,0,,,,0,0,0,,,,"1,000",LB,,125000,0,0,,0,,0,0,,,,,KRYPTONITE,,ME01,WE01,X,X,400,"400,000.00",S,,,0,,,0,,,,1,0,,,,,,,,,0,,,,,,,,,F,,,0,,WE,1/24/17,1/24/17,10:30:26 AM,GBI-085,,MIGO_GR,,0,,,,,,,12:00:00 AM,,,,,,,,,,,0,,,,,
375,5000001043,2017,1,1,0,0,0,101,,ICAN HEADMASK,MI00,RM00,,,,,,125001,,,0,0,,S,USD,1000000.00,0,1399730.11,,0,,691,EA,691,EA,691,EA,4500000007,10,,,0,,,0,X,,,,,,NA00,,,,,,,,,,,,2017,,,US00,,0,,0,0,0,,0,2,,,,,,,,,B,,,,0,,,,,0,0,0,,,,,0,,0,0,0,,,,,0,,,,0,0,0,,,,"1,000",EA,,125001,0,0,,0,,0,0,,,,,ICAN HEADMASK,,ME01,WE01,X,X,0,0,S,,,0,,,0,,,,1,0,,,,,,,,,0,,,,,,,,,F,,,0,,WE,1/24/17,1/24/17,11:50:30 AM,GBI-085,,MIGO_GR,,0,,,,,,,12:00:00 AM,,,,,,,,,,,0,,,,,
375,5000001044,2017,1,1,0,0,0,101,,KRYPTONITE,MI00,RM00,,,,,,125000,,,0,0,,S,USD,100000.00,0,106855.00,,0,,10991,LB,10991,LB,10991,LB,4500000009,10,,,0,,,0,X,,,,,,NA00,,,,,,,,,,,,2017,,,US00,,0,,0,0,0,,0,2,,,,,,,,,B,,,,0,,,,,0,0,0,,,,,0,,0,0,0,,,,,0,,,,0,0,0,,,,100,LB,,125000,0,0,,0,,0,0,,,,,KRYPTONITE,,ME01,WE01,X,X,"1,400","1,400,000.00",S,,,0,,,0,,,,1,0,,,,,,,,,0,,,,,,,,,F,,,0,,WE,1/24/17,1/24/17,3:37:46 PM,GBIFAC-01,,MIGO_GR,,0,,,,,,,12:00:00 AM,,,,,,,,,,,0,,,,,
375,5000001045,2017,1,1,0,0,0,101,,BOLT1000,MI00,RM00,,,,,,125002,,,0,0,,S,USD,1050.00,0,1050.00,,0,,700,EA,700,EA,700,EA,4500000010,10,,,0,,,0,X,,,,,BI00,NA00,BI00,,,,,,,,,,,2017,,,US00,,0,,0,0,0,,0,2,,,,,,,,,B,,,,0,,,,,0,0,0,,,,,0,,0,0,0,,,,,0,,,,0,0,0,,,,10,EA,,125002,0,0,,0,,0,0,,,,,BOLT1000,,ME01,WE01,X,X,30,3,V,,,0,,,0,,,,1,0,,,,,,,,,0,,,,,,,,,F,,,0,,WE,1/24/17,1/24/17,6:51:53 PM,GBI-022,,MIGO_GR,,0,,,,,,,12:00:00 AM,,,,,,,,,,,0,,,,,
375,5000001046,2017,1,1,0,0,0,101,,DIAMOND,MI00,RM00,,,,,,125003,,,0,0,,S,USD,30000.00,0,30300.00,,0,,13445,LB,13445,LB,13445,LB,4500000012,10,,,0,,,0,X,,,,,,NA00,,,,,,,,,,,,2017,,,US00,,0,,0,0,0,,0,2,,,,,,,,,B,,,,0,,,,,0,0,0,,,,,0,,0,0,0,,,,,0,,,,0,0,0,,,,20,LB,,125003,0,0,,0,,0,0,,,,,DIAMOND-032,,ME01,WE01,X,X,0,0,S,,,0,,,0,,,,1,0,,,,,,,,,0,,,,,,,,,F,,,0,,WE,1/25/17,1/25/17,2:37:52 PM,GBI-032,,MIGO_GR,,0,,,,,,,12:00:00 AM,,,,,,,,,,,0,,,,,
375,5000001047,2017,1,1,0,0,0,101,,KRYPTONITE,MI00,RM00,,,,,,125004,,,0,0,,S,USD,10000.00,0,20000.00,,0,,4988,LB,4988,LB,4988,LB,4500000013,10,,,0,,,0,X,,,,,,NA00,,,,,,,,,,,,2017,,,US00,,0,,0,0,0,,0,2,,,,,,,,,B,,,,0,,,,,0,0,0,,,,,0,,0,0,0,,,,,0,,,,0,0,0,,,,10,LB,,125004,0,0,,0,,0,0,,,,,KRYPTONITE-005,,ME01,WE01,X,X,0,0,S,,,0,,,0,,,,1,0,,,,,,,,,0,,,,,,,,,F,,,0,,WE,1/25/17,1/25/17,2:53:51 PM,GBI-005,,MIGO_GR,,0,,,,,,,12:00:00 AM,,,,,,,,,,,0,,,,,
375,5000001048,2017,1,1,0,0,0,101,,KRYPTONITE,MI00,RM00,,,,,,125005,,,0,0,,S,USD,100000.00,0,20000.00,,0,,18766,LB,18766,LB,18766,LB,4500000014,10,,,0,,,0,X,,,,,,NA00,,,,,,,,,,,,2017,,,US00,,0,,0,0,0,,0,2,,,,,,,,,B,,,,0,,,,,0,0,0,,,,,0,,0,0,0,,,,,0,,,,0,0,0,,,,100,LB,,125005,0,0,,0,,0,0,,,,,KRYPTONITE-057,,ME01,WE01,X,X,0,0,S,,,0,,,0,,,,1,0,,,,,,,,,0,,,,,,,,,F,,,0,,WE,1/26/17,1/26/17,2:28:37 PM,GBI-057,,MIGO_GR,,0,,,,,,,12:00:00 AM,,,,,,,,,,,0,,,,,
375,5000001049,2017,1,1,0,0,0,101,,KRYPTONITE,MI00,RM00,,,,,,125000,,,0,0,,S,USD,100000.00,0,106855.00,,0,,3208,LB,3208,LB,3208,LB,4500000011,10,,,0,,,0,X,,,,,,NA00,,,,,,,,,,,,2017,,,US00,,0,,0,0,0,,0,2,,,,,,,,,B,,,,0,,,,,0,0,0,,,,,0,,0,0,0,,,,,0,,,,0,0,0,,,,100,LB,,125000,0,0,,0,,0,0,,,,,KRYPTONITE,,ME01,WE01,X,X,"1,500","1,500,000.00",S,,,0,,,0,,,,1,0,,,,,,,,,0,,,,,,,,,F,,,0,,WE,1/26/17,1/26/17,5:54:10 PM,GBIFAC-01,,MIGO_GR,,0,,,,,,,12:00:00 AM,,,,,,,,,,,0,,,,,
375,5000001050,2017,1,1,0,0,0,101,,ADAMANTIUM,MI00,RM00,,,,,,125008,,,0,0,,S,USD,50000.00,0,505000.00,,0,,7856,LB,7856,LB,7856,LB,4500000015,10,,,0,,,0,X,,,,,,NA00,,,,,,,,,,,,2017,,,US00,,0,,0,0,0,,0,2,,,,,,,,,B,,,,0,,,,,0,0,0,,,,,0,,0,0,0,,,,,0,,,,0,0,0,,,,100,LB,,125008,0,0,,0,,0,0,,,,,ADAMANTIUM-055,,ME01,WE01,X,X,0,0,S,,,0,,,0,,,,1,0,,,,,,,,,0,,,,,,,,,F,,,0,,WE,1/26/17,1/26/17,7:49:37 PM,GBI-055,,MIGO_GR,,0,,,,,,,12:00:00 AM,,,,,,,,,,,0,,,,,
375,5000001051,2017,1,1,0,0,0,101,,ICAN HEADMASK,MI00,RM00,,,,,,125001,,,0,0,,S,USD,1000000.00,0,1399730.11,,0,,465,EA,465,EA,465,EA,4500000008,10,,,0,,,0,X,,,,,,NA00,,,,,,,,,,,,2017,,,US00,,0,,0,0,0,,0,2,,,,,,,,,B,,,,0,,,,,0,0,0,,,,,0,,0,0,0,,,,,0,,,,0,0,0,,,,"1,000",EA,,125001,0,0,,0,,0,0,,,,,ICAN HEADMASK,,ME01,WE01,X,X,"1,000","1,000,000.00",S,,,0,,,0,,,,1,0,,,,,,,,,0,,,,,,,,,F,,,0,,WE,1/27/17,1/27/17,6:23:10 PM,GBI-016,,MIGO_GR,,0,,,,,,,12:00:00 AM,,,,,,,,,,,0,,,,,
375,5000001052,2017,1,1,0,0,0,101,,KRYPTONITE,MI00,RM00,,,,,,125016,,,0,0,,S,USD,100000.00,0,92470.63,,0,,3012,LB,3012,LB,3012,LB,4500000019,10,,,0,,,0,X,,,,,,NA00,,,,,,,,,,,,2017,,,US00,,0,,0,0,0,,0,2,,,,,,,,,B,,,,0,,,,,0,0,0,,,,,0,,0,0,0,,,,,0,,,,0,0,0,,,,100,LB,,125016,0,0,,0,,0,0,,,,,KRYTONITE-029,,ME01,WE01,X,X,0,0,S,,,0,,,0,,,,1,0,,,,,,,,,0,,,,,,,,,F,,,0,,WE,1/27/17,1/27/17,10:52:27 PM,GBI-029,,MIGO_GR,,0,,,,,,,12:00:00 AM,,,,,,,,,,,0,,,,,
375,5000001053,2017,1,1,0,0,0,101,,KRYPTONITE,MI00,RM00,,,,,,125017,,,0,0,,S,USD,100000.00,0,20000.00,,0,,10513,LB,10513,LB,10513,LB,4500000020,10,,,0,,,0,X,,,,,,NA00,,,,,,,,,,,,2017,,,US00,,0,,0,0,0,,0,2,,,,,,,,,B,,,,0,,,,,0,0,0,,,,,0,,0,0,0,,,,,0,,,,0,0,0,,,,100,LB,,125017,0,0,,0,,0,0,,,,,KRYPTONITE-046,,ME01,WE01,X,X,0,0,S,,,0,,,0,,,,1,0,,,,,,,,,0,,,,,,,,,F,,,0,,WE,1/28/17,1/28/17,12:47:55 AM,GBI-046,,MIGO_GR,,0,,,,,,,12:00:00 AM,,,,,,,,,,,0,,,,,
375,5000001054,2017,1,1,0,0,0,101,,KRYPTONITE,MI00,RM00,,,,,,125014,,,0,0,,S,USD,100000.00,0,12345.68,,0,,19614,LB,19614,LB,19614,LB,4500000021,10,,,0,,,0,X,,,,,,NA00,,,,,,,,,,,,2017,,,US00,,0,,0,0,0,,0,2,,,,,,,,,B,,,,0,,,,,0,0,0,,,,,0,,0,0,0,,,,,0,,,,0,0,0,,,,100,LB,,125014,0,0,,0,,0,0,,,,,KRYPTONITE GBI-039,,ME01,WE01,X,X,0,0,S,,,0,,,0,,,,1,0,,,,,,,,,0,,,,,,,,,F,,,0,,WE,1/28/17,1/28/17,10:27:28 AM,GBI-039,,MIGO_GR,,0,,,,,,,12:00:00 AM,,,,,,,,,,,0,,,,,
375,5000001055,2017,1,1,0,0,0,101,,KRYPTONITE,MI00,RM00,,,,,,125020,,,0,0,,S,USD,10000.00,0,10100.00,,0,,7398,LB,7398,LB,7398,LB,4500000023,10,,,0,,,0,X,,,,,,NA00,,,,,,,,,,,,2017,,,US00,,0,,0,0,0,,0,2,,,,,,,,,B,,,,0,,,,,0,0,0,,,,,0,,0,0,0,,,,,0,,,,0,0,0,,,,10,LB,,125020,0,0,,0,,0,0,,,,,KRYPTONITE-019,,ME01,WE01,X,X,0,0,S,,,0,,,0,,,,1,0,,,,,,,,,0,,,,,,,,,F,,,0,,WE,1/28/17,1/28/17,3:57:05 PM,GBI-019,,MIGO_GR,,0,,,,,,,12:00:00 AM,,,,,,,,,,,0,,,,,
375,5000001056,2017,1,1,0,0,0,101,,KRYPTONITE,MI00,RM00,,,,,,125019,,,0,0,,S,USD,1000.00,0,1010.00,,0,,11161,LB,11161,LB,11161,LB,4500000022,10,,,0,,,0,X,,,,,,NA00,,,,,,,,,,,,2017,,,US00,,0,,0,0,0,,0,2,,,,,,,,,B,,,,0,,,,,0,0,0,,,,,0,,0,0,0,,,,,0,,,,0,0,0,,,,1,LB,,125019,0,0,,0,,0,0,,,,,KRYPTONITE-018,,ME01,WE01,X,X,0,0,S,,,0,,,0,,,,1,0,,,,,,,,,0,,,,,,,,,F,,,0,,WE,1/28/17,1/28/17,3:57:13 PM,GBI-018,,MIGO_GR,,0,,,,,,,12:00:00 AM,,,,,,,,,,,0,,,,,
375,5000001057,2017,1,1,0,0,0,101,,KRYPTONITE,MI00,RM00,,,,,,125018,,,0,0,,S,USD,1000000.00,0,949400.00,,0,,18105,LB,18105,LB,18105,LB,4500000024,10,,,0,,,0,X,,,,,,NA00,,,,,,,,,,,,2017,,,US00,,0,,0,0,0,,0,2,,,,,,,,,B,,,,0,,,,,0,0,0,,,,,0,,0,0,0,,,,,0,,,,0,0,0,,,,"1,000",LB,,125018,0,0,,0,,0,0,,,,,KRYPTONITE-017,,ME01,WE01,X,X,0,0,S,,,0,,,0,,,,1,0,,,,,,,,,0,,,,,,,,,F,,,0,,WE,1/28/17,1/28/17,7:01:10 PM,GBI-017,,MIGO_GR,,0,,,,,,,12:00:00 AM,,,,,,,,,,,0,,,,,
375,5000001058,2017,1,1,0,0,0,101,,KRYPTONITE,MI00,RM00,,,,,,125012,,,0,0,,S,USD,1000000.00,0,687070.58,,0,,16862,LB,16862,LB,16862,LB,4500000027,10,,,0,,,0,X,,,,,,NA00,,,,,,,,,,,,2017,,,US00,,0,,0,0,0,,0,2,,,,,,,,,B,,,,0,,,,,0,0,0,,,,,0,,0,0,0,,,,,0,,,,0,0,0,,,,"1,000",LB,,125012,0,0,,0,,0,0,,,,,KRYPTONITE-024,,ME01,WE01,X,X,0,0,S,,,0,,,0,,,,1,0,,,,,,,,,0,,,,,,,,,F,,,0,,WE,1/29/17,1/29/17,12:58:59 PM,GBI-024,,MIGO_GR,,0,,,,,,,12:00:00 AM,,,,,,,,,,,0,,,,,
375,5000001059,2017,1,1,0,0,0,101,,CHRONIUM,MI00,RM00,,,,,,125022,,,0,0,,S,USD,5000.00,0,8400.00,,0,,13895,LB,13895,LB,13895,LB,4500000028,10,,,0,,,0,X,,,,,,NA00,,,,,,,,,,,,2017,,,US00,,0,,0,0,0,,0,2,,,,,,,,,B,,,,0,,,,,0,0,0,,,,,0,,0,0,0,,,,,0,,,,0,0,0,,,,100,LB,,125022,0,0,,0,,0,0,,,,,CHRONIUM-015,,ME01,WE01,X,X,0,0,S,,,0,,,0,,,,1,0,,,,,,,,,0,,,,,,,,,F,,,0,,WE,1/29/17,1/29/17,6:37:14 PM,GBI-015,,MIGO_GR,,0,,,,,,,12:00:00 AM,,,,,,,,,,,0,,,,,
375,5000001060,2017,1,4,0,0,0,101,,CHRONIUM,MI00,RM00,,,,,,125022,,,0,0,,S,USD,5000.00,0,3360.00,,0,,10933,LB,10933,LB,10933,LB,4500000030,10,,,0,,,0,X,,,,,,NA00,,,,,,,,,,,,2017,,,US00,,0,,0,0,0,,0,2,,,,,,,,,B,,,,0,,,,,0,0,0,,,,,0,,0,0,0,,,,,0,,,,0,0,0,,,,100,LB,,125022,0,0,,0,,0,0,,,,,CHRONIUM-015,,ME01,WE01,X,X,100,"5,000.00",S,,,0,,,0,,,,1,0,,,,,,,,,0,,,,,,,,,F,,,0,,WE,1/29/17,1/29/17,8:47:17 PM,GBI-015,,MIGO_GR,,0,,,,,,,12:00:00 AM,,,,,,,,,,,0,,,,,
375,5000001061,2017,1,1,0,0,0,101,,KRYPTONITE,MI00,RM00,,,,,,125024,,,0,0,,S,USD,1000.00,0,1020.00,,0,,1751,LB,1751,LB,1751,LB,4500000031,10,,,0,,,0,X,,,,,,NA00,,,,,,,,,,,,2017,,,US00,,0,,0,0,0,,0,2,,,,,,,,,B,,,,0,,,,,0,0,0,,,,,0,,0,0,0,,,,,0,,,,0,0,0,,,,1,LB,,125024,0,0,,0,,0,0,,,,,KRYPTONITE-010,,ME01,WE01,X,X,0,0,S,,,0,,,0,,,,1,0,,,,,,,,,0,,,,,,,,,F,,,0,,WE,1/29/17,1/29/17,8:56:54 PM,GBI-010,,MIGO_GR,,0,,,,,,,12:00:00 AM,,,,,,,,,,,0,,,,,
375,5000001062,2017,1,1,0,0,0,101,,KRYPTONITE,MI00,RM00,,,,,,125011,,,0,0,,S,USD,100000.00,0,24154.59,,0,,11657,LB,11657,LB,11657,LB,4500000017,10,,,0,,,0,X,,,,,,NA00,,,,,,,,,,,,2017,,,US00,,0,,0,0,0,,0,2,,,,,,,,,B,,,,0,,,,,0,0,0,,,,,0,,0,0,0,,,,,0,,,,0,0,0,,,,100,LB,,125011,0,0,,0,,0,0,,,,,KRYPTONITE-011,,ME01,WE01,X,X,0,0,S,,,0,,,0,,,,1,0,,,,,,,,,0,,,,,,,,,F,,,0,,WE,1/29/17,1/29/17,8:59:19 PM,GBI-011,,MIGO_GR,,0,,,,,,,12:00:00 AM,,,,,,,,,,,0,,,,,
375,5000001063,2017,1,1,0,0,0,101,,KRYPTONITE,MI00,RM00,,,,,,125007,,,0,0,,S,USD,20000.00,0,22000.00,,0,,12288,LB,12288,LB,12288,LB,4500000029,10,,,0,,,0,X,,,,,,NA00,,,,,,,,,,,,2017,,,US00,,0,,0,0,0,,0,2,,,,,,,,,B,,,,0,,,,,0,0,0,,,,,0,,0,0,0,,,,,0,,,,0,0,0,,,,20,LB,,125007,0,0,,0,,0,0,,,,,KRYPTONITE-040,,ME01,WE01,X,X,0,0,S,,,0,,,0,,,,1,0,,,,,,,,,0,,,,,,,,,F,,,0,,WE,1/30/17,1/30/17,3:33:28 PM,GBI-040,,MIGO_GR,,0,,,,,,,12:00:00 AM,,,,,,,,,,,0,,,,,
375,5000001064,2017,1,1,0,0,0,101,,KRYPTONITE,MI00,RM00,,,,,,125028,,,0,0,,S,USD,10000.00,0,10000.00,,0,,1028,LB,1028,LB,1028,LB,4500000033,10,,,0,,,0,X,,,,,,NA00,,,,,,,,,,,,2017,,,US00,,0,,0,0,0,,0,2,,,,,,,,,B,,,,0,,,,,0,0,0,,,,,0,,0,0,0,,,,,0,,,,0,0,0,,,,10,LB,,125028,0,0,,0,,0,0,,,,,KRYPTONITE-050,,ME01,WE01,X,X,0,0,S,,,0,,,0,,,,1,0,,,,,,,,,0,,,,,,,,,F,,,0,,WE,1/31/17,1/31/17,1:46:08 PM,GBI-050,,MIGO_GR,,0,,,,,,,12:00:00 AM,,,,,,,,,,,0,,,,,
375,5000001065,2017,1,1,0,0,0,101,,PALLADIUM,MI00,RM00,,,,,,125006,,,0,0,,S,USD,1000.00,0,32.13,,0,,680,G,680,G,680,G,4500000034,10,,,0,,,0,X,,,,,,NA00,,,,,,,,,,,,2017,,,US00,,0,,0,0,0,,0,2,,,,,,,,,B,,,,0,,,,,0,0,0,,,,,0,,0,0,0,,,,,0,,,,0,0,0,,,,10,G,,125006,0,0,,0,,0,0,,,,,PALLADIUM-035,,ME01,WE01,X,X,0,0,S,,,0,,,0,,,,1,0,,,,,,,,,0,,,,,,,,,F,,,0,,WE,1/31/17,1/31/17,3:57:10 PM,GBI-035,,MIGO_GR,,0,,,,,,,12:00:00 AM,,,,,,,,,,,0,,,,,
375,5000001066,2017,1,1,0,0,0,101,,KRYPTONITE,MI00,RM00,,,,,,125010,,,0,0,,S,USD,100000.00,0,107089.31,,0,,3037,LB,3037,LB,3037,LB,4500000035,10,,,0,,,0,X,,,,,,NA00,,,,,,,,,,,,2017,,,US00,,0,,0,0,0,,0,2,,,,,,,,,B,,,,0,,,,,0,0,0,,,,,0,,0,0,0,,,,,0,,,,0,0,0,,,,100,LB,,125010,0,0,,0,,0,0,,,,,KRYPTONITE-027,,ME01,WE01,X,X,0,0,S,,,0,,,0,,,,1,0,,,,,,,,,0,,,,,,,,,F,,,0,,WE,1/31/17,1/31/17,4:13:45 PM,GBI-027,,MIGO_GR,,0,,,,,,,12:00:00 AM,,,,,,,,,,,0,,,,,
375,5000001067,2017,1,1,0,0,0,101,,KRYPTONITE,MI00,RM00,,,,,,125027,,,0,0,,S,USD,10000.00,0,110.00,,0,,17568,LB,17568,LB,17568,LB,4500000037,10,,,0,,,0,X,,,,,,NA00,,,,,,,,,,,,2017,,,US00,,0,,0,0,0,,0,2,,,,,,,,,B,,,,0,,,,,0,0,0,,,,,0,,0,0,0,,,,,0,,,,0,0,0,,,,10,LB,,125027,0,0,,0,,0,0,,,,,KRYPTONITE-020,,ME01,WE01,X,X,0,0,S,,,0,,,0,,,,1,0,,,,,,,,,0,,,,,,,,,F,,,0,,WE,1/31/17,1/31/17,5:02:34 PM,GBI-020,,MIGO_GR,,0,,,,,,,12:00:00 AM,,,,,,,,,,,0,,,,,
375,5000001068,2017,1,1,0,0,0,101,,KRYPTONITE,MI00,RM00,,,,,,125025,,,0,0,,S,USD,10000000.00,0,10000000.00,,0,,5680,LB,5680,LB,5680,LB,4500000038,10,,,0,,,0,X,,,,,,NA00,,,,,,,,,,,,2017,,,US00,,0,,0,0,0,,0,2,,,,,,,,,B,,,,0,,,,,0,0,0,,,,,0,,0,0,0,,,,,0,,,,0,0,0,,,,"10,000",LB,,125025,0,0,,0,,0,0,,,,,KRYTONITE-014,,ME01,WE01,X,X,0,0,S,,,0,,,0,,,,1,0,,,,,,,,,0,,,,,,,,,F,,,0,,WE,1/31/17,1/31/17,5:42:18 PM,GBI-014,,MIGO_GR,,0,,,,,,,12:00:00 AM,,,,,,,,,,,0,,,,,
375,5000001069,2017,1,1,0,0,0,101,,KRYPTONITE,MI00,RM00,,,,,,125032,,,0,0,,S,USD,12000.00,0,15000.00,,0,,13798,LB,13798,LB,13798,LB,4500000039,10,,,0,,,0,X,,,,,,NA00,,,,,,,,,,,,2017,,,US00,,0,,0,0,0,,0,2,,,,,,,,,B,,,,0,,,,,0,0,0,,,,,0,,0,0,0,,,,,0,,,,0,0,0,,,,10,LB,,125032,0,0,,0,,0,0,,,,,KRYPTONITE-MOHIT,,ME01,WE01,X,X,0,0,S,,,0,,,0,,,,1,0,,,,,,,,,0,,,,,,,,,F,,,0,,WE,1/31/17,1/31/17,6:43:16 PM,GBI-050,,MIGO_GR,,0,,,,,,,12:00:00 AM,,,,,,,,,,,0,,,,,
375,5000001070,2017,1,1,0,0,0,101,,KRYPTONITE,MI00,RM00,,,,,,125039,,,0,0,,S,USD,1000000.00,0,1200000.00,,0,,13930,LB,13930,LB,13930,LB,4500000041,10,,,0,,,0,X,,,,,,NA00,,,,,,,,,,,,2017,,,US00,,0,,0,0,0,,0,2,,,,,,,,,B,,,,0,,,,,0,0,0,,,,,0,,0,0,0,,,,,0,,,,0,0,0,,,,"1,000",LB,,125039,0,0,,0,,0,0,,,,,KRYPTONITE-021,,ME01,WE01,X,X,0,0,S,,,0,,,0,,,,1,0,,,,,,,,,0,,,,,,,,,F,,,0,,WE,1/31/17,1/31/17,11:02:36 PM,GBI-021,,MIGO_GR,,0,,,,,,,12:00:00 AM,,,,,,,,,,,0,,,,,
375,5000001071,2017,1,1,0,0,0,101,,KRYPTONITE,MI00,RM00,,,,,,125041,,,0,0,,S,USD,10000.00,0,120000.00,,0,,8757,LB,8757,LB,8757,LB,4500000042,10,,,0,,,0,X,,,,,,NA00,,,,,,,,,,,,2017,,,US00,,0,,0,0,0,,0,2,,,,,,,,,B,,,,0,,,,,0,0,0,,,,,0,,0,0,0,,,,,0,,,,0,0,0,,,,10,OZ,,125041,0,0,,0,,0,0,,,,,KRYPTONITE-012,,ME01,WE01,X,X,0,0,S,,,0,,,0,,,,1,0,,,,,,,,,0,,,,,,,,,F,,,0,,WE,1/31/17,1/31/17,11:19:11 PM,GBI-012,,MIGO_GR,,0,,,,,,,12:00:00 AM,,,,,,,,,,,0,,,,,
375,5000001072,2017,1,1,0,0,0,101,,KRYPTONITE,MI00,RM00,,,,,,125035,,,0,0,,S,USD,100000.00,0,120000.00,,0,,6988,LB,6988,LB,6988,LB,4500000046,10,,,0,,,0,X,,,,,,NA00,,,,,,,,,,,,2017,,,US00,,0,,0,0,0,,0,2,,,,,,,,,B,,,,0,,,,,0,0,0,,,,,0,,0,0,0,,,,,0,,,,0,0,0,,,,100,LB,,125035,0,0,,0,,0,0,,,,,KRYPTONITE GBI-034,,ME01,WE01,X,X,0,0,S,,,0,,,0,,,,1,0,,,,,,,,,0,,,,,,,,,F,,,0,,WE,2/1/17,2/1/17,1:20:17 PM,GBI-034,,MIGO_GR,,0,,,,,,,12:00:00 AM,,,,,,,,,,,0,,,,,
375,5000001073,2017,1,1,0,0,0,101,,ADAMANTIUM,MI00,RM00,,,,,,125037,,,0,0,,S,USD,6172500.00,0,18517500.00,,0,,4377,LB,4377,LB,4377,LB,4500000047,10,,,0,,,0,X,,,,,,NA00,,,,,,,,,,,,2017,,,US00,,0,,0,0,0,,0,2,,,,,,,,,B,,,,0,,,,,0,0,0,,,,,0,,0,0,0,,,,,0,,,,0,0,0,,,,"12,345",LB,,125037,0,0,,0,,0,0,,,,,ADAMANTIUM-055,,ME01,WE01,X,X,100,"50,000.00",S,,,0,,,0,,,,1,0,,,,,,,,,0,,,,,,,,,F,,,0,,WE,2/1/17,2/1/17,1:29:12 PM,GBI-025,,MIGO_GR,,0,,,,,,,12:00:00 AM,,,,,,,,,,,0,,,,,
375,5000001074,2017,1,1,0,0,0,101,,KRYPTONITE,MI00,RM00,,,,,,125043,,,0,0,,S,USD,100000.00,0,10100000.00,,0,,10457,LB,10457,LB,10457,LB,4500000048,10,,,0,,,0,X,,,,,,NA00,,,,,,,,,,,,2017,,,US00,,0,,0,0,0,,0,2,,,,,,,,,B,,,,0,,,,,0,0,0,,,,,0,,0,0,0,,,,,0,,,,0,0,0,,,,100,LB,,125043,0,0,,0,,0,0,,,,,KRYPTONITE-059,,ME01,WE01,X,X,0,0,S,,,0,,,0,,,,1,0,,,,,,,,,0,,,,,,,,,F,,,0,,WE,2/1/17,2/1/17,1:35:54 PM,GBI-059,,MIGO_GR,,0,,,,,,,12:00:00 AM,,,,,,,,,,,0,,,,,
375,5000001075,2017,1,1,0,0,0,101,,KRYPTONITE,MI00,RM00,,,,,,125043,,,0,0,,S,USD,100000.00,0,10100000.00,,0,,145,LB,145,LB,145,LB,4500000049,10,,,0,,,0,X,,,,,,NA00,,,,,,,,,,,,2017,,,US00,,0,,0,0,0,,0,2,,,,,,,,,B,,,,0,,,,,0,0,0,,,,,0,,0,0,0,,,,,0,,,,0,0,0,,,,100,LB,,125043,0,0,,0,,0,0,,,,,KRYPTONITE-059,,ME01,WE01,X,X,100,"100,000.00",S,,,0,,,0,,,,1,0,,,,,,,,,0,,,,,,,,,F,,,0,,WE,2/1/17,2/1/17,2:03:11 PM,GBI-059,,MIGO_GR,,0,,,,,,,12:00:00 AM,,,,,,,,,,,0,,,,,
375,5000001076,2017,1,2,0,0,0,101,,KRYPTONITE,MI00,RM00,,,,,,125044,,,0,0,,S,USD,200000.00,0,388000.00,,0,,16694,LB,16694,LB,16694,LB,4500000050,10,,,0,,,0,X,,,,,,NA00,,,,,,,,,,,,2017,,,US00,,0,,0,0,0,,0,2,,,,,,,,,B,,,,0,,,,,0,0,0,,,,,0,,0,0,0,,,,,0,,,,0,0,0,,,,200,LB,,125044,0,0,,0,,0,0,,,,,KRYPTONITE-062,,ME01,WE01,X,X,0,0,S,,,0,,,0,,,,1,0,,,,,,,,,0,,,,,,,,,F,,,0,,WE,2/1/17,2/1/17,2:25:49 PM,GBI-062,,MIGO_GR,,0,,,,,,,12:00:00 AM,,,,,,,,,,,0,,,,,
375,5000001077,2017,1,1,0,0,0,101,,KRYPTONITE,MI00,RM00,,,,,,125010,,,0,0,,S,USD,100000.00,0,107089.31,,0,,12139,LB,12139,LB,12139,LB,4500000051,10,,,0,,,0,X,,,,,,NA00,,,,,,,,,,,,2017,,,US00,,0,,0,0,0,,0,2,,,,,,,,,B,,,,0,,,,,0,0,0,,,,,0,,0,0,0,,,,,0,,,,0,0,0,,,,100,LB,,125010,0,0,,0,,0,0,,,,,KRYPTONITE-027,,ME01,WE01,X,X,100,"100,000.00",S,,,0,,,0,,,,1,0,,,,,,,,,0,,,,,,,,,F,,,0,,WE,2/1/17,2/1/17,2:53:06 PM,GBI-027,,MIGO_GR,,0,,,,,,,12:00:00 AM,,,,,,,,,,,0,,,,,
375,5000001078,2017,1,1,0,0,0,101,,IRON,MI00,RM00,,,,,,125040,,,0,0,,S,USD,10000.00,0,2141.79,,0,,129,LB,129,LB,129,LB,4500000052,10,,,0,,,0,X,,,,,,NA00,,,,,,,,,,,,2017,,,US00,,0,,0,0,0,,0,2,,,,,,,,,B,,,,0,,,,,0,0,0,,,,,0,,0,0,0,,,,,0,,,,0,0,0,,,,100,LB,,125040,0,0,,0,,0,0,,,,,IRON-085,,ME01,WE01,X,X,0,0,S,,,0,,,0,,,,1,0,,,,,,,,,0,,,,,,,,,F,,,0,,WE,2/1/17,2/1/17,3:49:34 PM,GBI-058,,MIGO_GR,,0,,,,,,,12:00:00 AM,,,,,,,,,,,0,,,,,
375,5000001079,2017,1,1,0,0,0,101,,KRYPTONITE,MI00,RM00,,,,,,125048,,,0,0,,S,USD,100000.00,0,100000.00,,0,,13424,LB,13424,LB,13424,LB,4500000053,10,,,0,,,0,X,,,,,,NA00,,,,,,,,,,,,2017,,,US00,,0,,0,0,0,,0,2,,,,,,,,,B,,,,0,,,,,0,0,0,,,,,0,,0,0,0,,,,,0,,,,0,0,0,,,,100,LB,,125048,0,0,,0,,0,0,,,,,KRYPTONITE-036,,ME01,WE01,X,X,0,0,S,,,0,,,0,,,,1,0,,,,,,,,,0,,,,,,,,,F,,,0,,WE,2/1/17,2/1/17,4:47:53 PM,GBI-036,,MIGO_GR,,0,,,,,,,12:00:00 AM,,,,,,,,,,,0,,,,,
375,5000001080,2017,1,1,0,0,0,101,,KRYPTONITE,MI00,RM00,,,,,,125045,,,0,0,,S,USD,10000.00,0,1000000.00,,0,,8560,LB,8560,LB,8560,LB,4500000054,10,,,0,,,0,X,,,,,,NA00,,,,,,,,,,,,2017,,,US00,,0,,0,0,0,,0,2,,,,,,,,,B,,,,0,,,,,0,0,0,,,,,0,,0,0,0,,,,,0,,,,0,0,0,,,,10,KG,,125045,0,0,,0,,0,0,,,,,KRYPTONITE-064,,ME01,WE01,X,X,0,0,S,,,0,,,0,,,,1,0,,,,,,,,,0,,,,,,,,,F,,,0,,WE,2/1/17,2/1/17,4:52:26 PM,GBI-064,,MIGO_GR,,0,,,,,,,12:00:00 AM,,,,,,,,,,,0,,,,,
375,5000001081,2017,1,1,0,0,0,101,,KRYPTONITE,MI00,RM00,,,,,,125047,,,0,0,,S,USD,100000.00,0,10000000.00,,0,,15197,LB,15197,LB,15197,LB,4500000058,10,,,0,,,0,X,,,,,,NA00,,,,,,,,,,,,2017,,,US00,,0,,0,0,0,,0,2,,,,,,,,,B,,,,0,,,,,0,0,0,,,,,0,,0,0,0,,,,,0,,,,0,0,0,,,,100,LB,,125047,0,0,,0,,0,0,,,,,KRYPTONITE-065,,ME01,WE01,X,X,0,0,S,,,0,,,0,,,,1,0,,,,,,,,,0,,,,,,,,,F,,,0,,WE,2/1/17,2/1/17,5:55:39 PM,GBI-065,,MIGO_GR,,0,,,,,,,12:00:00 AM,,,,,,,,,,,0,,,,,
375,5000001082,2017,1,1,0,0,0,101,,IRON,MI00,RM00,,,,,,125040,,,0,0,,S,USD,10000.00,0,214178.62,,0,,19858,LB,19858,LB,19858,LB,4500000059,10,,,0,,,0,X,,,,,,NA00,,,,,,,,,,,,2017,,,US00,,0,,0,0,0,,0,2,,,,,,,,,B,,,,0,,,,,0,0,0,,,,,0,,0,0,0,,,,,0,,,,0,0,0,,,,100,LB,,125040,0,0,,0,,0,0,,,,,IRON-085,,ME01,WE01,X,X,100,"10,000.00",S,,,0,,,0,,,,1,0,,,,,,,,,0,,,,,,,,,F,,,0,,WE,2/1/17,2/1/17,6:08:07 PM,GBI-058,,MIGO_GR,,0,,,,,,,12:00:00 AM,,,,,,,,,,,0,,,,,
375,5000001083,2017,1,1,0,0,0,101,,KRYPTONITE,MI00,RM00,,,,,,125052,,,0,0,,S,USD,10000.00,0,10100.00,,0,,9270,LB,9270,LB,9270,LB,4500000057,10,,,0,,,0,X,,,,,,NA00,,,,,,,,,,,,2017,,,US00,,0,,0,0,0,,0,2,,,,,,,,,B,,,,0,,,,,0,0,0,,,,,0,,0,0,0,,,,,0,,,,0,0,0,,,,10,LB,,125052,0,0,,0,,0,0,,,,,KRYPTONITE-041,,ME01,WE01,X,X,0,0,S,,,0,,,0,,,,1,0,,,,,,,,,0,,,,,,,,,F,,,0,,WE,2/1/17,2/1/17,6:15:10 PM,GBI-041,,MIGO_GR,,0,,,,,,,12:00:00 AM,,,,,,,,,,,0,,,,,
375,5000001084,2017,1,1,0,0,0,101,,KRYPTONITE,MI00,RM00,,,,,,125047,,,0,0,,S,USD,100000.00,0,100000.00,,0,,9620,LB,9620,LB,9620,LB,4500000060,10,,,0,,,0,X,,,,,,NA00,,,,,,,,,,,,2017,,,US00,,0,,0,0,0,,0,2,,,,,,,,,B,,,,0,,,,,0,0,0,,,,,0,,0,0,0,,,,,0,,,,0,0,0,,,,100,LB,,125047,0,0,,0,,0,0,,,,,KRYPTONITE-065,,ME01,WE01,X,X,100,"100,000.00",S,,,0,,,0,,,,1,0,,,,,,,,,0,,,,,,,,,F,,,0,,WE,2/1/17,2/1/17,6:48:08 PM,GBI-065,,MIGO_GR,,0,,,,,,,12:00:00 AM,,,,,,,,,,,0,,,,,
375,5000001085,2017,1,1,0,0,0,101,,KRYPTONITE,MI00,RM00,,,,,,125051,,,0,0,,S,USD,1000.00,0,940.00,,0,,4629,LB,4629,LB,4629,LB,4500000056,10,,,0,,,0,X,,,,,,NA00,,,,,,,,,,,,2017,,,US00,,0,,0,0,0,,0,2,,,,,,,,,B,,,,0,,,,,0,0,0,,,,,0,,0,0,0,,,,,0,,,,0,0,0,,,,1,LB,,125051,0,0,,0,,0,0,,,,,KRYPTONITE-047,,ME01,WE01,X,X,0,0,S,,,0,,,0,,,,1,0,,,,,,,,,0,,,,,,,,,F,,,0,,WE,2/1/17,2/1/17,7:33:49 PM,GBI-047,,MIGO_GR,,0,,,,,,,12:00:00 AM,,,,,,,,,,,0,,,,,
375,5000001086,2017,1,1,0,0,0,101,,KRYPTONITE,MI00,RM00,,,,,,125037,,,0,0,,S,USD,100000.00,0,150000.00,,0,,19294,LB,19294,LB,19294,LB,4500000061,10,,,0,,,0,X,,,,,,NA00,,,,,,,,,,,,2017,,,US00,,0,,0,0,0,,0,2,,,,,,,,,B,,,,0,,,,,0,0,0,,,,,0,,0,0,0,,,,,0,,,,0,0,0,,,,100,LB,,125037,0,0,,0,,0,0,,,,,KRYPTONITE,,ME01,WE01,X,X,"1,600","1,600,000.00",S,,,0,,,0,,,,1,0,,,,,,,,,0,,,,,,,,,F,,,0,,WE,2/1/17,2/1/17,8:08:05 PM,GBI-025,,MIGO_GR,,0,,,,,,,12:00:00 AM,,,,,,,,,,,0,,,,,
375,5000001087,2017,1,1,0,0,0,101,,PAPER,MI00,RM00,,,,,,125058,,,0,0,,S,USD,35.00,0,65.80,,0,,12557,LB,12557,LB,12557,LB,4500000062,10,,,0,,,0,X,,,,,,NA00,,,,,,,,,,,,2017,,,US00,,0,,0,0,0,,0,2,,,,,,,,,B,,,,0,,,,,0,0,0,,,,,0,,0,0,0,,,,,0,,,,0,0,0,,,,7,LB,,125058,0,0,,0,,0,0,,,,,PAPER-056,,ME01,WE01,X,X,0,0,S,,,0,,,0,,,,1,0,,,,,,,,,0,,,,,,,,,F,,,0,,WE,2/1/17,2/1/17,8:11:26 PM,GBI-056,,MIGO_GR,,0,,,,,,,12:00:00 AM,,,,,,,,,,,0,,,,,
375,5000001088,2017,1,1,0,0,0,101,,KRYPTONITE,MI00,RM00,,,,,,125021,,,0,0,,S,USD,100000.00,0,600000.00,,0,,13066,LB,13066,LB,13066,LB,4500000045,10,,,0,,,0,X,,,,,,NA00,,,,,,,,,,,,2017,,,US00,,0,,0,0,0,,0,2,,,,,,,,,B,,,,0,,,,,0,0,0,,,,,0,,0,0,0,,,,,0,,,,0,0,0,,,,100,LB,,125021,0,0,,0,,0,0,,,,,KRYPTONITE-030,,ME01,WE01,X,X,0,0,S,,,0,,,0,,,,1,0,,,,,,,,,0,,,,,,,,,F,,,0,,WE,2/1/17,2/1/17,8:12:51 PM,GBI-030,,MIGO_GR,,0,,,,,,,12:00:00 AM,,,,,,,,,,,0,,,,,
375,5000001089,2017,1,1,0,0,0,101,,KRYPTONITE,MI00,RM00,,,,,,125033,,,0,0,,S,USD,100000.00,0,20500.00,,0,,10042,LB,10042,LB,10042,LB,4500000063,10,,,0,,,0,X,,,,,,NA00,,,,,,,,,,,,2017,,,US00,,0,,0,0,0,,0,2,,,,,,,,,B,,,,0,,,,,0,0,0,,,,,0,,0,0,0,,,,,0,,,,0,0,0,,,,100,LB,,125033,0,0,,0,,0,0,,,,,KRYPTONITE-016,,ME01,WE01,X,X,0,0,S,,,0,,,0,,,,1,0,,,,,,,,,0,,,,,,,,,F,,,0,,WE,2/1/17,2/1/17,8:12:58 PM,GBI-052,,MIGO_GR,,0,,,,,,,12:00:00 AM,,,,,,,,,,,0,,,,,
375,5000001090,2017,1,1,0,0,0,101,,KRYPTONITE,MI00,RM00,,,,,,125055,,,0,0,,S,USD,50000.00,0,28140.00,,0,,19946,LB,19946,LB,19946,LB,4500000065,10,,,0,,,0,X,,,,,,NA00,,,,,,,,,,,,2017,,,US00,,0,,0,0,0,,0,2,,,,,,,,,B,,,,0,,,,,0,0,0,,,,,0,,0,0,0,,,,,0,,,,0,0,0,,,,50,LB,,125055,0,0,,0,,0,0,,,,,KRYPTONITE-044,,ME01,WE01,X,X,0,0,S,,,0,,,0,,,,1,0,,,,,,,,,0,,,,,,,,,F,,,0,,WE,2/1/17,2/1/17,8:24:27 PM,GBI-044,,MIGO_GR,,0,,,,,,,12:00:00 AM,,,,,,,,,,,0,,,,,
375,5000001091,2017,1,1,0,0,0,101,,KRYPTONITE,MI00,RM00,,,,,,125026,,,0,0,,S,USD,100000.00,0,12820.51,,0,,16458,LB,16458,LB,16458,LB,4500000032,10,,,0,,,0,X,,,,,,NA00,,,,,,,,,,,,2017,,,US00,,0,,0,0,0,,0,2,,,,,,,,,B,,,,0,,,,,0,0,0,,,,,0,,0,0,0,,,,,0,,,,0,0,0,,,,100,LB,,125026,0,0,,0,,0,0,,,,,KRYPTONITE-023,,ME01,WE01,X,X,0,0,S,,,0,,,0,,,,1,0,,,,,,,,,0,,,,,,,,,F,,,0,,WE,2/1/17,2/1/17,8:54:24 PM,GBI-023,,MIGO_GR,,0,,,,,,,12:00:00 AM,,,,,,,,,,,0,,,,,
375,5000001092,2017,1,1,0,0,0,101,,KRYPTONITE,MI00,RM00,,,,,,125060,,,0,0,,S,USD,100000.00,0,175000.00,,0,,7402,LB,7402,LB,7402,LB,4500000066,10,,,0,,,0,X,,,,,,NA00,,,,,,,,,,,,2017,,,US00,,0,,0,0,0,,0,2,,,,,,,,,B,,,,0,,,,,0,0,0,,,,,0,,0,0,0,,,,,0,,,,0,0,0,,,,10,OZ,,125060,0,0,,0,,0,0,,,,,KRYPTONITE-051,,ME01,WE01,X,X,0,0,S,,,0,,,0,,,,1,0,,,,,,,,,0,,,,,,,,,F,,,0,,WE,2/1/17,2/1/17,9:12:40 PM,GBI-051,,MIGO_GR,,0,,,,,,,12:00:00 AM,,,,,,,,,,,0,,,,,
375,5000001093,2017,1,1,0,0,0,101,,KRYPTONITE,MI00,RM00,,,,,,125029,,,0,0,,S,USD,5000.00,0,25000.00,,0,,6370,LB,6370,LB,6370,LB,4500000067,10,,,0,,,0,X,,,,,,NA00,,,,,,,,,,,,2017,,,US00,,0,,0,0,0,,0,2,,,,,,,,,B,,,,0,,,,,0,0,0,,,,,0,,0,0,0,,,,,0,,,,0,0,0,,,,5,LB,,125029,0,0,,0,,0,0,,,,,KRYPTONITE-049,,ME01,WE01,X,X,0,0,S,,,0,,,0,,,,1,0,,,,,,,,,0,,,,,,,,,F,,,0,,WE,2/1/17,2/1/17,9:16:33 PM,GBI-049,,MIGO_GR,,0,,,,,,,12:00:00 AM,,,,,,,,,,,0,,,,,
375,5000001094,2017,1,1,0,0,0,101,,CARBONITE,MI00,RM00,,,,,,125062,,,0,0,,S,USD,75000.00,0,75000.00,,0,,737,G,737,G,737,G,4500000068,10,,,0,,,0,X,,,,,,NA00,,,,,,,,,,,,2017,,,US00,,0,,0,0,0,,0,2,,,,,,,,,B,,,,0,,,,,0,0,0,,,,,0,,0,0,0,,,,,0,,,,0,0,0,,,,50,G,,125062,0,0,,0,,0,0,,,,,CARBONITE-042,,ME01,WE01,X,X,0,0,S,,,0,,,0,,,,1,0,,,,,,,,,0,,,,,,,,,F,,,0,,WE,2/1/17,2/1/17,10:11:01 PM,GBI-042,,MIGO_GR,,0,,,,,,,12:00:00 AM,,,,,,,,,,,0,,,,,
375,5000001095,2017,1,1,0,0,0,101,,LIQUID,MI00,RM00,,,,,,125038,,,0,0,,S,USD,200.00,0,209.15,,0,,26,FOZ,26,FOZ,26,FOZ,4500000069,10,,,0,,,0,X,,,,,,NA00,,,,,,,,,,,,2017,,,US00,,0,,0,0,0,,0,2,,,,,,,,,B,,,,0,,,,,0,0,0,,,,,0,,0,0,0,,,,,0,,,,0,0,0,,,,1,FOZ,,125038,0,0,,0,,0,0,,,,,LIQUID-054,,ME01,WE01,X,X,0,0,S,,,0,,,0,,,,1,0,,,,,,,,,0,,,,,,,,,F,,,0,,WE,2/1/17,2/1/17,10:51:17 PM,GBI-054,,MIGO_GR,,0,,,,,,,12:00:00 AM,,,,,,,,,,,0,,,,,
375,5000001096,2017,2,2,0,0,0,101,,LIQUID,MI00,RM00,,,,,,125038,,,0,0,,S,USD,20000.00,0,26143.79,,0,,89,FOZ,89,FOZ,89,FOZ,4500000069,20,,,0,,,0,X,,,,,,NA00,,,,,,,,,,,,2017,,,US00,,0,,0,0,0,,0,2,,,,,,,,,B,,,,0,,,,,0,0,0,,,,,0,,0,0,0,,,,,0,,,,0,0,0,,,,100,FOZ,,125038,0,0,,0,,0,0,,,,,LIQUID-054,,ME01,WE01,X,X,0,0,S,,,0,,,0,,,,2,0,,,,,,,,,0,,,,,,,,,F,,,0,,WE,2/1/17,2/1/17,10:51:17 PM,GBI-054,,MIGO_GR,,0,,,,,,,12:00:00 AM,,,,,,,,,,,0,,,,,
375,5000001097,2017,1,1,0,0,0,101,,MAGICDUST,MI00,RM00,,,,,,125068,,,0,0,,S,USD,150000.00,0,150500.00,,0,,1717,LB,1717,LB,1717,LB,4500000072,10,,,0,,,0,X,,,,,,NA00,,,,,,,,,,,,2017,,,US00,,0,,0,0,0,,0,2,,,,,,,,,B,,,,0,,,,,0,0,0,,,,,0,,0,0,0,,,,,0,,,,0,0,0,,,,100,LB,,125068,0,0,,0,,0,0,,,,,MAGICDUST-037,,ME01,WE01,X,X,0,0,S,,,0,,,0,,,,1,0,,,,,,,,,0,,,,,,,,,F,,,0,,WE,2/1/17,2/1/17,11:25:16 PM,GBI-037,,MIGO_GR,,0,,,,,,,12:00:00 AM,,,,,,,,,,,0,,,,,
375,5000001098,2017,1,1,0,0,0,101,,KRYPTONITE,MI00,RM00,,,,,,125030,,,0,0,,S,USD,10000.00,0,110000.00,,0,,505,LB,505,LB,505,LB,4500000043,10,,,0,,,0,X,,,,,,NA00,,,,,,,,,,,,2017,,,US00,,0,,0,0,0,,0,2,,,,,,,,,B,,,,0,,,,,0,0,0,,,,,0,,0,0,0,,,,,0,,,,0,0,0,,,,10,LB,,125030,0,0,,0,,0,0,,,,,KRYPTONITE-008,,ME01,WE01,X,X,0,0,S,,,0,,,0,,,,1,0,,,,,,,,,0,,,,,,,,,F,,,0,,WE,2/1/17,2/1/17,11:37:02 PM,GBI-008,,MIGO_GR,,0,,,,,,,12:00:00 AM,,,,,,,,,,,0,,,,,
375,5000001099,2017,1,1,0,0,0,101,,ADAMANTIUM,MI00,RM00,,,,,,125057,,,0,0,,S,USD,100000.00,0,60000.00,,0,,1364,LB,1364,LB,1364,LB,4500000073,10,,,0,,,0,X,,,,,,NA00,,,,,,,,,,,,2017,,,US00,,0,,0,0,0,,0,2,,,,,,,,,B,,,,0,,,,,0,0,0,,,,,0,,0,0,0,,,,,0,,,,0,0,0,,,,100,LB,,125057,0,0,,0,,0,0,,,,,ADAMANTIUM-038,,ME01,WE01,X,X,0,0,S,,,0,,,0,,,,1,0,,,,,,,,,0,,,,,,,,,F,,,0,,WE,2/2/17,2/2/17,12:28:07 AM,GBI-038,,MIGO_GR,,0,,,,,,,12:00:00 AM,,,,,,,,,,,0,,,,,
375,5000001100,2017,1,1,0,0,0,101,,SILVER,MI00,RM00,,,,,,125071,,,0,0,,S,USD,100000.00,0,200000.00,,0,,13591,LB,13591,LB,13591,LB,4500000074,10,,,0,,,0,X,,,,,,NA00,,,,,,,,,,,,2017,,,US00,,0,,0,0,0,,0,2,,,,,,,,,B,,,,0,,,,,0,0,0,,,,,0,,0,0,0,,,,,0,,,,0,0,0,,,,100,LB,,125071,0,0,,0,,0,0,,,,,SILVER-061,,ME01,WE01,X,X,0,0,S,,,0,,,0,,,,1,0,,,,,,,,,0,,,,,,,,,F,,,0,,WE,2/2/17,2/2/17,1:07:54 AM,GBI-061,,MIGO_GR,,0,,,,,,,12:00:00 AM,,,,,,,,,,,0,,,,,
375,5000001101,2017,1,1,0,0,0,101,,IRON,MI00,RM00,,,,,,125040,,,0,0,,S,USD,1000.00,0,2143.93,,0,,19451,LB,19451,LB,19451,LB,4500000075,10,,,0,,,0,X,,,,,,NA00,,,,,,,,,,,,2017,,,US00,,0,,0,0,0,,0,2,,,,,,,,,B,,,,0,,,,,0,0,0,,,,,0,,0,0,0,,,,,0,,,,0,0,0,,,,10,LB,,125040,0,0,,0,,0,0,,,,,IRON-085,,ME01,WE01,X,X,200,"20,000.00",S,,,0,,,0,,,,1,0,,,,,,,,,0,,,,,,,,,F,,,0,,WE,2/2/17,2/2/17,1:20:37 AM,GBI-058,,MIGO_GR,,0,,,,,,,12:00:00 AM,,,,,,,,,,,0,,,,,
375,5000001102,2017,1,1,0,0,0,101,,MAGICDUST,MI00,RM00,,,,,,125074,,,0,0,,S,USD,150000.00,0,150500.00,,0,,16918,LB,16918,LB,16918,LB,4500000078,10,,,0,,,0,X,,,,,,NA00,,,,,,,,,,,,2017,,,US00,,0,,0,0,0,,0,2,,,,,,,,,B,,,,0,,,,,0,0,0,,,,,0,,0,0,0,,,,,0,,,,0,0,0,,,,100,LB,,125074,0,0,,0,,0,0,,,,,MAGICDUST2-037,,ME01,WE01,X,X,0,0,S,,,0,,,0,,,,1,0,,,,,,,,,0,,,,,,,,,F,,,0,,WE,2/2/17,2/2/17,4:06:40 AM,GBI-037,,MIGO_GR,,0,,,,,,,12:00:00 AM,,,,,,,,,,,0,,,,,
375,5000001103,2017,1,1,0,0,0,101,,KRYPTONITE,MI00,RM00,,,,,,125042,,,0,0,,S,USD,100000.00,0,100000.00,,0,,13798,LB,13798,LB,13798,LB,4500000044,10,,,0,,,0,X,,,,,,NA00,,,,,,,,,,,,2017,,,US00,,0,,0,0,0,,0,2,,,,,,,,,B,,,,0,,,,,0,0,0,,,,,0,,0,0,0,,,,,0,,,,0,0,0,,,,100,LB,,125042,0,0,,0,,0,0,,,,,KRYPTONITE-043,,ME01,WE01,X,X,0,0,S,,,0,,,0,,,,1,0,,,,,,,,,0,,,,,,,,,F,,,0,,WE,2/2/17,2/2/17,9:33:16 AM,GBI-043,,MIGO_GR,,0,,,,,,,12:00:00 AM,,,,,,,,,,,0,,,,,
375,5000001104,2017,1,1,0,0,0,101,,GOLD,MI00,RM00,,,,,,125070,,,0,0,,S,USD,80.00,0,100.80,,0,,519,G,519,G,519,G,4500000079,10,,,0,,,0,X,,,,,,NA00,,,,,,,,,,,,2017,,,US00,,0,,0,0,0,,0,2,,,,,,,,,B,,,,0,,,,,0,0,0,,,,,0,,0,0,0,,,,,0,,,,0,0,0,,,,2,G,,125070,0,0,,0,,0,0,,,,,GOLD-026,,ME01,WE01,X,X,0,0,S,,,0,,,0,,,,1,0,,,,,,,,,0,,,,,,,,,F,,,0,,WE,2/2/17,2/2/17,10:29:15 AM,GBI-026,,MIGO_GR,,0,,,,,,,12:00:00 AM,,,,,,,,,,,0,,,,,
375,5000001105,2017,1,1,0,0,0,101,,WALLET,MI00,RM00,,,,,,125075,,,0,0,,S,USD,200.00,0,2020.00,,0,,2462,LB,2462,LB,2462,LB,4500000081,10,,,0,,,0,X,,,,,,NA00,,,,,,,,,,,,2017,,,US00,,0,,0,0,0,,0,2,,,,,,,,,B,,,,0,,,,,0,0,0,,,,,0,,0,0,0,,,,,0,,,,0,0,0,,,,10,LB,,125075,0,0,,0,,0,0,,,,,WALLET-031,,ME01,WE01,X,X,0,0,S,,,0,,,0,,,,1,0,,,,,,,,,0,,,,,,,,,F,,,0,,WE,2/2/17,2/2/17,10:35:45 AM,GBI-031,,MIGO_GR,,0,,,,,,,12:00:00 AM,,,,,,,,,,,0,,,,,
375,5000001106,2017,1,1,0,0,0,101,,KRYPTONITE,MI00,RM00,,,,,,125036,,,0,0,,S,USD,4000.00,0,40.00,,0,,5612,LB,5612,LB,5612,LB,4500000080,10,,,0,,,0,X,,,,,,NA00,,,,,,,,,,,,2017,,,US00,,0,,0,0,0,,0,2,,,,,,,,,B,,,,0,,,,,0,0,0,,,,,0,,0,0,0,,,,,0,,,,0,0,0,,,,2,KG,,125036,0,0,,0,,0,0,,,,,KRYPTONITE-053,,ME01,WE01,X,X,0,0,S,,,0,,,0,,,,1,0,,,,,,,,,0,,,,,,,,,F,,,0,,WE,2/2/17,2/2/17,10:39:17 AM,GBI-053,,MIGO_GR,,0,,,,,,,12:00:00 AM,,,,,,,,,,,0,,,,,
375,5000001107,2017,1,1,0,0,0,101,,KRYPTONITE,MI00,RM00,,,,,,125053,,,0,0,,S,USD,5000.00,0,5100.00,,0,,7175,LB,7175,LB,7175,LB,4500000082,10,,,0,,,0,X,,,,,,NA00,,,,,,,,,,,,2017,,,US00,,0,,0,0,0,,0,2,,,,,,,,,B,,,,0,,,,,0,0,0,,,,,0,,0,0,0,,,,,0,,,,0,0,0,,,,10,KG,,125053,0,0,,0,,0,0,,,,,KRYPTONITE-013,,ME01,WE01,X,X,0,0,S,,,0,,,0,,,,1,0,,,,,,,,,0,,,,,,,,,F,,,0,,WE,2/2/17,2/2/17,10:49:29 AM,GBI-013,,MIGO_GR,,0,,,,,,,12:00:00 AM,,,,,,,,,,,0,,,,,
375,5000001108,2017,1,1,0,0,0,101,,KRYPTONITE,MI00,RM00,,,,,,125078,,,0,0,,S,USD,2000.00,0,4000.00,,0,,3301,LB,3301,LB,3301,LB,4500000083,10,,,0,,,0,X,,,,,,NA00,,,,,,,,,,,,2017,,,US00,,0,,0,0,0,,0,2,,,,,,,,,B,,,,0,,,,,0,0,0,,,,,0,,0,0,0,,,,,0,,,,0,0,0,,,,2,GAL,,125078,0,0,,0,,0,0,,,,,KRYPTONITE-GBI048V,,ME01,WE01,X,X,0,0,S,,,0,,,0,,,,1,0,,,,,,,,,0,,,,,,,,,F,,,0,,WE,2/2/17,2/2/17,11:09:09 AM,GBI-048,,MIGO_GR,,0,,,,,,,12:00:00 AM,,,,,,,,,,,0,,,,,
375,5000001109,2017,1,1,0,0,0,101,,RUBY,MI00,RM00,,,,,,125046,,,0,0,,S,USD,30000.00,0,32000.00,,0,,857,G,857,G,857,G,4500000086,20,,,0,,,0,X,,,,,,NA00,,,,,,,,,,,,2017,,,US00,,0,,0,0,0,,0,2,,,,,,,,,B,,,,0,,,,,0,0,0,,,,,0,,0,0,0,,,,,0,,,,0,0,0,,,,200,G,,125046,0,0,,0,,0,0,,,,,RUBY-045,,ME01,WE01,X,X,0,0,S,,,0,,,0,,,,1,0,,,,,,,,,0,,,,,,,,,F,,,0,,WE,2/2/17,2/2/17,4:26:43 PM,GBI-045,,MIGO_GR,,0,,,,,,,12:00:00 AM,,,,,,,,,,,0,,,,,
375,5000001110,2017,1,1,0,0,0,101,,KRYPTONITE,MI00,RM00,,,,,,125054,,,0,0,,S,USD,100000.00,0,89743.59,,0,,7026,LB,7026,LB,7026,LB,4500000064,20,,,0,,,0,X,,,,,,NA00,,,,,,,,,,,,2017,,,US00,,0,,0,0,0,,0,2,,,,,,,,,B,,,,0,,,,,0,0,0,,,,,0,,0,0,0,,,,,0,,,,0,0,0,,,,100,LB,,125054,0,0,,0,,0,0,,,,,KRYPTONITE-033,,ME01,WE01,X,X,0,0,S,,,0,,,0,,,,1,0,,,,,,,,,0,,,,,,,,,F,,,0,,WE,2/2/17,2/2/17,4:27:13 PM,GBI-033,,MIGO_GR,,0,,,,,,,12:00:00 AM,,,,,,,,,,,0,,,,,
375,5000001111,2017,1,1,0,0,0,101,,KRYPTONITE,MI00,RM00,,,,,,125080,,,0,0,,S,USD,9000.00,0,9040.14,,0,,19674,LB,19674,LB,19674,LB,4500000088,10,,,0,,,0,X,,,,,,NA00,,,,,,,,,,,,2017,,,US00,,0,,0,0,0,,0,2,,,,,,,,,B,,,,0,,,,,0,0,0,,,,,0,,0,0,0,,,,,0,,,,0,0,0,,,,3,LB,,125080,0,0,,0,,0,0,,,,,KRYPTONITE-060,,ME01,WE01,X,X,0,0,S,,,0,,,0,,,,1,0,,,,,,,,,0,,,,,,,,,F,,,0,,WE,2/3/17,2/3/17,12:22:55 AM,GBI-060,,MIGO_GR,,0,,,,,,,12:00:00 AM,,,,,,,,,,,0,,,,,
375,5000001112,2017,1,1,0,0,0,101,,KRYPTONITE,MI00,RM00,,,,,,125016,,,0,0,,S,USD,100000.00,0,92470.63,,0,,15836,LB,15836,LB,15836,LB,4500000091,10,,,0,,,0,X,,,,,,NA00,,,,,,,,,,,,2017,,,US00,,0,,0,0,0,,0,2,,,,,,,,,B,,,,0,,,,,0,0,0,,,,,0,,0,0,0,,,,,0,,,,0,0,0,,,,100,LB,,125016,0,0,,0,,0,0,,,,,KRYTONITE-029,,ME01,WE01,X,X,100,"100,000.00",S,,,0,,,0,,,,1,0,,,,,,,,,0,,,,,,,,,F,,,0,,WE,2/4/17,2/4/17,7:14:17 PM,GBI-029,,MIGO_GR,,0,,,,,,,12:00:00 AM,,,,,,,,,,,0,,,,,
375,5000001113,2017,1,1,0,0,0,101,,KRYPTONITE,MI00,RM00,,,,,,125081,,,0,0,,S,USD,100000.00,0,15447.99,,0,,6802,LB,6802,LB,6802,LB,4500000096,10,,,0,,,0,X,,,,,,NA00,,,,,,,,,,,,2017,,,US00,,0,,0,0,0,,0,2,,,,,,,,,B,,,,0,,,,,0,0,0,,,,,0,,0,0,0,,,,,0,,,,0,0,0,,,,100,G,,125081,0,0,,0,,0,0,,,,,KRYPTONITE-009,,ME01,WE01,X,X,0,0,S,,,0,,,0,,,,1,0,,,,,,,,,0,,,,,,,,,F,,,0,,WE,2/6/17,2/6/17,2:47:23 PM,GBI-009,,MIGO_GR,,0,,,,,,,12:00:00 AM,,,,,,,,,,,0,,,,,
375,5000001114,2017,1,1,0,0,0,101,,KRYPTONITE,MI00,RM00,,,,,,125011,,,0,0,,S,USD,100000.00,0,24154.59,,0,,3174,LB,3174,LB,3174,LB,4500000094,10,,,0,,,0,X,,,,,,NA00,,,,,,,,,,,,2017,,,US00,,0,,0,0,0,,0,2,,,,,,,,,B,,,,0,,,,,0,0,0,,,,,0,,0,0,0,,,,,0,,,,0,0,0,,,,100,LB,,125011,0,0,,0,,0,0,,,,,KRYPTONITE-011,,ME01,WE01,X,X,100,"100,000.00",S,,,0,,,0,,,,1,0,,,,,,,,,0,,,,,,,,,F,,,0,,WE,2/6/17,2/6/17,5:00:12 PM,GBI-011,,MIGO_GR,,0,,,,,,,12:00:00 AM,,,,,,,,,,,0,,,,,
375,5000001115,2017,1,1,0,0,0,101,,KRYPTONITE,MI00,RM00,,,,,,125053,,,0,0,,S,USD,5000.00,0,5000.00,,0,,7288,LB,7288,LB,7288,LB,4500000098,10,,,0,,,0,X,,,,,,NA00,,,,,,,,,,,,2017,,,US00,,0,,0,0,0,,0,2,,,,,,,,,B,,,,0,,,,,0,0,0,,,,,0,,0,0,0,,,,,0,,,,0,0,0,,,,10,KG,,125053,0,0,,0,,0,0,,,,,KRYPTONITE-013,,ME01,WE01,X,X,10,"5,000.00",S,,,0,,,0,,,,1,0,,,,,,,,,0,,,,,,,,,F,,,0,,WE,2/6/17,2/6/17,10:26:43 PM,GBI-013,,MIGO_GR,,0,,,,,,,12:00:00 AM,,,,,,,,,,,0,,,,,
375,5000001116,2017,1,1,0,0,0,101,,KRYPTONITE,MI00,RM00,,,,,,125031,,,0,0,,S,USD,500000.00,0,2000000.00,,0,,9580,LB,9580,LB,9580,LB,4500000099,10,,,0,,,0,X,,,,,,NA00,,,,,,,,,,,,2017,,,US00,,0,,0,0,0,,0,2,,,,,,,,,B,,,,0,,,,,0,0,0,,,,,0,,0,0,0,,,,,0,,,,0,0,0,,,,500,LB,,125031,0,0,,0,,0,0,,,,,KRYPTONITE-006,,ME01,WE01,X,X,0,0,S,,,0,,,0,,,,1,0,,,,,,,,,0,,,,,,,,,F,,,0,,WE,2/7/17,2/7/17,10:29:37 AM,GBI-006,,MIGO_GR,,0,,,,,,,12:00:00 AM,,,,,,,,,,,0,,,,,
375,5000001117,2017,1,1,0,0,0,101,,ADAMANTIUM,MI00,RM00,,,,,,125008,,,0,0,,S,USD,25000.00,0,250000.00,,0,,10677,LB,10677,LB,10677,LB,4500000104,10,,,0,,,0,X,,,,,,NA00,,,,,,,,,,,,2017,,,US00,,0,,0,0,0,,0,2,,,,,,,,,B,,,,0,,,,,0,0,0,,,,,0,,0,0,0,,,,,0,,,,0,0,0,,,,50,LB,,125008,0,0,,0,,0,0,,,,,ADAMANTIUM-055,,ME01,WE01,X,X,"12,445","6,222,500.00",S,,,0,,,0,,,,1,0,,,,,,,,,0,,,,,,,,,F,,,0,,WE,2/7/17,2/7/17,9:06:38 PM,GBI-055,,MIGO_GR,,0,,,,,,,12:00:00 AM,,,,,,,,,,,0,,,,,
375,5000001118,2017,1,1,0,0,0,101,,IRON,MI00,RM00,,,,,,125040,,,0,0,,S,USD,2000.00,0,4285.71,,0,,12799,LB,12799,LB,12799,LB,4500000109,10,,,0,,,0,X,,,,,,NA00,,,,,,,,,,,,2017,,,US00,,0,,0,0,0,,0,2,,,,,,,,,B,,,,0,,,,,0,0,0,,,,,0,,0,0,0,,,,,0,,,,0,0,0,,,,20,LB,,125040,0,0,,0,,0,0,,,,,IRON-085,,ME01,WE01,X,X,210,"21,000.00",S,,,0,,,0,,,,1,0,,,,,,,,,0,,,,,,,,,F,,,0,,WE,2/7/17,2/7/17,10:36:42 PM,GBI-058,,MIGO_GR,,0,,,,,,,12:00:00 AM,,,,,,,,,,,0,,,,,
375,5000001119,2017,1,1,0,0,0,101,,KRYPTONITE,MI00,RM00,,,,,,125043,,,0,0,,S,USD,200000.00,0,20200000.00,,0,,10186,LB,10186,LB,10186,LB,4500000110,10,,,0,,,0,X,,,,,,NA00,,,,,,,,,,,,2017,,,US00,,0,,0,0,0,,0,2,,,,,,,,,B,,,,0,,,,,0,0,0,,,,,0,,0,0,0,,,,,0,,,,0,0,0,,,,200,LB,,125043,0,0,,0,,0,0,,,,,KRYPTONITE-059,,ME01,WE01,X,X,200,"200,000.00",S,,,0,,,0,,,,1,0,,,,,,,,,0,,,,,,,,,F,,,0,,WE,2/7/17,2/7/17,10:45:51 PM,GBI-059,,MIGO_GR,,0,,,,,,,12:00:00 AM,,,,,,,,,,,0,,,,,
375,5000001120,2017,1,1,0,0,0,101,,KRYPTONITE,MI00,RM00,,,,,,125010,,,0,0,,S,USD,100000.00,0,107089.31,,0,,15217,LB,15217,LB,15217,LB,4500000111,10,,,0,,,0,X,,,,,,NA00,,,,,,,,,,,,2017,,,US00,,0,,0,0,0,,0,2,,,,,,,,,B,,,,0,,,,,0,0,0,,,,,0,,0,0,0,,,,,0,,,,0,0,0,,,,100,LB,,125010,0,0,,0,,0,0,,,,,KRYPTONITE-027,,ME01,WE01,X,X,200,"200,000.00",S,,,0,,,0,,,,1,0,,,,,,,,,0,,,,,,,,,F,,,0,,WE,2/7/17,2/7/17,10:46:12 PM,GBI-027,,MIGO_GR,,0,,,,,,,12:00:00 AM,,,,,,,,,,,0,,,,,
375,5000001121,2017,1,1,0,0,0,101,,MAGICDUST,MI00,RM00,,,,,,125074,,,0,0,,S,USD,150000.00,0,150000.00,,0,,11466,LB,11466,LB,11466,LB,4500000112,10,,,0,,,0,X,,,,,,NA00,,,,,,,,,,,,2017,,,US00,,0,,0,0,0,,0,2,,,,,,,,,B,,,,0,,,,,0,0,0,,,,,0,,0,0,0,,,,,0,,,,0,0,0,,,,100,LB,,125074,0,0,,0,,0,0,,,,,MAGICDUST-037,,ME01,WE01,X,X,100,"150,000.00",S,,,0,,,0,,,,1,0,,,,,,,,,0,,,,,,,,,F,,,0,,WE,2/8/17,2/8/17,4:16:19 AM,GBI-037,,MIGO_GR,,0,,,,,,,12:00:00 AM,,,,,,,,,,,0,,,,,
375,5000001122,2017,1,1,0,0,0,101,,SILVER,MI00,RM00,,,,,,125071,,,0,0,,S,USD,100000.00,0,100000.00,,0,,6039,LB,6039,LB,6039,LB,4500000113,10,,,0,,,0,X,,,,,,NA00,,,,,,,,,,,,2017,,,US00,,0,,0,0,0,,0,2,,,,,,,,,B,,,,0,,,,,0,0,0,,,,,0,,0,0,0,,,,,0,,,,0,0,0,,,,100,LB,,125071,0,0,,0,,0,0,,,,,SILVER-061,,ME01,WE01,X,X,100,"100,000.00",S,,,0,,,0,,,,1,0,,,,,,,,,0,,,,,,,,,F,,,0,,WE,2/8/17,2/8/17,10:54:35 AM,GBI-061,,MIGO_GR,,0,,,,,,,12:00:00 AM,,,,,,,,,,,0,,,,,
375,5000001123,2017,1,1,0,0,0,101,,KRYPTONITE,MI00,RM00,,,,,,125017,,,0,0,,S,USD,20000.00,0,4000.00,,0,,4728,LB,4728,LB,4728,LB,4500000114,10,,,0,,,0,X,,,,,,NA00,,,,,,,,,,,,2017,,,US00,,0,,0,0,0,,0,2,,,,,,,,,B,,,,0,,,,,0,0,0,,,,,0,,0,0,0,,,,,0,,,,0,0,0,,,,20,LB,,125017,0,0,,0,,0,0,,,,,KRYPTONITE-046,,ME01,WE01,X,X,100,"100,000.00",S,,,0,,,0,,,,1,0,,,,,,,,,0,,,,,,,,,F,,,0,,WE,2/8/17,2/8/17,2:01:34 PM,GBI-046,,MIGO_GR,,0,,,,,,,12:00:00 AM,,,,,,,,,,,0,,,,,
375,5000001124,2017,1,1,0,0,0,101,,KRYPTONITE,MI00,RM00,,,,,,125035,,,0,0,,S,USD,140000.00,0,168000.00,,0,,8753,LB,8753,LB,8753,LB,4500000115,10,,,0,,,0,X,,,,,,NA00,,,,,,,,,,,,2017,,,US00,,0,,0,0,0,,0,2,,,,,,,,,B,,,,0,,,,,0,0,0,,,,,0,,0,0,0,,,,,0,,,,0,0,0,,,,140,LB,,125035,0,0,,0,,0,0,,,,,KRYPTONITE GBI-034,,ME01,WE01,X,X,100,"100,000.00",S,,,0,,,0,,,,1,0,,,,,,,,,0,,,,,,,,,F,,,0,,WE,2/8/17,2/8/17,2:25:22 PM,GBI-034,,MIGO_GR,,0,,,,,,,12:00:00 AM,,,,,,,,,,,0,,,,,
375,5000001125,2017,1,1,0,0,0,101,,KRYPTONITE,MI00,RM00,,,,,,125035,,,0,0,,S,USD,180000.00,0,216000.00,,0,,3652,LB,3652,LB,3652,LB,4500000123,10,,,0,,,0,X,,,,,,NA00,,,,,,,,,,,,2017,,,US00,,0,,0,0,0,,0,2,,,,,,,,,B,,,,0,,,,,0,0,0,,,,,0,,0,0,0,,,,,0,,,,0,0,0,,,,180,LB,,125035,0,0,,0,,0,0,,,,,KRYPTONITE GBI-034,,ME01,WE01,X,X,240,"240,000.00",S,,,0,,,0,,,,1,0,,,,,,,,,0,,,,,,,,,F,,,0,,WE,2/8/17,2/8/17,2:47:29 PM,GBI-034,,MIGO_GR,,0,,,,,,,12:00:00 AM,,,,,,,,,,,0,,,,,
375,5000001126,2017,1,1,0,0,0,101,,DIAMOND,MI00,RM00,,,,,,125003,,,0,0,,S,USD,150000.00,0,150000.00,,0,,1211,LB,1211,LB,1211,LB,4500000122,10,,,0,,,0,X,,,,,,NA00,,,,,,,,,,,,2017,,,US00,,0,,0,0,0,,0,2,,,,,,,,,B,,,,0,,,,,0,0,0,,,,,0,,0,0,0,,,,,0,,,,0,0,0,,,,100,LB,,125003,0,0,,0,,0,0,,,,,DIAMOND-032,,ME01,WE01,X,X,20,"30,000.00",S,,,0,,,0,,,,1,0,,,,,,,,,0,,,,,,,,,F,,,0,,WE,2/8/17,2/8/17,2:47:31 PM,GBI-032,,MIGO_GR,,0,,,,,,,12:00:00 AM,,,,,,,,,,,0,,,,,
375,5000001127,2017,1,1,0,0,0,101,,KRYPTONITE,MI00,RM00,,,,,,125007,,,0,0,,S,USD,20000.00,0,22000.00,,0,,14328,LB,14328,LB,14328,LB,4500000128,10,,,0,,,0,X,,,,,,NA00,,,,,,,,,,,,2017,,,US00,,0,,0,0,0,,0,2,,,,,,,,,B,,,,0,,,,,0,0,0,,,,,0,,0,0,0,,,,,0,,,,0,0,0,,,,20,LB,,125007,0,0,,0,,0,0,,,,,KRYPTONITE-040,,ME01,WE01,X,X,20,"20,000.00",S,,,0,,,0,,,,1,0,,,,,,,,,0,,,,,,,,,F,,,0,,WE,2/8/17,2/8/17,5:00:36 PM,GBI-040,,MIGO_GR,,0,,,,,,,12:00:00 AM,,,,,,,,,,,0,,,,,
375,5000001128,2017,1,1,0,0,0,101,,KRYPTONITE,MI00,RM00,,,,,,125027,,,0,0,,S,USD,100000.00,0,1000.00,,0,,6392,LB,6392,LB,6392,LB,4500000100,10,,,0,,,0,X,,,,,,NA00,,,,,,,,,,,,2017,,,US00,,0,,0,0,0,,0,2,,,,,,,,,B,,,,0,,,,,0,0,0,,,,,0,,0,0,0,,,,,0,,,,0,0,0,,,,100,LB,,125027,0,0,,0,,0,0,,,,,KRYPTONITE-020,,ME01,WE01,X,X,10,"10,000.00",S,,,0,,,0,,,,1,0,,,,,,,,,0,,,,,,,,,F,,,0,,WE,2/8/17,2/8/17,7:30:32 PM,GBI-020,,MIGO_GR,,0,,,,,,,12:00:00 AM,,,,,,,,,,,0,,,,,
375,5000001129,2017,1,1,0,0,0,101,,KRYPTONITE,MI00,RM00,,,,,,125024,,,0,0,,S,USD,1000.00,0,1000.00,,0,,7749,LB,7749,LB,7749,LB,4500000132,10,,,0,,,0,X,,,,,,NA00,,,,,,,,,,,,2017,,,US00,,0,,0,0,0,,0,2,,,,,,,,,B,,,,0,,,,,0,0,0,,,,,0,,0,0,0,,,,,0,,,,0,0,0,,,,1,LB,,125024,0,0,,0,,0,0,,,,,KRYPTONITE-010,,ME01,WE01,X,X,1,"1,000.00",S,,,0,,,0,,,,1,0,,,,,,,,,0,,,,,,,,,F,,,0,,WE,2/8/17,2/8/17,7:54:31 PM,GBI-010,,MIGO_GR,,0,,,,,,,12:00:00 AM,,,,,,,,,,,0,,,,,
375,5000001130,2017,1,1,0,0,0,101,,LIQUID,MI00,RM00,,,,,,125038,,,0,0,,S,USD,200.00,0,217.86,,0,,45,FOZ,45,FOZ,45,FOZ,4500000138,10,,,0,,,0,X,,,,,,NA00,,,,,,,,,,,,2017,,,US00,,0,,0,0,0,,0,2,,,,,,,,,B,,,,0,,,,,0,0,0,,,,,0,,0,0,0,,,,,0,,,,0,0,0,,,,1,FOZ,,125038,0,0,,0,,0,0,,,,,LIQUID-054,,ME01,WE01,X,X,101,"20,200.00",S,,,0,,,0,,,,1,0,,,,,,,,,0,,,,,,,,,F,,,0,,WE,2/8/17,2/8/17,8:54:34 PM,GBI-054,,MIGO_GR,,0,,,,,,,12:00:00 AM,,,,,,,,,,,0,,,,,
375,5000001131,2017,1,1,0,0,0,101,,KRYPTONITE,MI00,RM00,,,,,,125036,,,0,0,,S,USD,4000.00,0,40.00,,0,,13063,LB,13063,LB,13063,LB,4500000137,10,,,0,,,0,X,,,,,,NA00,,,,,,,,,,,,2017,,,US00,,0,,0,0,0,,0,2,,,,,,,,,B,,,,0,,,,,0,0,0,,,,,0,,0,0,0,,,,,0,,,,0,0,0,,,,2,KG,,125036,0,0,,0,,0,0,,,,,KRYPTONITE-053,,ME01,WE01,X,X,2,"4,000.00",S,,,0,,,0,,,,1,0,,,,,,,,,0,,,,,,,,,F,,,0,,WE,2/8/17,2/8/17,8:55:09 PM,GBI-053,,MIGO_GR,,0,,,,,,,12:00:00 AM,,,,,,,,,,,0,,,,,
375,5000001132,2017,1,1,0,0,0,101,,KRYPTONITE,MI00,RM00,,,,,,125078,,,0,0,,S,USD,10000.00,0,20000.00,,0,,2591,LB,2591,LB,2591,LB,4500000142,10,,,0,,,0,X,,,,,,NA00,,,,,,,,,,,,2017,,,US00,,0,,0,0,0,,0,2,,,,,,,,,B,,,,0,,,,,0,0,0,,,,,0,,0,0,0,,,,,0,,,,0,0,0,,,,10,GAL,,125078,0,0,,0,,0,0,,,,,KRYPTONITE-GBI048V,,ME01,WE01,X,X,2,"2,000.00",S,,,0,,,0,,,,1,0,,,,,,,,,0,,,,,,,,,F,,,0,,WE,2/8/17,2/8/17,10:03:31 PM,GBI-048,,MIGO_GR,,0,,,,,,,12:00:00 AM,,,,,,,,,,,0,,,,,
375,5000001133,2017,1,1,0,0,0,101,,KRYPTONITE,MI00,RM00,,,,,,125018,,,0,0,,S,USD,1000000.00,0,949400.00,,0,,6935,LB,6935,LB,6935,LB,4500000117,10,,,0,,,0,X,,,,,,NA00,,,,,,,,,,,,2017,,,US00,,0,,0,0,0,,0,2,,,,,,,,,B,,,,0,,,,,0,0,0,,,,,0,,0,0,0,,,,,0,,,,0,0,0,,,,"1,000",LB,,125018,0,0,,0,,0,0,,,,,KRYPTONITE-017,,ME01,WE01,X,X,"1,000","1,000,000.00",S,,,0,,,0,,,,1,0,,,,,,,,,0,,,,,,,,,F,,,0,,WE,2/8/17,2/8/17,10:03:58 PM,GBI-017,,MIGO_GR,,0,,,,,,,12:00:00 AM,,,,,,,,,,,0,,,,,
375,5000001134,2017,1,1,0,0,0,101,,KRYPTONITE,MI00,RM00,,,,,,125032,,,0,0,,S,USD,12000.00,0,12000.00,,0,,17959,LB,17959,LB,17959,LB,4500000143,10,,,0,,,0,X,,,,,,NA00,,,,,,,,,,,,2017,,,US00,,0,,0,0,0,,0,2,,,,,,,,,B,,,,0,,,,,0,0,0,,,,,0,,0,0,0,,,,,0,,,,0,0,0,,,,10,LB,,125032,0,0,,0,,0,0,,,,,KRYPTONITE-MOHIT,,ME01,WE01,X,X,10,"12,000.00",S,,,0,,,0,,,,1,0,,,,,,,,,0,,,,,,,,,F,,,0,,WE,2/8/17,2/8/17,10:16:27 PM,GBI-050,,MIGO_GR,,0,,,,,,,12:00:00 AM,,,,,,,,,,,0,,,,,
375,5000001135,2017,1,1,0,0,0,101,,KRYPTONITE,MI00,RM00,,,,,,125039,,,0,0,,S,USD,1000000.00,0,1200000.00,,0,,18206,LB,18206,LB,18206,LB,4500000139,10,,,0,,,0,X,,,,,,NA00,,,,,,,,,,,,2017,,,US00,,0,,0,0,0,,0,2,,,,,,,,,B,,,,0,,,,,0,0,0,,,,,0,,0,0,0,,,,,0,,,,0,0,0,,,,"1,000",LB,,125039,0,0,,0,,0,0,,,,,KRYPTONITE-021,,ME01,WE01,X,X,"1,000","1,000,000.00",S,,,0,,,0,,,,1,0,,,,,,,,,0,,,,,,,,,F,,,0,,WE,2/8/17,2/8/17,10:34:33 PM,GBI-021,,MIGO_GR,,0,,,,,,,12:00:00 AM,,,,,,,,,,,0,,,,,
375,5000001136,2017,1,1,0,0,0,101,,KRYPTONITE,MI00,RM00,,,,,,125080,,,0,0,,S,USD,30000.00,0,30133.80,,0,,3532,LB,3532,LB,3532,LB,4500000141,10,,,0,,,0,X,,,,,,NA00,,,,,,,,,,,,2017,,,US00,,0,,0,0,0,,0,2,,,,,,,,,B,,,,0,,,,,0,0,0,,,,,0,,0,0,0,,,,,0,,,,0,0,0,,,,10,LB,,125080,0,0,,0,,0,0,,,,,KRYPTONITE-060,,ME01,WE01,X,X,3,"9,000.00",S,,,0,,,0,,,,1,0,,,,,,,,,0,,,,,,,,,F,,,0,,WE,2/8/17,2/8/17,10:48:52 PM,GBI-060,,MIGO_GR,,0,,,,,,,12:00:00 AM,,,,,,,,,,,0,,,,,
375,5000001137,2017,1,1,0,0,0,101,,KRYPTONITE,MI00,RM00,,,,,,125060,,,0,0,,S,USD,10000.00,0,10000.00,,0,,10041,LB,10041,LB,10041,LB,4500000147,10,,,0,,,0,X,,,,,,NA00,,,,,,,,,,,,2017,,,US00,,0,,0,0,0,,0,2,,,,,,,,,B,,,,0,,,,,0,0,0,,,,,0,,0,0,0,,,,,0,,,,0,0,0,,,,10,LB,,125060,0,0,,0,,0,0,,,,,KRYPTONITE,,ME01,WE01,X,X,"1,700","1,700,000.00",S,,,0,,,0,,,,1,0,,,,,,,,,0,,,,,,,,,F,,,0,,WE,2/8/17,2/8/17,10:58:15 PM,GBI-051,,MIGO_GR,,0,,,,,,,12:00:00 AM,,,,,,,,,,,0,,,,,
375,5000001138,2017,1,1,0,0,0,101,,KRYPTONITE,MI00,RM00,,,,,,125080,,,0,0,,S,USD,30000.00,0,30000.00,,0,,17758,LB,17758,LB,17758,LB,4500000148,10,,,0,,,0,X,,,,,,NA00,,,,,,,,,,,,2017,,,US00,,0,,0,0,0,,0,2,,,,,,,,,B,,,,0,,,,,0,0,0,,,,,0,,0,0,0,,,,,0,,,,0,0,0,,,,10,LB,,125080,0,0,,0,,0,0,,,,,KRYPTONITE-060,,ME01,WE01,X,X,13,"39,000.00",S,,,0,,,0,,,,1,0,,,,,,,,,0,,,,,,,,,F,,,0,,WE,2/8/17,2/8/17,11:01:23 PM,GBI-060,,MIGO_GR,,0,,,,,,,12:00:00 AM,,,,,,,,,,,0,,,,,
375,5000001139,2017,1,1,0,0,0,101,,KRYPTONITE,MI00,RM00,,,,,,125026,,,0,0,,S,USD,10000.00,0,1282.05,,0,,11378,LB,11378,LB,11378,LB,4500000149,10,,,0,,,0,X,,,,,,NA00,,,,,,,,,,,,2017,,,US00,,0,,0,0,0,,0,2,,,,,,,,,B,,,,0,,,,,0,0,0,,,,,0,,0,0,0,,,,,0,,,,0,0,0,,,,10,LB,,125026,0,0,,0,,0,0,,,,,KRYPTONITE-023,,ME01,WE01,X,X,100,"100,000.00",S,,,0,,,0,,,,1,0,,,,,,,,,0,,,,,,,,,F,,,0,,WE,2/8/17,2/8/17,11:12:06 PM,GBI-023,,MIGO_GR,,0,,,,,,,12:00:00 AM,,,,,,,,,,,0,,,,,
375,5000001140,2017,1,1,0,0,0,101,,KRYPTONITE,MI00,RM00,,,,,,125018,,,0,0,,S,USD,1000000.00,0,940000.00,,0,,8041,LB,8041,LB,8041,LB,4500000150,10,,,0,,,0,X,,,,,,NA00,,,,,,,,,,,,2017,,,US00,,0,,0,0,0,,0,2,,,,,,,,,B,,,,0,,,,,0,0,0,,,,,0,,0,0,0,,,,,0,,,,0,0,0,,,,"1,000",LB,,125018,0,0,,0,,0,0,,,,,KRYPTONITE-017,,ME01,WE01,X,X,"2,000","2,000,000.00",S,,,0,,,0,,,,1,0,,,,,,,,,0,,,,,,,,,F,,,0,,WE,2/8/17,2/8/17,11:17:44 PM,GBI-017,,MIGO_GR,,0,,,,,,,12:00:00 AM,,,,,,,,,,,0,,,,,
375,5000001141,2017,1,1,0,0,0,101,,KRYPTONITE,MI00,RM00,,,,,,125018,,,0,0,,S,USD,1000000.00,0,940000.00,,0,,19957,LB,19957,LB,19957,LB,4500000151,10,,,0,,,0,X,,,,,,NA00,,,,,,,,,,,,2017,,,US00,,0,,0,0,0,,0,2,,,,,,,,,B,,,,0,,,,,0,0,0,,,,,0,,0,0,0,,,,,0,,,,0,0,0,,,,"1,000",LB,,125018,0,0,,0,,0,0,,,,,KRYPTONITE-017,,ME01,WE01,X,X,"3,000","3,000,000.00",S,,,0,,,0,,,,1,0,,,,,,,,,0,,,,,,,,,F,,,0,,WE,2/8/17,2/8/17,11:28:41 PM,GBI-017,,MIGO_GR,,0,,,,,,,12:00:00 AM,,,,,,,,,,,0,,,,,
375,5000001142,2017,1,1,0,0,0,101,,KRYPTONITE,MI00,RM00,,,,,,125083,,,0,0,,S,USD,10000.00,0,10100.00,,0,,19006,LB,19006,LB,19006,LB,4500000153,10,,,0,,,0,X,,,,,,NA00,,,,,,,,,,,,2017,,,US00,,0,,0,0,0,,0,2,,,,,,,,,B,,,,0,,,,,0,0,0,,,,,0,,0,0,0,,,,,0,,,,0,0,0,,,,10,LB,,125083,0,0,,0,,0,0,,,,,KRYPTONITE-031,,ME01,WE01,X,X,0,0,S,,,0,,,0,,,,1,0,,,,,,,,,0,,,,,,,,,F,,,0,,WE,2/9/17,2/9/17,2:03:44 AM,GBI-031,,MIGO_GR,,0,,,,,,,12:00:00 AM,,,,,,,,,,,0,,,,,
375,5000001143,2017,1,1,0,0,0,101,,RUBY,MI00,RM00,,,,,,125046,,,0,0,,S,USD,45000.00,0,48000.00,,0,,668,G,668,G,668,G,4500000155,10,,,0,,,0,X,,,,,,NA00,,,,,,,,,,,,2017,,,US00,,0,,0,0,0,,0,2,,,,,,,,,B,,,,0,,,,,0,0,0,,,,,0,,0,0,0,,,,,0,,,,0,0,0,,,,300,G,,125046,0,0,,0,,0,0,,,,,RUBY-045,,ME01,WE01,X,X,200,"30,000.00",S,,,0,,,0,,,,1,0,,,,,,,,,0,,,,,,,,,F,,,0,,WE,2/9/17,2/9/17,9:07:32 AM,GBI-045,,MIGO_GR,,0,,,,,,,12:00:00 AM,,,,,,,,,,,0,,,,,
375,5000001144,2017,1,1,0,0,0,101,,KRYPTONITE,MI00,RM00,,,,,,125042,,,0,0,,S,USD,50000.00,0,50000.00,,0,,13504,LB,13504,LB,13504,LB,4500000157,10,,,0,,,0,X,,,,,,NA00,,,,,,,,,,,,2017,,,US00,,0,,0,0,0,,0,2,,,,,,,,,B,,,,0,,,,,0,0,0,,,,,0,,0,0,0,,,,,0,,,,0,0,0,,,,50,LB,,125042,0,0,,0,,0,0,,,,,KRYPTONITE-043,,ME01,WE01,X,X,100,"100,000.00",S,,,0,,,0,,,,1,0,,,,,,,,,0,,,,,,,,,F,,,0,,WE,2/9/17,2/9/17,9:49:03 AM,GBI-043,,MIGO_GR,,0,,,,,,,12:00:00 AM,,,,,,,,,,,0,,,,,
375,5000001145,2017,1,1,0,0,0,101,,PALLADIUM,MI00,RM00,,,,,,125006,,,0,0,,S,USD,4000.00,0,128.51,,0,,909,G,909,G,909,G,4500000131,10,,,0,,,0,X,,,,,,NA00,,,,,,,,,,,,2017,,,US00,,0,,0,0,0,,0,2,,,,,,,,,B,,,,0,,,,,0,0,0,,,,,0,,0,0,0,,,,,0,,,,0,0,0,,,,40,G,,125006,0,0,,0,,0,0,,,,,PALLADIUM-035,,ME01,WE01,X,X,10,"1,000.00",S,,,0,,,0,,,,1,0,,,,,,,,,0,,,,,,,,,F,,,0,,WE,2/9/17,2/9/17,10:34:28 AM,GBI-035,,MIGO_GR,,0,,,,,,,12:00:00 AM,,,,,,,,,,,0,,,,,
375,5000001146,2017,1,1,0,0,0,101,,KRYPTONITE,MI00,RM00,,,,,,125029,,,0,0,,S,USD,2000.00,0,400.00,,0,,9731,LB,9731,LB,9731,LB,4500000158,10,,,0,,,0,X,,,,,,NA00,,,,,,,,,,,,2017,,,US00,,0,,0,0,0,,0,2,,,,,,,,,B,,,,0,,,,,0,0,0,,,,,0,,0,0,0,,,,,0,,,,0,0,0,,,,2,LB,,125029,0,0,,0,,0,0,,,,,KRYPTONITE-049,,ME01,WE01,X,X,5,"5,000.00",S,,,0,,,0,,,,1,0,,,,,,,,,0,,,,,,,,,F,,,0,,WE,2/9/17,2/9/17,11:14:50 AM,GBI-049,,MIGO_GR,,0,,,,,,,12:00:00 AM,,,,,,,,,,,0,,,,,
375,5000001147,2017,1,1,0,0,0,101,,PALLADIUM,MI00,RM00,,,,,,125006,,,0,0,,S,USD,5000.00,0,160.63,,0,,731,G,731,G,731,G,4500000160,10,,,0,,,0,X,,,,,,NA00,,,,,,,,,,,,2017,,,US00,,0,,0,0,0,,0,2,,,,,,,,,B,,,,0,,,,,0,0,0,,,,,0,,0,0,0,,,,,0,,,,0,0,0,,,,50,G,,125006,0,0,,0,,0,0,,,,,PALLADIUM-035,,ME01,WE01,X,X,50,"5,000.00",S,,,0,,,0,,,,1,0,,,,,,,,,0,,,,,,,,,F,,,0,,WE,2/9/17,2/9/17,11:19:32 AM,GBI-035,,MIGO_GR,,0,,,,,,,12:00:00 AM,,,,,,,,,,,0,,,,,
375,5000001148,2017,1,1,0,0,0,101,,KRYPTONITE,MI00,RM00,,,,,,125082,,,0,0,,S,USD,100000.00,0,100000.00,,0,,7689,LB,7689,LB,7689,LB,4500000101,10,,,0,,,0,X,,,,,,NA00,,,,,,,,,,,,2017,,,US00,,0,,0,0,0,,0,2,,,,,,,,,B,,,,0,,,,,0,0,0,,,,,0,,0,0,0,,,,,0,,,,0,0,0,,,,100,LB,,125082,0,0,,0,,0,0,,,,,KRYPTONITE,,ME01,WE01,X,X,"1,710","1,710,000.00",S,,,0,,,0,,,,1,0,,,,,,,,,0,,,,,,,,,F,,,0,,WE,2/10/17,2/10/17,6:28:30 PM,GBI-039,,MIGO_GR,,0,,,,,,,12:00:00 AM,,,,,,,,,,,0,,,,,
375,5000001149,2017,1,1,0,0,0,101,,TEST,MI00,RM00,,,,,,125047,,,0,0,,S,USD,9000.00,0,900000.00,,0,,12934,LB,12934,LB,12934,LB,4500000171,10,,,0,,,0,X,,,,,,NA00,,,,,,,,,,,,2017,,,US00,,0,,0,0,0,,0,2,,,,,,,,,B,,,,0,,,,,0,0,0,,,,,0,,0,0,0,,,,,0,,,,0,0,0,,,,90,LB,,125047,0,0,,0,,0,0,,,,,TEST1,,ME01,WE01,X,X,0,0,S,,,0,,,90,LB,,,1,0,,,,,,,,,0,,,,,,,,,F,,,0,,WE,2/13/17,2/13/17,3:03:38 PM,GBI-065,,MIGO_GR,,0,,,,,,,12:00:00 AM,,,,,,,,,,,0,,,,,
375,5000001150,2017,1,1,0,0,0,101,,TEST,MI00,RM00,,,,,,125047,,,0,0,,S,USD,8000.00,0,800000.00,,0,,17669,LB,17669,LB,17669,LB,4500000172,10,,,0,,,0,,,,,,,NA00,,,,,,,,,,,,2017,,,US00,,0,,0,0,0,,0,2,,,,,,,,,B,,,,0,,,,,0,0,0,,,,,0,,0,0,0,,,,,0,,,,0,0,0,,,,80,LB,,125047,0,0,,0,,0,0,,,,,TEST1,,ME01,WE01,X,X,90,"9,000.00",S,,,0,,,0,,,,1,0,,,,,,,,,0,,,,,,,,,F,,,0,,WE,2/13/17,2/13/17,3:21:16 PM,GBI-065,,MIGO_GR,,0,,,,,,,12:00:00 AM,,,,,,,,,,,0,,,,,
375,5000001151,2017,1,1,0,0,0,101,,KRYPTONITE,MI00,RM00,,,,,,125000,,,0,0,,S,USD,98000.00,0,2617.58,,0,,10086,LB,10086,LB,10086,LB,4500000173,10,,,0,,,0,,,,,,,NA00,,,,,,,,,,,,2017,,,US00,,0,,0,0,0,,0,2,,,,,,,,,B,,,,0,,,,,0,0,0,,,,,0,,0,0,0,,,,,0,,,,0,0,0,,,,98,LB,,125000,0,0,,0,,0,0,,,,,KRYPTONITE,,ME01,WE01,X,X,"1,810","1,810,000.00",S,,,0,,,0,,,,1,0,,,,,,,,,0,,,,,,,,,F,,,0,,WE,2/13/17,2/13/17,3:41:36 PM,GBIFAC-01,,MIGO_GR,,0,,,,,,,12:00:00 AM,,,,,,,,,,,0,,,,,
375,5000001152,2017,1,1,0,0,0,101,,KRYPTONITE,MI00,RM00,,,,,,125000,,,0,0,,S,USD,98000.00,0,2617.58,,0,,18064,LB,18064,LB,18064,LB,4500000174,10,,,0,,,0,X,,,,,,NA00,,,,,,,,,,,,2017,,,US00,,0,,0,0,0,,0,2,,,,,,,,,B,,,,0,,,,,0,0,0,,,,,0,,0,0,0,,,,,0,,,,0,0,0,,,,98,LB,,125000,0,0,,0,,0,0,,,,,KRYPTONITE,,ME01,WE01,X,X,"1,908","1,908,000.00",S,,,0,,,0,,,,1,0,,,,,,,,,0,,,,,,,,,F,,,0,,WE,2/13/17,2/13/17,3:55:25 PM,GBIFAC-01,,MIGO_GR,,0,,,,,,,12:00:00 AM,,,,,,,,,,,0,,,,,
375,5000001153,2017,1,1,0,0,0,101,,KRYPTONITE,MI00,RM00,,,,,,125000,,,0,0,,S,USD,50000.00,0,1335.50,,0,,14522,LB,14522,LB,14522,LB,4500000175,10,,,0,,,0,X,,,,,,NA00,,,,,,,,,,,,2017,,,US00,,0,,0,0,0,,0,2,,,,,,,,,B,,,,0,,,,,0,0,0,,,,,0,,0,0,0,,,,,0,,,,0,0,0,,,,50,LB,,125000,0,0,,0,,0,0,,,,,KRYPTONITE,,ME01,WE01,X,X,"2,006","2,006,000.00",S,,,0,,,0,,,,1,0,,,,,,,,,0,,,,,,,,,F,,,0,,WE,2/13/17,2/13/17,3:59:49 PM,GBIFAC-01,,MIGO_GR,,0,,,,,,,12:00:00 AM,,,,,,,,,,,0,,,,,
375,5000001154,2017,1,1,0,0,0,101,,KRYPTONITE,MI00,RM00,,,,,,125000,,,0,0,,S,USD,98000.00,0,2617.58,,0,,19776,LB,19776,LB,19776,LB,4500000185,10,,,0,,,0,X,,,,,,NA00,,,,,,,,,,,,2017,,,US00,,0,,0,0,0,,0,2,,,,,,,,,B,,,,0,,,,,0,0,0,,,,,0,,0,0,0,,,,,0,,,,0,0,0,,,,98,LB,,125000,0,0,,0,,0,0,,,,,KRYPTONITE,,ME01,WE01,X,X,"2,056","2,056,000.00",S,,,0,,,0,,,,1,0,,,,,,,,,0,,,,,,,,,F,,,0,,WE,2/14/17,2/14/17,7:19:13 PM,GBIFAC-01,,MIGO_GR,,0,,,,,,,12:00:00 AM,,,,,,,,,,,0,,,,,
375,5000001155,2017,1,1,0,0,0,101,,HEXNT,MI00,RM00,,,,,,125094,,,0,0,,S,USD,12300.00,0,12200.00,,0,,11793,LB,11793,LB,11793,LB,4500000186,10,,,0,,,0,X,,,,,,NA00,,,,,,,,,,,,2017,,,US00,,0,,0,0,0,,0,2,,,,,,,,,B,,,,0,,,,,0,0,0,,,,,0,,0,0,0,,,,,0,,,,0,0,0,,,,"10,000",LB,,125094,0,0,,0,,0,0,,,,,HEXNT-01,,ME01,WE01,X,X,0,0,S,,,0,,,0,,,,1,0,,,,,,,,,0,,,,,,,,,F,,,0,,WE,2/14/17,2/14/17,7:58:17 PM,GBI-050,,MIGO_GR,,0,,,,,,,12:00:00 AM,,,,,,,,,,,0,,,,,
375,5000001156,2017,1,1,0,0,0,101,,HEXNT,MI00,RM00,,,,,,125094,,,0,0,,S,USD,12300.00,0,12300.00,,0,,15907,LB,15907,LB,15907,LB,4500000187,10,,,0,,,0,X,,,,,,NA00,,,,,,,,,,,,2017,,,US00,,0,,0,0,0,,0,2,,,,,,,,,B,,,,0,,,,,0,0,0,,,,,0,,0,0,0,,,,,0,,,,0,0,0,,,,"10,000",LB,,125094,0,0,,0,,0,0,,,,,HEXNT-01,,ME01,WE01,X,X,"10,000","12,300.00",S,,,0,,,0,,,,1,0,,,,,,,,,0,,,,,,,,,F,,,0,,WE,2/14/17,2/14/17,8:00:11 PM,GBI-050,,MIGO_GR,,0,,,,,,,12:00:00 AM,,,,,,,,,,,0,,,,,
375,5000001157,2017,1,1,0,0,0,101,,HEXNT,MI00,RM00,,,,,,125094,,,0,0,,S,USD,12300.00,0,12300.00,,0,,7641,LB,7641,LB,7641,LB,4500000188,10,,,0,,,0,X,,,,,,NA00,,,,,,,,,,,,2017,,,US00,,0,,0,0,0,,0,2,,,,,,,,,B,,,,0,,,,,0,0,0,,,,,0,,0,0,0,,,,,0,,,,0,0,0,,,,"10,000",LB,,125094,0,0,,0,,0,0,,,,,HEXNT-01,,ME01,WE01,X,X,"20,000","24,600.00",S,,,0,,,0,,,,1,0,,,,,,,,,0,,,,,,,,,F,,,0,,WE,2/14/17,2/14/17,8:00:47 PM,GBI-050,,MIGO_GR,,0,,,,,,,12:00:00 AM,,,,,,,,,,,0,,,,,
375,5000001158,2017,1,1,0,0,0,101,,HEXNT,MI00,RM00,,,,,,125094,,,0,0,,S,USD,12300.00,0,12300.00,,0,,13099,LB,13099,LB,13099,LB,4500000189,10,,,0,,,0,X,,,,,,NA00,,,,,,,,,,,,2017,,,US00,,0,,0,0,0,,0,2,,,,,,,,,B,,,,0,,,,,0,0,0,,,,,0,,0,0,0,,,,,0,,,,0,0,0,,,,"10,000",LB,,125094,0,0,,0,,0,0,,,,,HEXNT-01,,ME01,WE01,X,X,"30,000","36,900.00",S,,,0,,,0,,,,1,0,,,,,,,,,0,,,,,,,,,F,,,0,,WE,2/14/17,2/14/17,8:01:15 PM,GBI-050,,MIGO_GR,,0,,,,,,,12:00:00 AM,,,,,,,,,,,0,,,,,
375,5000001159,2017,1,1,0,0,0,101,,HEXNT,MI00,RM00,,,,,,125094,,,0,0,,S,USD,12300.00,0,12400.00,,0,,3931,LB,3931,LB,3931,LB,4500000190,10,,,0,,,0,X,,,,,,NA00,,,,,,,,,,,,2017,,,US00,,0,,0,0,0,,0,2,,,,,,,,,B,,,,0,,,,,0,0,0,,,,,0,,0,0,0,,,,,0,,,,0,0,0,,,,"10,000",LB,,125094,0,0,,0,,0,0,,,,,HEXNT-01,,ME01,WE01,X,X,"40,000","49,200.00",S,,,0,,,0,,,,1,0,,,,,,,,,0,,,,,,,,,F,,,0,,WE,2/14/17,2/14/17,8:01:43 PM,GBI-050,,MIGO_GR,,0,,,,,,,12:00:00 AM,,,,,,,,,,,0,,,,,
375,5000001160,2017,1,1,0,0,0,101,,HEXNT,MI00,RM00,,,,,,125094,,,0,0,,S,USD,12300.00,0,12200.00,,0,,14337,LB,14337,LB,14337,LB,4500000191,10,,,0,,,0,X,,,,,,NA00,,,,,,,,,,,,2017,,,US00,,0,,0,0,0,,0,2,,,,,,,,,B,,,,0,,,,,0,0,0,,,,,0,,0,0,0,,,,,0,,,,0,0,0,,,,"10,000",LB,,125094,0,0,,0,,0,0,,,,,HEXNT-01,,ME01,WE01,X,X,"50,000","61,500.00",S,,,0,,,0,,,,1,0,,,,,,,,,0,,,,,,,,,F,,,0,,WE,2/14/17,2/14/17,8:02:08 PM,GBI-050,,MIGO_GR,,0,,,,,,,12:00:00 AM,,,,,,,,,,,0,,,,,
375,5000001161,2017,1,3,0,0,0,101,,GOLD,MI00,RM00,,,,,,125070,,,0,0,,S,USD,800.00,0,1008.00,,0,,259,G,259,G,259,G,4500000121,10,,,0,,,0,X,,,,,,NA00,,,,,,,,,,,,2017,,,US00,,0,,0,0,0,,0,2,,,,,,,,,B,,,,0,,,,,0,0,0,,,,,0,,0,0,0,,,,,0,,,,0,0,0,,,,20,G,,125070,0,0,,0,,0,0,,,,,GOLD-026,,ME01,WE01,X,X,2,80,S,,,0,,,0,,,,1,0,,,,,,,,,0,,,,,,,,,F,,,0,,WE,2/14/17,2/14/17,9:45:16 PM,GBI-026,,MIGO_GR,,0,,,,,,,12:00:00 AM,,,,,,,,,,,0,,,,,
375,5000001162,2017,1,1,0,0,0,101,,HEXNT,MI00,RM00,,,,,,125094,,,0,0,,S,USD,12300.00,0,12300.00,,0,,1820,LB,1820,LB,1820,LB,4500000192,10,,,0,,,0,X,,,,,,NA00,,,,,,,,,,,,2017,,,US00,,0,,0,0,0,,0,2,,,,,,,,,B,,,,0,,,,,0,0,0,,,,,0,,0,0,0,,,,,0,,,,0,0,0,,,,"10,000",LB,,125094,0,0,,0,,0,0,,,,,HEXNT-01,,ME01,WE01,X,X,"60,000","73,800.00",S,,,0,,,0,,,,1,0,,,,,,,,,0,,,,,,,,,F,,,0,,WE,2/14/17,2/14/17,10:13:28 PM,GBI-046,,MIGO_GR,,0,,,,,,,12:00:00 AM,,,,,,,,,,,0,,,,,
375,5000001163,2017,1,1,0,0,0,101,,HEXNT,MI00,RM00,,,,,,125094,,,0,0,,S,USD,12300.00,0,12300.00,,0,,569,LB,569,LB,569,LB,4500000193,10,,,0,,,0,X,,,,,,NA00,,,,,,,,,,,,2017,,,US00,,0,,0,0,0,,0,2,,,,,,,,,B,,,,0,,,,,0,0,0,,,,,0,,0,0,0,,,,,0,,,,0,0,0,,,,"10,000",LB,,125094,0,0,,0,,0,0,,,,,HEXNT-01,,ME01,WE01,X,X,"70,000","86,100.00",S,,,0,,,0,,,,1,0,,,,,,,,,0,,,,,,,,,F,,,0,,WE,2/14/17,2/14/17,10:14:24 PM,GBI-046,,MIGO_GR,,0,,,,,,,12:00:00 AM,,,,,,,,,,,0,,,,,
375,5000001164,2017,1,1,0,0,0,101,,HEXNT,MI00,RM00,,,,,,125094,,,0,0,,S,USD,12300.00,0,12200.00,,0,,12604,LB,12604,LB,12604,LB,4500000194,10,,,0,,,0,X,,,,,,NA00,,,,,,,,,,,,2017,,,US00,,0,,0,0,0,,0,2,,,,,,,,,B,,,,0,,,,,0,0,0,,,,,0,,0,0,0,,,,,0,,,,0,0,0,,,,"10,000",LB,,125094,0,0,,0,,0,0,,,,,HEXNT-01,,ME01,WE01,X,X,"80,000","98,400.00",S,,,0,,,0,,,,1,0,,,,,,,,,0,,,,,,,,,F,,,0,,WE,2/14/17,2/14/17,10:14:59 PM,GBI-046,,MIGO_GR,,0,,,,,,,12:00:00 AM,,,,,,,,,,,0,,,,,
375,5000001165,2017,1,1,0,0,0,101,,HEXNT,MI00,RM00,,,,,,125094,,,0,0,,S,USD,12300.00,0,12200.00,,0,,2010,LB,2010,LB,2010,LB,4500000195,10,,,0,,,0,X,,,,,,NA00,,,,,,,,,,,,2017,,,US00,,0,,0,0,0,,0,2,,,,,,,,,B,,,,0,,,,,0,0,0,,,,,0,,0,0,0,,,,,0,,,,0,0,0,,,,"10,000",LB,,125094,0,0,,0,,0,0,,,,,HEXNT-01,,ME01,WE01,X,X,"90,000","110,700.00",S,,,0,,,0,,,,1,0,,,,,,,,,0,,,,,,,,,F,,,0,,WE,2/14/17,2/14/17,10:15:25 PM,GBI-046,,MIGO_GR,,0,,,,,,,12:00:00 AM,,,,,,,,,,,0,,,,,
375,5000001166,2017,1,1,0,0,0,101,,HEXNT,MI00,RM00,,,,,,125094,,,0,0,,S,USD,12300.00,0,12300.00,,0,,11172,LB,11172,LB,11172,LB,4500000196,10,,,0,,,0,X,,,,,,NA00,,,,,,,,,,,,2017,,,US00,,0,,0,0,0,,0,2,,,,,,,,,B,,,,0,,,,,0,0,0,,,,,0,,0,0,0,,,,,0,,,,0,0,0,,,,"10,000",LB,,125094,0,0,,0,,0,0,,,,,HEXNT-01,,ME01,WE01,X,X,"100,000","123,000.00",S,,,0,,,0,,,,1,0,,,,,,,,,0,,,,,,,,,F,,,0,,WE,2/14/17,2/14/17,10:15:47 PM,GBI-046,,MIGO_GR,,0,,,,,,,12:00:00 AM,,,,,,,,,,,0,,,,,
375,5000001167,2017,1,1,0,0,0,101,,HEXNT,MI00,RM00,,,,,,125094,,,0,0,,S,USD,12300.00,0,12200.00,,0,,19202,LB,19202,LB,19202,LB,4500000197,10,,,0,,,0,X,,,,,,NA00,,,,,,,,,,,,2017,,,US00,,0,,0,0,0,,0,2,,,,,,,,,B,,,,0,,,,,0,0,0,,,,,0,,0,0,0,,,,,0,,,,0,0,0,,,,"10,000",LB,,125094,0,0,,0,,0,0,,,,,HEXNT-01,,ME01,WE01,X,X,"110,000","135,300.00",S,,,0,,,0,,,,1,0,,,,,,,,,0,,,,,,,,,F,,,0,,WE,2/14/17,2/14/17,10:16:09 PM,GBI-046,,MIGO_GR,,0,,,,,,,12:00:00 AM,,,,,,,,,,,0,,,,,
375,5000001168,2017,1,1,0,0,0,101,,HEXNT,MI00,RM00,,,,,,125094,,,0,0,,S,USD,12300.00,0,12300.00,,0,,18965,LB,18965,LB,18965,LB,4500000199,10,,,0,,,0,X,,,,,,NA00,,,,,,,,,,,,2017,,,US00,,0,,0,0,0,,0,2,,,,,,,,,B,,,,0,,,,,0,0,0,,,,,0,,0,0,0,,,,,0,,,,0,0,0,,,,"10,000",LB,,125094,0,0,,0,,0,0,,,,,HEXNT-01,,ME01,WE01,X,X,"120,000","147,600.00",S,,,0,,,0,,,,1,0,,,,,,,,,0,,,,,,,,,F,,,0,,WE,2/14/17,2/14/17,11:01:06 PM,GBI-058,,MIGO_GR,,0,,,,,,,12:00:00 AM,,,,,,,,,,,0,,,,,
375,5000001169,2017,1,1,0,0,0,101,,HEXNT,MI00,RM00,,,,,,125094,,,0,0,,S,USD,12300.00,0,12300.00,,0,,13178,LB,13178,LB,13178,LB,4500000200,10,,,0,,,0,X,,,,,,NA00,,,,,,,,,,,,2017,,,US00,,0,,0,0,0,,0,2,,,,,,,,,B,,,,0,,,,,0,0,0,,,,,0,,0,0,0,,,,,0,,,,0,0,0,,,,"10,000",LB,,125094,0,0,,0,,0,0,,,,,HEXNT-01,,ME01,WE01,X,X,"130,000","159,900.00",S,,,0,,,0,,,,1,0,,,,,,,,,0,,,,,,,,,F,,,0,,WE,2/14/17,2/14/17,11:01:58 PM,GBI-058,,MIGO_GR,,0,,,,,,,12:00:00 AM,,,,,,,,,,,0,,,,,
375,5000001170,2017,1,1,0,0,0,101,,HEXNT,MI00,RM00,,,,,,125094,,,0,0,,S,USD,12300.00,0,12400.00,,0,,2669,LB,2669,LB,2669,LB,4500000201,10,,,0,,,0,X,,,,,,NA00,,,,,,,,,,,,2017,,,US00,,0,,0,0,0,,0,2,,,,,,,,,B,,,,0,,,,,0,0,0,,,,,0,,0,0,0,,,,,0,,,,0,0,0,,,,"10,000",LB,,125094,0,0,,0,,0,0,,,,,HEXNT-01,,ME01,WE01,X,X,"140,000","172,200.00",S,,,0,,,0,,,,1,0,,,,,,,,,0,,,,,,,,,F,,,0,,WE,2/14/17,2/14/17,11:02:35 PM,GBI-058,,MIGO_GR,,0,,,,,,,12:00:00 AM,,,,,,,,,,,0,,,,,
375,5000001171,2017,1,1,0,0,0,101,,HEXNT,MI00,RM00,,,,,,125094,,,0,0,,S,USD,12300.00,0,12300.00,,0,,15527,LB,15527,LB,15527,LB,4500000202,10,,,0,,,0,X,,,,,,NA00,,,,,,,,,,,,2017,,,US00,,0,,0,0,0,,0,2,,,,,,,,,B,,,,0,,,,,0,0,0,,,,,0,,0,0,0,,,,,0,,,,0,0,0,,,,"10,000",LB,,125094,0,0,,0,,0,0,,,,,HEXNT-01,,ME01,WE01,X,X,"150,000","184,500.00",S,,,0,,,0,,,,1,0,,,,,,,,,0,,,,,,,,,F,,,0,,WE,2/14/17,2/14/17,11:03:32 PM,GBI-058,,MIGO_GR,,0,,,,,,,12:00:00 AM,,,,,,,,,,,0,,,,,
375,5000001172,2017,1,1,0,0,0,101,,HEXNT,MI00,RM00,,,,,,125094,,,0,0,,S,USD,12300.00,0,12400.00,,0,,6362,LB,6362,LB,6362,LB,4500000203,10,,,0,,,0,X,,,,,,NA00,,,,,,,,,,,,2017,,,US00,,0,,0,0,0,,0,2,,,,,,,,,B,,,,0,,,,,0,0,0,,,,,0,,0,0,0,,,,,0,,,,0,0,0,,,,"10,000",LB,,125094,0,0,,0,,0,0,,,,,HEXNT-01,,ME01,WE01,X,X,"160,000","196,800.00",S,,,0,,,0,,,,1,0,,,,,,,,,0,,,,,,,,,F,,,0,,WE,2/14/17,2/14/17,11:04:02 PM,GBI-058,,MIGO_GR,,0,,,,,,,12:00:00 AM,,,,,,,,,,,0,,,,,
375,5000001173,2017,1,1,0,0,0,101,,HEXNT,MI00,RM00,,,,,,125094,,,0,0,,S,USD,12300.00,0,12200.00,,0,,17190,LB,17190,LB,17190,LB,4500000204,10,,,0,,,0,X,,,,,,NA00,,,,,,,,,,,,2017,,,US00,,0,,0,0,0,,0,2,,,,,,,,,B,,,,0,,,,,0,0,0,,,,,0,,0,0,0,,,,,0,,,,0,0,0,,,,"10,000",LB,,125094,0,0,,0,,0,0,,,,,HEXNT-01,,ME01,WE01,X,X,"170,000","209,100.00",S,,,0,,,0,,,,1,0,,,,,,,,,0,,,,,,,,,F,,,0,,WE,2/14/17,2/14/17,11:04:45 PM,GBI-058,,MIGO_GR,,0,,,,,,,12:00:00 AM,,,,,,,,,,,0,,,,,
375,5000001174,2017,1,1,0,0,0,101,,TEST,MI00,RM00,,,,,,125045,,,0,0,,S,USD,9000.00,0,90000.00,,0,,111,FT3,111,FT3,111,FT3,4500000205,10,,,0,,,0,X,,,,,,NA00,,,,,,,,,,,,2017,,,US00,,0,,0,0,0,,0,2,,,,,,,,,B,,,,0,,,,,0,0,0,,,,,0,,0,0,0,,,,,0,,,,0,0,0,,,,9,FT3,,125045,0,0,,0,,0,0,,,,,TEST11,,ME01,WE01,X,X,0,0,S,,,0,,,0,,,,1,0,,,,,,,,,0,,,,,,,,,F,,,0,,WE,2/15/17,2/15/17,12:23:06 AM,GBI-064,,MIGO_GR,,0,,,,,,,12:00:00 AM,,,,,,,,,,,0,,,,,
375,5000001175,2017,1,1,0,0,0,101,,TEST,MI00,RM00,,,,,,125045,,,0,0,,S,USD,91000.00,0,91000.00,,0,,129,FT3,129,FT3,129,FT3,4500000206,10,,,0,,,0,X,,,,,,NA00,,,,,,,,,,,,2017,,,US00,,0,,0,0,0,,0,2,,,,,,,,,B,,,,0,,,,,0,0,0,,,,,0,,0,0,0,,,,,0,,,,0,0,0,,,,91,FT3,,125045,0,0,,0,,0,0,,,,,TEST11,,ME01,WE01,X,X,9,"9,000.00",S,,,0,,,0,,,,1,0,,,,,,,,,0,,,,,,,,,F,,,0,,WE,2/15/17,2/15/17,12:47:07 AM,GBI-064,,MIGO_GR,,0,,,,,,,12:00:00 AM,,,,,,,,,,,0,,,,,
375,5000001176,2017,1,1,0,0,0,101,,TEST,MI00,RM00,,,,,,125045,,,0,0,,S,USD,97000.00,0,97000.00,,0,,112,FT3,112,FT3,112,FT3,4500000207,10,,,0,,,0,X,,,,,,NA00,,,,,,,,,,,,2017,,,US00,,0,,0,0,0,,0,2,,,,,,,,,B,,,,0,,,,,0,0,0,,,,,0,,0,0,0,,,,,0,,,,0,0,0,,,,97,FT3,,125045,0,0,,0,,0,0,,,,,TEST11,,ME01,WE01,X,X,100,"100,000.00",S,,,0,,,0,,,,1,0,,,,,,,,,0,,,,,,,,,F,,,0,,WE,2/15/17,2/15/17,12:53:45 AM,GBI-064,,MIGO_GR,,0,,,,,,,12:00:00 AM,,,,,,,,,,,0,,,,,
375,5000001177,2017,1,1,0,0,0,101,,HEXNT,MI00,RM00,,,,,,125094,,,0,0,,S,USD,12300.00,0,12400.00,,0,,8343,LB,8343,LB,8343,LB,4500000208,10,,,0,,,0,X,,,,,,NA00,,,,,,,,,,,,2017,,,US00,,0,,0,0,0,,0,2,,,,,,,,,B,,,,0,,,,,0,0,0,,,,,0,,0,0,0,,,,,0,,,,0,0,0,,,,"10,000",LB,,125094,0,0,,0,,0,0,,,,,HEXNT-01,,ME01,WE01,X,X,"180,000","221,400.00",S,,,0,,,0,,,,1,0,,,,,,,,,0,,,,,,,,,F,,,0,,WE,2/15/17,2/15/17,12:08:26 PM,GBI-027,,MIGO_GR,,0,,,,,,,12:00:00 AM,,,,,,,,,,,0,,,,,
375,5000001178,2017,1,1,0,0,0,101,,HEXNT,MI00,RM00,,,,,,125094,,,0,0,,S,USD,12300.00,0,12400.00,,0,,9519,LB,9519,LB,9519,LB,4500000209,10,,,0,,,0,X,,,,,,NA00,,,,,,,,,,,,2017,,,US00,,0,,0,0,0,,0,2,,,,,,,,,B,,,,0,,,,,0,0,0,,,,,0,,0,0,0,,,,,0,,,,0,0,0,,,,"10,000",LB,,125094,0,0,,0,,0,0,,,,,HEXNT-01,,ME01,WE01,X,X,"190,000","233,700.00",S,,,0,,,0,,,,1,0,,,,,,,,,0,,,,,,,,,F,,,0,,WE,2/15/17,2/15/17,12:09:36 PM,GBI-027,,MIGO_GR,,0,,,,,,,12:00:00 AM,,,,,,,,,,,0,,,,,
375,5000001179,2017,1,1,0,0,0,101,,HEXNT,MI00,RM00,,,,,,125094,,,0,0,,S,USD,12300.00,0,12400.00,,0,,12310,LB,12310,LB,12310,LB,4500000210,10,,,0,,,0,X,,,,,,NA00,,,,,,,,,,,,2017,,,US00,,0,,0,0,0,,0,2,,,,,,,,,B,,,,0,,,,,0,0,0,,,,,0,,0,0,0,,,,,0,,,,0,0,0,,,,"10,000",LB,,125094,0,0,,0,,0,0,,,,,HEXNT-01,,ME01,WE01,X,X,"200,000","246,000.00",S,,,0,,,0,,,,1,0,,,,,,,,,0,,,,,,,,,F,,,0,,WE,2/15/17,2/15/17,12:10:15 PM,GBI-027,,MIGO_GR,,0,,,,,,,12:00:00 AM,,,,,,,,,,,0,,,,,
375,5000001180,2017,1,1,0,0,0,101,,HEXNT,MI00,RM00,,,,,,125094,,,0,0,,S,USD,12300.00,0,12400.00,,0,,4139,LB,4139,LB,4139,LB,4500000211,10,,,0,,,0,X,,,,,,NA00,,,,,,,,,,,,2017,,,US00,,0,,0,0,0,,0,2,,,,,,,,,B,,,,0,,,,,0,0,0,,,,,0,,0,0,0,,,,,0,,,,0,0,0,,,,"10,000",LB,,125094,0,0,,0,,0,0,,,,,HEXNT-01,,ME01,WE01,X,X,"210,000","258,300.00",S,,,0,,,0,,,,1,0,,,,,,,,,0,,,,,,,,,F,,,0,,WE,2/15/17,2/15/17,12:10:50 PM,GBI-027,,MIGO_GR,,0,,,,,,,12:00:00 AM,,,,,,,,,,,0,,,,,
375,5000001181,2017,1,1,0,0,0,101,,HEXNT,MI00,RM00,,,,,,125094,,,0,0,,S,USD,12300.00,0,12400.00,,0,,7407,LB,7407,LB,7407,LB,4500000212,10,,,0,,,0,X,,,,,,NA00,,,,,,,,,,,,2017,,,US00,,0,,0,0,0,,0,2,,,,,,,,,B,,,,0,,,,,0,0,0,,,,,0,,0,0,0,,,,,0,,,,0,0,0,,,,"10,000",LB,,125094,0,0,,0,,0,0,,,,,HEXNT-01,,ME01,WE01,X,X,"220,000","270,600.00",S,,,0,,,0,,,,1,0,,,,,,,,,0,,,,,,,,,F,,,0,,WE,2/15/17,2/15/17,12:11:26 PM,GBI-027,,MIGO_GR,,0,,,,,,,12:00:00 AM,,,,,,,,,,,0,,,,,
375,5000001182,2017,1,1,0,0,0,101,,HEXNT,MI00,RM00,,,,,,125094,,,0,0,,S,USD,12300.00,0,12400.00,,0,,12781,LB,12781,LB,12781,LB,4500000213,10,,,0,,,0,X,,,,,,NA00,,,,,,,,,,,,2017,,,US00,,0,,0,0,0,,0,2,,,,,,,,,B,,,,0,,,,,0,0,0,,,,,0,,0,0,0,,,,,0,,,,0,0,0,,,,"10,000",LB,,125094,0,0,,0,,0,0,,,,,HEXNT-01,,ME01,WE01,X,X,"230,000","282,900.00",S,,,0,,,0,,,,1,0,,,,,,,,,0,,,,,,,,,F,,,0,,WE,2/15/17,2/15/17,12:11:59 PM,GBI-027,,MIGO_GR,,0,,,,,,,12:00:00 AM,,,,,,,,,,,0,,,,,
375,5000001183,2017,1,1,0,0,0,101,,HEXNT,MI00,RM00,,,,,,125094,,,0,0,,S,USD,12300.00,0,12200.00,,0,,19057,LB,19057,LB,19057,LB,4500000215,10,,,0,,,0,X,,,,,,NA00,,,,,,,,,,,,2017,,,US00,,0,,0,0,0,,0,2,,,,,,,,,B,,,,0,,,,,0,0,0,,,,,0,,0,0,0,,,,,0,,,,0,0,0,,,,"10,000",LB,,125094,0,0,,0,,0,0,,,,,HEXNT-01,,ME01,WE01,X,X,"240,000","295,200.00",S,,,0,,,0,,,,1,0,,,,,,,,,0,,,,,,,,,F,,,0,,WE,2/15/17,2/15/17,12:32:27 PM,GBI-027,,MIGO_GR,,0,,,,,,,12:00:00 AM,,,,,,,,,,,0,,,,,
375,5000001184,2017,1,1,0,0,0,101,,HEXNT,MI00,RM00,,,,,,125094,,,0,0,,S,USD,12300.00,0,12200.00,,0,,3832,LB,3832,LB,3832,LB,4500000217,10,,,0,,,0,X,,,,,,NA00,,,,,,,,,,,,2017,,,US00,,0,,0,0,0,,0,2,,,,,,,,,B,,,,0,,,,,0,0,0,,,,,0,,0,0,0,,,,,0,,,,0,0,0,,,,"10,000",LB,,125094,0,0,,0,,0,0,,,,,HEXNT-01,,ME01,WE01,X,X,"250,000","307,500.00",S,,,0,,,0,,,,1,0,,,,,,,,,0,,,,,,,,,F,,,0,,WE,2/15/17,2/15/17,12:40:36 PM,GBI-027,,MIGO_GR,,0,,,,,,,12:00:00 AM,,,,,,,,,,,0,,,,,
375,5000001185,2017,1,1,0,0,0,101,,HEXNT,MI00,RM00,,,,,,125094,,,0,0,,S,USD,12300.00,0,12200.00,,0,,17213,LB,17213,LB,17213,LB,4500000218,10,,,0,,,0,X,,,,,,NA00,,,,,,,,,,,,2017,,,US00,,0,,0,0,0,,0,2,,,,,,,,,B,,,,0,,,,,0,0,0,,,,,0,,0,0,0,,,,,0,,,,0,0,0,,,,"10,000",LB,,125094,0,0,,0,,0,0,,,,,HEXNT-01,,ME01,WE01,X,X,"260,000","319,800.00",S,,,0,,,0,,,,1,0,,,,,,,,,0,,,,,,,,,F,,,0,,WE,2/15/17,2/15/17,12:44:59 PM,GBI-027,,MIGO_GR,,0,,,,,,,12:00:00 AM,,,,,,,,,,,0,,,,,
375,5000001186,2017,1,1,0,0,0,101,,HEXNT,MI00,RM00,,,,,,125094,,,0,0,,S,USD,12300.00,0,12300.00,,0,,14452,LB,14452,LB,14452,LB,4500000219,10,,,0,,,0,X,,,,,,NA00,,,,,,,,,,,,2017,,,US00,,0,,0,0,0,,0,2,,,,,,,,,B,,,,0,,,,,0,0,0,,,,,0,,0,0,0,,,,,0,,,,0,0,0,,,,"10,000",LB,,125094,0,0,,0,,0,0,,,,,HEXNT-01,,ME01,WE01,X,X,"270,000","332,100.00",S,,,0,,,0,,,,1,0,,,,,,,,,0,,,,,,,,,F,,,0,,WE,2/15/17,2/15/17,12:52:28 PM,GBI-027,,MIGO_GR,,0,,,,,,,12:00:00 AM,,,,,,,,,,,0,,,,,
375,5000001187,2017,1,1,0,0,0,101,,KRYPTONITE,MI00,RM00,,,,,,125000,,,0,0,,S,USD,100000.00,0,2671.00,,0,,301,LB,301,LB,301,LB,4500000220,10,,,0,,,0,X,,,,,,NA00,,,,,,,,,,,,2017,,,US00,,0,,0,0,0,,0,2,,,,,,,,,B,,,,0,,,,,0,0,0,,,,,0,,0,0,0,,,,,0,,,,0,0,0,,,,100,LB,,125000,0,0,,0,,0,0,,,,,KRYPTONITE,,ME01,WE01,X,X,"2,154","2,154,000.00",S,,,0,,,0,,,,1,0,,,,,,,,,0,,,,,,,,,F,,,0,,WE,2/15/17,2/15/17,12:57:18 PM,GBIFAC-01,,MIGO_GR,,0,,,,,,,12:00:00 AM,,,,,,,,,,,0,,,,,
375,5000001188,2017,1,1,0,0,0,101,,KRYPTONITE,MI00,RM00,,,,,,125000,,,0,0,,S,USD,98000.00,0,2617.58,,0,,19143,LB,19143,LB,19143,LB,4500000222,10,,,0,,,0,X,,,,,,NA00,,,,,,,,,,,,2017,,,US00,,0,,0,0,0,,0,2,,,,,,,,,B,,,,0,,,,,0,0,0,,,,,0,,0,0,0,,,,,0,,,,0,0,0,,,,98,LB,,125000,0,0,,0,,0,0,,,,,KRYPTONITE,,ME01,WE01,X,X,"2,254","2,254,000.00",S,,,0,,,0,,,,1,0,,,,,,,,,0,,,,,,,,,F,,,0,,WE,2/15/17,2/15/17,1:43:11 PM,GBIFAC-01,,MIGO_GR,,0,,,,,,,12:00:00 AM,,,,,,,,,,,0,,,,,
375,5000001189,2017,1,1,0,0,0,101,,HEXNT,MI00,RM00,,,,,,125094,,,0,0,,S,USD,12300.00,0,12800.00,,0,,9311,LB,9311,LB,9311,LB,4500000232,10,,,0,,,0,X,,,,,,NA00,,,,,,,,,,,,2017,,,US00,,0,,0,0,0,,0,2,,,,,,,,,B,,,,0,,,,,0,0,0,,,,,0,,0,0,0,,,,,0,,,,0,0,0,,,,"10,000",LB,,125094,0,0,,0,,0,0,,,,,HEXNT-01,,ME01,WE01,X,X,"280,000","344,400.00",S,,,0,,,0,,,,1,0,,,,,,,,,0,,,,,,,,,F,,,0,,WE,2/16/17,2/16/17,11:03:50 AM,GBI-035,,MIGO_GR,,0,,,,,,,12:00:00 AM,,,,,,,,,,,0,,,,,
375,5000001190,2017,1,1,0,0,0,101,,HEXNT,MI00,RM00,,,,,,125094,,,0,0,,S,USD,12300.00,0,12800.00,,0,,4422,LB,4422,LB,4422,LB,4500000233,10,,,0,,,0,X,,,,,,NA00,,,,,,,,,,,,2017,,,US00,,0,,0,0,0,,0,2,,,,,,,,,B,,,,0,,,,,0,0,0,,,,,0,,0,0,0,,,,,0,,,,0,0,0,,,,"10,000",LB,,125094,0,0,,0,,0,0,,,,,HEXNT-01,,ME01,WE01,X,X,"290,000","356,700.00",S,,,0,,,0,,,,1,0,,,,,,,,,0,,,,,,,,,F,,,0,,WE,2/16/17,2/16/17,11:41:25 AM,GBI-035,,MIGO_GR,,0,,,,,,,12:00:00 AM,,,,,,,,,,,0,,,,,
375,5000001191,2017,1,1,0,0,0,101,,HEXNT,MI00,RM00,,,,,,125094,,,0,0,,S,USD,12300.00,0,12800.00,,0,,518,LB,518,LB,518,LB,4500000234,10,,,0,,,0,X,,,,,,NA00,,,,,,,,,,,,2017,,,US00,,0,,0,0,0,,0,2,,,,,,,,,B,,,,0,,,,,0,0,0,,,,,0,,0,0,0,,,,,0,,,,0,0,0,,,,"10,000",LB,,125094,0,0,,0,,0,0,,,,,HEXNT-01,,ME01,WE01,X,X,"300,000","369,000.00",S,,,0,,,0,,,,1,0,,,,,,,,,0,,,,,,,,,F,,,0,,WE,2/16/17,2/16/17,12:23:22 PM,GBI-035,,MIGO_GR,,0,,,,,,,12:00:00 AM,,,,,,,,,,,0,,,,,
375,5000001192,2017,1,1,0,0,0,101,,HEXNT,MI00,RM00,,,,,,125094,,,0,0,,S,USD,12300.00,0,12700.00,,0,,19448,LB,19448,LB,19448,LB,4500000235,10,,,0,,,0,X,,,,,,NA00,,,,,,,,,,,,2017,,,US00,,0,,0,0,0,,0,2,,,,,,,,,B,,,,0,,,,,0,0,0,,,,,0,,0,0,0,,,,,0,,,,0,0,0,,,,"10,000",LB,,125094,0,0,,0,,0,0,,,,,HEXNT-01,,ME01,WE01,X,X,"310,000","381,300.00",S,,,0,,,0,,,,1,0,,,,,,,,,0,,,,,,,,,F,,,0,,WE,2/16/17,2/16/17,12:30:26 PM,GBI-035,,MIGO_GR,,0,,,,,,,12:00:00 AM,,,,,,,,,,,0,,,,,
375,5000001193,2017,1,1,0,0,0,101,,HEXNT,MI00,RM00,,,,,,125094,,,0,0,,S,USD,12300.00,0,12200.00,,0,,11825,LB,11825,LB,11825,LB,4500000236,10,,,0,,,0,X,,,,,,NA00,,,,,,,,,,,,2017,,,US00,,0,,0,0,0,,0,2,,,,,,,,,B,,,,0,,,,,0,0,0,,,,,0,,0,0,0,,,,,0,,,,0,0,0,,,,"10,000",LB,,125094,0,0,,0,,0,0,,,,,HEXNT-01,,ME01,WE01,X,X,"320,000","393,600.00",S,,,0,,,0,,,,1,0,,,,,,,,,0,,,,,,,,,F,,,0,,WE,2/16/17,2/16/17,12:34:26 PM,GBI-035,,MIGO_GR,,0,,,,,,,12:00:00 AM,,,,,,,,,,,0,,,,,
375,5000001194,2017,1,1,0,0,0,101,,HEXNT,MI00,RM00,,,,,,125094,,,0,0,,S,USD,12300.00,0,12200.00,,0,,15731,LB,15731,LB,15731,LB,4500000237,10,,,0,,,0,X,,,,,,NA00,,,,,,,,,,,,2017,,,US00,,0,,0,0,0,,0,2,,,,,,,,,B,,,,0,,,,,0,0,0,,,,,0,,0,0,0,,,,,0,,,,0,0,0,,,,"10,000",LB,,125094,0,0,,0,,0,0,,,,,HEXNT-01,,ME01,WE01,X,X,"330,000","405,900.00",S,,,0,,,0,,,,1,0,,,,,,,,,0,,,,,,,,,F,,,0,,WE,2/16/17,2/16/17,12:39:39 PM,GBI-035,,MIGO_GR,,0,,,,,,,12:00:00 AM,,,,,,,,,,,0,,,,,
375,5000001195,2017,1,1,0,0,0,101,,HEXNT,MI00,RM00,,,,,,125094,,,0,0,,S,USD,12300.00,0,12800.00,,0,,4184,LB,4184,LB,4184,LB,4500000238,10,,,0,,,0,X,,,,,,NA00,,,,,,,,,,,,2017,,,US00,,0,,0,0,0,,0,2,,,,,,,,,B,,,,0,,,,,0,0,0,,,,,0,,0,0,0,,,,,0,,,,0,0,0,,,,"10,000",LB,,125094,0,0,,0,,0,0,,,,,HEXNT-01,,ME01,WE01,X,X,"340,000","418,200.00",S,,,0,,,0,,,,1,0,,,,,,,,,0,,,,,,,,,F,,,0,,WE,2/16/17,2/16/17,12:46:24 PM,GBI-035,,MIGO_GR,,0,,,,,,,12:00:00 AM,,,,,,,,,,,0,,,,,
375,5000001196,2017,1,1,0,0,0,101,,HEXNT,MI00,RM00,,,,,,125094,,,0,0,,S,USD,12300.00,0,12800.00,,0,,18639,LB,18639,LB,18639,LB,4500000239,10,,,0,,,0,X,,,,,,NA00,,,,,,,,,,,,2017,,,US00,,0,,0,0,0,,0,2,,,,,,,,,B,,,,0,,,,,0,0,0,,,,,0,,0,0,0,,,,,0,,,,0,0,0,,,,"10,000",LB,,125094,0,0,,0,,0,0,,,,,HEXNT-01,,ME01,WE01,X,X,"350,000","430,500.00",S,,,0,,,0,,,,1,0,,,,,,,,,0,,,,,,,,,F,,,0,,WE,2/16/17,2/16/17,12:49:00 PM,GBI-035,,MIGO_GR,,0,,,,,,,12:00:00 AM,,,,,,,,,,,0,,,,,
375,5000001197,2017,1,1,0,0,0,101,,ROSE ESSENTIAL OIL,MI00,RM00,,,,,,125087,,,0,0,,S,USD,1590.00,0,1620.00,,0,,743,L,743,L,743,L,4500000176,10,,,0,,,0,X,,,,,,NA00,,,,,,,,,,,,2017,,,US00,,0,,0,0,0,,0,2,,,,,,,,,B,,,,0,,,,,0,0,0,,,,,0,,0,0,0,,,,,0,,,,0,0,0,,,,30,L,,125087,0,0,,0,,0,0,,,,,ROSE ESSENTIAL OIL,,ME01,WE01,X,X,0,0,S,,,0,,,0,,,,1,0,,,,,,,,,0,,,,,,,,,F,,,0,,WE,2/16/17,2/16/17,2:22:47 PM,GBI-057,,MIGO_GR,,0,,,,,,,12:00:00 AM,,,,,,,,,,,0,,,,,
375,5000001198,2017,1,1,0,0,0,101,,ROSE ESSENTIAL OIL,MI00,RM00,,,,,,125087,,,0,0,,S,USD,2650.00,0,2700.00,,0,,1076,L,1076,L,1076,L,4500000161,10,,,0,,,0,X,,,,,,NA00,,,,,,,,,,,,2017,,,US00,,0,,0,0,0,,0,2,,,,,,,,,B,,,,0,,,,,0,0,0,,,,,0,,0,0,0,,,,,0,,,,0,0,0,,,,50,L,,125087,0,0,,0,,0,0,,,,,ROSE ESSENTIAL OIL,,ME01,WE01,X,X,30,"1,590.00",S,,,0,,,0,,,,1,0,,,,,,,,,0,,,,,,,,,F,,,0,,WE,2/16/17,2/16/17,2:27:17 PM,GBI-057,,MIGO_GR,,0,,,,,,,12:00:00 AM,,,,,,,,,,,0,,,,,
375,5000001199,2017,1,1,0,0,0,101,,ROSE ESSENTIAL OIL,MI00,RM00,,,,,,125087,,,0,0,,S,USD,2120.00,0,2160.00,,0,,596,L,596,L,596,L,4500000177,10,,,0,,,0,X,,,,,,NA00,,,,,,,,,,,,2017,,,US00,,0,,0,0,0,,0,2,,,,,,,,,B,,,,0,,,,,0,0,0,,,,,0,,0,0,0,,,,,0,,,,0,0,0,,,,40,L,,125087,0,0,,0,,0,0,,,,,ROSE ESSENTIAL OIL,,ME01,WE01,X,X,80,"4,240.00",S,,,0,,,0,,,,1,0,,,,,,,,,0,,,,,,,,,F,,,0,,WE,2/16/17,2/16/17,2:28:04 PM,GBI-057,,MIGO_GR,,0,,,,,,,12:00:00 AM,,,,,,,,,,,0,,,,,
375,5000001200,2017,1,1,0,0,0,101,,ROSE ESSENTIAL OIL,MI00,RM00,,,,,,125087,,,0,0,,S,USD,1325.00,0,1350.00,,0,,714,L,714,L,714,L,4500000178,10,,,0,,,0,X,,,,,,NA00,,,,,,,,,,,,2017,,,US00,,0,,0,0,0,,0,2,,,,,,,,,B,,,,0,,,,,0,0,0,,,,,0,,0,0,0,,,,,0,,,,0,0,0,,,,25,L,,125087,0,0,,0,,0,0,,,,,ROSE ESSENTIAL OIL,,ME01,WE01,X,X,120,"6,360.00",S,,,0,,,0,,,,1,0,,,,,,,,,0,,,,,,,,,F,,,0,,WE,2/16/17,2/16/17,2:28:38 PM,GBI-057,,MIGO_GR,,0,,,,,,,12:00:00 AM,,,,,,,,,,,0,,,,,
375,5000001201,2017,1,1,0,0,0,101,,ROSE ESSENTIAL OIL,MI00,RM00,,,,,,125087,,,0,0,,S,USD,2385.00,0,2430.00,,0,,795,L,795,L,795,L,4500000179,10,,,0,,,0,X,,,,,,NA00,,,,,,,,,,,,2017,,,US00,,0,,0,0,0,,0,2,,,,,,,,,B,,,,0,,,,,0,0,0,,,,,0,,0,0,0,,,,,0,,,,0,0,0,,,,45,L,,125087,0,0,,0,,0,0,,,,,ROSE ESSENTIAL OIL,,ME01,WE01,X,X,145,"7,685.00",S,,,0,,,0,,,,1,0,,,,,,,,,0,,,,,,,,,F,,,0,,WE,2/16/17,2/16/17,2:29:04 PM,GBI-057,,MIGO_GR,,0,,,,,,,12:00:00 AM,,,,,,,,,,,0,,,,,
375,5000001202,2017,1,1,0,0,0,101,,ROSE ESSENTIAL OIL,MI00,RM00,,,,,,125085,,,0,0,,S,USD,530.00,0,530.00,,0,,780,L,780,L,780,L,4500000169,10,,,0,,,0,X,,,,,,NA00,,,,,,,,,,,,2017,,,US00,,0,,0,0,0,,0,2,,,,,,,,,B,,,,0,,,,,0,0,0,,,,,0,,0,0,0,,,,,0,,,,0,0,0,,,,10,L,,125085,0,0,,0,,0,0,,,,,ROSE ESSENTIAL OIL,,ME01,WE01,X,X,190,"10,070.00",S,,,0,,,0,,,,1,0,,,,,,,,,0,,,,,,,,,F,,,0,,WE,2/16/17,2/16/17,2:29:33 PM,GBI-057,,MIGO_GR,,0,,,,,,,12:00:00 AM,,,,,,,,,,,0,,,,,
375,5000001203,2017,1,1,0,0,0,101,,ROSE ESSENTIAL OIL,MI00,RM00,,,,,,125085,,,0,0,,S,USD,2120.00,0,2120.00,,0,,1057,L,1057,L,1057,L,4500000168,10,,,0,,,0,X,,,,,,NA00,,,,,,,,,,,,2017,,,US00,,0,,0,0,0,,0,2,,,,,,,,,B,,,,0,,,,,0,0,0,,,,,0,,0,0,0,,,,,0,,,,0,0,0,,,,40,L,,125085,0,0,,0,,0,0,,,,,ROSE ESSENTIAL OIL,,ME01,WE01,X,X,200,"10,600.00",S,,,0,,,0,,,,1,0,,,,,,,,,0,,,,,,,,,F,,,0,,WE,2/16/17,2/16/17,2:29:56 PM,GBI-057,,MIGO_GR,,0,,,,,,,12:00:00 AM,,,,,,,,,,,0,,,,,
375,5000001204,2017,1,1,0,0,0,101,,ROSE ESSENTIAL OIL,MI00,RM00,,,,,,125085,,,0,0,,S,USD,2650.00,0,2750.00,,0,,194,L,194,L,194,L,4500000167,10,,,0,,,0,X,,,,,,NA00,,,,,,,,,,,,2017,,,US00,,0,,0,0,0,,0,2,,,,,,,,,B,,,,0,,,,,0,0,0,,,,,0,,0,0,0,,,,,0,,,,0,0,0,,,,50,L,,125085,0,0,,0,,0,0,,,,,ROSE ESSENTIAL OIL,,ME01,WE01,X,X,240,"12,720.00",S,,,0,,,0,,,,1,0,,,,,,,,,0,,,,,,,,,F,,,0,,WE,2/16/17,2/16/17,2:30:23 PM,GBI-057,,MIGO_GR,,0,,,,,,,12:00:00 AM,,,,,,,,,,,0,,,,,
375,5000001205,2017,1,1,0,0,0,101,,ROSE ESSENTIAL OIL,MI00,RM00,,,,,,125085,,,0,0,,S,USD,1590.00,0,1650.00,,0,,842,L,842,L,842,L,4500000164,10,,,0,,,0,X,,,,,,NA00,,,,,,,,,,,,2017,,,US00,,0,,0,0,0,,0,2,,,,,,,,,B,,,,0,,,,,0,0,0,,,,,0,,0,0,0,,,,,0,,,,0,0,0,,,,30,L,,125085,0,0,,0,,0,0,,,,,ROSE ESSENTIAL OIL,,ME01,WE01,X,X,290,"15,370.00",S,,,0,,,0,,,,1,0,,,,,,,,,0,,,,,,,,,F,,,0,,WE,2/16/17,2/16/17,2:30:45 PM,GBI-057,,MIGO_GR,,0,,,,,,,12:00:00 AM,,,,,,,,,,,0,,,,,
375,5000001206,2017,1,1,0,0,0,101,,ROSE ESSENTIAL OIL,MI00,RM00,,,,,,125085,,,0,0,,S,USD,2650.00,0,2750.00,,0,,536,L,536,L,536,L,4500000165,10,,,0,,,0,X,,,,,,NA00,,,,,,,,,,,,2017,,,US00,,0,,0,0,0,,0,2,,,,,,,,,B,,,,0,,,,,0,0,0,,,,,0,,0,0,0,,,,,0,,,,0,0,0,,,,50,L,,125085,0,0,,0,,0,0,,,,,ROSE ESSENTIAL OIL,,ME01,WE01,X,X,320,"16,960.00",S,,,0,,,0,,,,1,0,,,,,,,,,0,,,,,,,,,F,,,0,,WE,2/16/17,2/16/17,2:31:07 PM,GBI-057,,MIGO_GR,,0,,,,,,,12:00:00 AM,,,,,,,,,,,0,,,,,
375,5000001207,2017,1,1,0,0,0,101,,ROSE ESSENTIAL OIL,MI00,RM00,,,,,,125086,,,0,0,,S,USD,2650.00,0,2900.00,,0,,588,L,588,L,588,L,4500000180,10,,,0,,,0,X,,,,,,NA00,,,,,,,,,,,,2017,,,US00,,0,,0,0,0,,0,2,,,,,,,,,B,,,,0,,,,,0,0,0,,,,,0,,0,0,0,,,,,0,,,,0,0,0,,,,50,L,,125086,0,0,,0,,0,0,,,,,ROSE ESSENTIAL OIL,,ME01,WE01,X,X,370,"19,610.00",S,,,0,,,0,,,,1,0,,,,,,,,,0,,,,,,,,,F,,,0,,WE,2/16/17,2/16/17,2:31:39 PM,GBI-057,,MIGO_GR,,0,,,,,,,12:00:00 AM,,,,,,,,,,,0,,,,,
375,5000001208,2017,1,1,0,0,0,101,,ROSE ESSENTIAL OIL,MI00,RM00,,,,,,125086,,,0,0,,S,USD,2385.00,0,2619.00,,0,,134,L,134,L,134,L,4500000181,10,,,0,,,0,X,,,,,,NA00,,,,,,,,,,,,2017,,,US00,,0,,0,0,0,,0,2,,,,,,,,,B,,,,0,,,,,0,0,0,,,,,0,,0,0,0,,,,,0,,,,0,0,0,,,,45,L,,125086,0,0,,0,,0,0,,,,,ROSE ESSENTIAL OIL,,ME01,WE01,X,X,420,"22,260.00",S,,,0,,,0,,,,1,0,,,,,,,,,0,,,,,,,,,F,,,0,,WE,2/16/17,2/16/17,2:32:28 PM,GBI-057,,MIGO_GR,,0,,,,,,,12:00:00 AM,,,,,,,,,,,0,,,,,
375,5000001209,2017,1,1,0,0,0,101,,ROSE ESSENTIAL OIL,MI00,RM00,,,,,,125086,,,0,0,,S,USD,1855.00,0,2038.75,,0,,320,L,320,L,320,L,4500000182,10,,,0,,,0,X,,,,,,NA00,,,,,,,,,,,,2017,,,US00,,0,,0,0,0,,0,2,,,,,,,,,B,,,,0,,,,,0,0,0,,,,,0,,0,0,0,,,,,0,,,,0,0,0,,,,35,L,,125086,0,0,,0,,0,0,,,,,ROSE ESSENTIAL OIL,,ME01,WE01,X,X,465,"24,645.00",S,,,0,,,0,,,,1,0,,,,,,,,,0,,,,,,,,,F,,,0,,WE,2/16/17,2/16/17,2:32:58 PM,GBI-057,,MIGO_GR,,0,,,,,,,12:00:00 AM,,,,,,,,,,,0,,,,,
375,5000001210,2017,1,1,0,0,0,101,,ROSE ESSENTIAL OIL,MI00,RM00,,,,,,125086,,,0,0,,S,USD,3180.00,0,3483.00,,0,,479,L,479,L,479,L,4500000183,10,,,0,,,0,X,,,,,,NA00,,,,,,,,,,,,2017,,,US00,,0,,0,0,0,,0,2,,,,,,,,,B,,,,0,,,,,0,0,0,,,,,0,,0,0,0,,,,,0,,,,0,0,0,,,,60,L,,125086,0,0,,0,,0,0,,,,,ROSE ESSENTIAL OIL,,ME01,WE01,X,X,500,"26,500.00",S,,,0,,,0,,,,1,0,,,,,,,,,0,,,,,,,,,F,,,0,,WE,2/16/17,2/16/17,2:33:29 PM,GBI-057,,MIGO_GR,,0,,,,,,,12:00:00 AM,,,,,,,,,,,0,,,,,
375,5000001211,2017,1,1,0,0,0,101,,ROSE ESSENTIAL OIL,MI00,RM00,,,,,,125086,,,0,0,,S,USD,2120.00,0,2332.00,,0,,506,L,506,L,506,L,4500000184,10,,,0,,,0,X,,,,,,NA00,,,,,,,,,,,,2017,,,US00,,0,,0,0,0,,0,2,,,,,,,,,B,,,,0,,,,,0,0,0,,,,,0,,0,0,0,,,,,0,,,,0,0,0,,,,40,L,,125086,0,0,,0,,0,0,,,,,ROSE ESSENTIAL OIL,,ME01,WE01,X,X,560,"29,680.00",S,,,0,,,0,,,,1,0,,,,,,,,,0,,,,,,,,,F,,,0,,WE,2/16/17,2/16/17,2:33:50 PM,GBI-057,,MIGO_GR,,0,,,,,,,12:00:00 AM,,,,,,,,,,,0,,,,,
375,5000001212,2017,1,1,0,0,0,101,,TEST,MI00,RM00,,,,,,125000,,,0,0,,S,USD,80000.00,0,80000.00,,0,,75,FT3,75,FT3,75,FT3,4500000242,10,,,0,,,0,X,,,,,,NA00,,,,,,,,,,,,2017,,,US00,,0,,0,0,0,,0,2,,,,,,,,,B,,,,0,,,,,0,0,0,,,,,0,,0,0,0,,,,,0,,,,0,0,0,,,,80,FT3,,125000,0,0,,0,,0,0,,,,,TEST11,,ME01,WE01,X,X,197,"197,000.00",S,,,0,,,0,,,,1,0,,,,,,,,,0,,,,,,,,,F,,,0,,WE,2/16/17,2/16/17,4:37:31 PM,GBIFAC-01,,MIGO_GR,,0,,,,,,,12:00:00 AM,,,,,,,,,,,0,,,,,
375,5000001213,2017,1,1,0,0,0,101,,GOLD,MI00,RM00,,,,,,125070,,,0,0,,S,USD,80.00,0,94.08,,0,,385,G,385,G,385,G,4500000243,10,,,0,,,0,X,,,,,,NA00,,,,,,,,,,,,2017,,,US00,,0,,0,0,0,,0,2,,,,,,,,,B,,,,0,,,,,0,0,0,,,,,0,,0,0,0,,,,,0,,,,0,0,0,,,,2,G,,125070,0,0,,0,,0,0,,,,,GOLD-026,,ME01,WE01,X,X,22,880,S,,,0,,,0,,,,1,0,,,,,,,,,0,,,,,,,,,F,,,0,,WE,2/16/17,2/16/17,5:11:51 PM,GBI-026,,MIGO_GR,,0,,,,,,,12:00:00 AM,,,,,,,,,,,0,,,,,
375,5000001214,2017,1,1,0,0,0,101,,GOLD,MI00,RM00,,,,,,125070,,,0,0,,S,USD,80.00,0,94.08,,0,,630,G,630,G,630,G,4500000243,10,,,0,,,0,,,,,,,NA00,,,,,,,,,,,,2017,,,US00,,0,,0,0,0,,0,2,,,,,,,,,B,,,,0,,,,,0,0,0,,,,,0,,0,0,1,,,,,0,,,,0,0,0,,,,2,G,,125070,0,0,,0,,0,0,,,,,GOLD-026,,ME01,WE01,X,X,24,960,S,,,0,,,0,,,,1,0,,,,,,,,,0,,,,,,,,,F,,,0,,WE,2/16/17,2/16/17,9:30:16 PM,GBI-026,,MIGO_GR,,0,,,,,,,12:00:00 AM,,,,,,,,,,,0,,,,,
375,5000001215,2017,1,1,0,0,0,101,,GOLD,MI00,RM00,,,,,,125070,,,0,0,,S,USD,120.00,0,141.12,,0,,881,G,881,G,881,G,4500000246,10,,,0,,,0,X,,,,,,NA00,,,,,,,,,,,,2017,,,US00,,0,,0,0,0,,0,2,,,,,,,,,B,,,,0,,,,,0,0,0,,,,,0,,0,0,0,,,,,0,,,,0,0,0,,,,3,G,,125070,0,0,,0,,0,0,,,,,GOLD-026,,ME01,WE01,X,X,22,880,S,,,0,,,0,,,,1,0,,,,,,,,,0,,,,,,,,,F,,,0,,WE,2/16/17,2/16/17,11:29:34 PM,GBI-026,,MIGO_GR,,0,,,,,,,12:00:00 AM,,,,,,,,,,,0,,,,,
375,5000001216,2017,1,1,0,0,0,101,,GOLD,MI00,RM00,,,,,,125070,,,0,0,,S,USD,120.00,0,141.12,,0,,739,G,739,G,739,G,4500000247,10,,,0,,,0,X,,,,,,NA00,,,,,,,,,,,,2017,,,US00,,0,,0,0,0,,0,2,,,,,,,,,B,,,,0,,,,,0,0,0,,,,,0,,0,0,0,,,,,0,,,,0,0,0,,,,3,G,,125070,0,0,,0,,0,0,,,,,GOLD-026,,ME01,WE01,X,X,25,"1,000.00",S,,,0,,,0,,,,1,0,,,,,,,,,0,,,,,,,,,F,,,0,,WE,2/16/17,2/16/17,11:56:19 PM,GBI-026,,MIGO_GR,,0,,,,,,,12:00:00 AM,,,,,,,,,,,0,,,,,
375,5000001217,2017,1,1,0,0,0,101,,KRYPTONITE,MI00,RM00,,,,,,125000,,,0,0,,S,USD,5000.00,0,133.55,,0,,885,LB,885,LB,885,LB,4500000249,10,,,0,,,0,X,,,,,,NA00,,,,,,,,,,,,2017,,,US00,,0,,0,0,0,,0,2,,,,,,,,,B,,,,0,,,,,0,0,0,,,,,0,,0,0,0,,,,,0,,,,0,0,0,,,,5,LB,,125000,0,0,,0,,0,0,,,,,KRYPTONITE,,ME01,WE01,X,X,"2,352","2,352,000.00",S,,,0,,,0,,,,1,0,,,,,,,,,0,,,,,,,,,F,,,0,,WE,2/17/17,2/17/17,8:46:51 AM,GBIFAC-01,,MIGO_GR,,0,,,,,,,12:00:00 AM,,,,,,,,,,,0,,,,,
375,5000001218,2017,1,1,0,0,0,101,,KRYPTONITE,MI00,RM00,,,,,,125000,,,0,0,,S,USD,11000.00,0,11000.00,,0,,10682,LB,10682,LB,10682,LB,4500000250,10,2017,1000000002,1,,,0,,,,,,,NA00,BI00,,NAIS1000,,,,,,,,,2017,,,US00,,0,,0,0,0,,0,2,,,,,,,,,B,V,,,0,,,,,0,0,0,,,,,0,,0,1,0,,,,,0,,,,0,0,0,,,770000,1,AU,,,0,0,,1,,0,0,,,,,,,ME02,WE06,,,0,0,,,,0,,,0,,,,1,0,,,,,,,,,0,,,,,,,,,F,,,0,,WE,2/17/17,2/17/17,9:28:01 AM,GBIFAC-01,,ML81N,,0,,,,,,,12:00:00 AM,,,,,,,,,,,0,,,,,
375,5000001219,2017,1,1,0,0,0,101,,KRYPTONITE,MI00,RM00,,,,,,125000,,,0,0,,S,USD,12000.00,0,12000.00,,0,,17795,LB,17795,LB,17795,LB,4500000251,10,2017,1000000003,1,,,0,,,,,,,NA00,BI00,,NAIS1000,,,,,,,,,2017,,,US00,,0,,0,0,0,,0,2,,,,,,,,,B,V,,,0,,,,,0,0,0,,,,,0,,0,1,0,,,,,0,,,,0,0,0,,,770000,1,AU,,,0,0,,1,,0,0,,,,,,,ME02,WE06,,,0,0,,,,0,,,0,,,,1,0,,,,,,,,,0,,,,,,,,,F,,,0,,WE,2/17/17,2/17/17,10:11:48 AM,GBIFAC-01,,ML81N,,0,,,,,,,12:00:00 AM,,,,,,,,,,,0,,,,,
375,5000001220,2017,1,1,0,0,0,101,,KRYPTONITE,MI00,RM00,,,,,,125000,,,0,0,,S,USD,10000.00,0,10000.00,,0,,17454,LB,17454,LB,17454,LB,4500000253,10,2017,1000000005,1,,,0,,,,,,,NA00,BI00,,NAIS1000,,,,,,,,,2017,,,US00,,0,,0,0,0,,0,2,,,,,,,,,B,V,,,0,,,,,0,0,0,,,,,0,,0,1,0,,,,,0,,,,0,0,0,,,770000,1,AU,,,0,0,,1,,0,0,,,,,,,ME02,WE06,,,0,0,,,,0,,,0,,,,1,0,,,,,,,,,0,,,,,,,,,F,,,0,,WE,2/17/17,2/17/17,10:29:58 AM,GBIFAC-01,,ML81N,,0,,,,,,,12:00:00 AM,,,,,,,,,,,0,,,,,
375,5000001221,2017,1,1,0,0,0,101,,KRYPTONITE,MI00,RM00,,,,,,125000,,,0,0,,S,USD,2000.00,0,2000.00,,0,,4117,LB,4117,LB,4117,LB,4500000253,10,2017,1000000006,1,,,0,,,,,,,NA00,BI00,,NAIS1000,,,,,,,,,2017,,,US00,,0,,0,0,0,,0,2,,,,,,,,,B,V,,,0,,,,,0,0,0,,,,,0,,0,1,0,,,,,0,,,,0,0,0,,,770000,1,AU,,,0,0,,1,,0,0,,,,,,,ME02,WE06,,,0,0,,,,0,,,0,,,,1,0,,,,,,,,,0,,,,,,,,,F,,,0,,WE,2/17/17,2/17/17,10:31:51 AM,GBIFAC-01,,ML81N,,0,,,,,,,12:00:00 AM,,,,,,,,,,,0,,,,,
375,5000001222,2017,1,1,0,0,0,101,,KRYPTONITE,MI00,RM00,,,,,,125098,,,0,0,,S,USD,5450.00,0,5450.00,,0,,8783,LB,8783,LB,8783,LB,4500000223,10,2017,1000000008,1,,,0,,,,,,,NA00,BI00,,NAIS1000,,,,,,,,,2017,,,US00,,0,,0,0,0,,0,2,,,,,,,,,B,V,,,0,,,,,0,0,0,,,,,0,,0,1,0,,,,,0,,,,0,0,0,,,770000,1,AU,,,0,0,,1,,0,0,,,,,,,ME02,WE06,,,0,0,,,,0,,,0,,,,1,0,,,,,,,,,0,,,,,,,,,F,,,0,,WE,2/17/17,2/17/17,10:38:54 AM,GBI-013,,ML81N,,0,,,,,,,12:00:00 AM,,,,,,,,,,,0,,,,,
375,5000001223,2017,1,1,0,0,0,101,,KRYPTONITE,MI00,RM00,,,,,,125000,,,0,0,,S,USD,5000.00,0,133.55,,0,,12620,LB,12620,LB,12620,LB,4500000256,10,,,0,,,0,X,,,,,,NA00,,,,,,,,,,,,2017,,,US00,,0,,0,0,0,,0,2,,,,,,,,,B,,,,0,,,,,0,0,0,,,,,0,,0,0,0,,,,,0,,,,0,0,0,,,,5,LB,,125000,0,0,,0,,0,0,,,,,KRYPTONITE,,ME01,WE01,X,X,"2,347","2,347,000.00",S,,,0,,,0,,,,1,0,,,,,,,,,0,,,,,,,,,F,,,0,,WE,2/17/17,2/17/17,10:52:24 AM,GBIFAC-01,,MIGO_GR,,0,,,,,,,12:00:00 AM,,,,,,,,,,,0,,,,,
375,5000001224,2017,1,1,0,0,0,101,,KRYPTONITE,MI00,RM00,,,,,,125110,,,0,0,,S,USD,9000.00,0,9000.00,,0,,19195,LB,19195,LB,19195,LB,4500000255,10,2017,1000000012,1,,,0,,,,,,,NA00,BI00,,NAIS1000,,,,,,,,,2017,,,US00,,0,,0,0,0,,0,2,,,,,,,,,B,V,,,0,,,,,0,0,0,,,,,0,,0,1,0,,,,,0,,,,0,0,0,,,770000,1,AU,,,0,0,,1,,0,0,,,,,,,ME02,WE06,,,0,0,,,,0,,,0,,,,1,0,,,,,,,,,0,,,,,,,,,F,,,0,,WE,2/17/17,2/17/17,11:10:56 AM,GBI-018,,ML81N,,0,,,,,,,12:00:00 AM,,,,,,,,,,,0,,,,,
375,5000001225,2017,1,1,0,0,0,101,,KRYPTONITE,MI00,RM00,,,,,,125110,,,0,0,,S,USD,14250.00,0,14250.00,,0,,5471,LB,5471,LB,5471,LB,4500000258,10,2017,1000000013,1,,,0,,,,,,,NA00,BI00,,NAIS1000,,,,,,,,,2017,,,US00,,0,,0,0,0,,0,2,,,,,,,,,B,V,,,0,,,,,0,0,0,,,,,0,,0,1,0,,,,,0,,,,0,0,0,,,770000,1,AU,,,0,0,,1,,0,0,,,,,,,ME02,WE06,,,0,0,,,,0,,,0,,,,1,0,,,,,,,,,0,,,,,,,,,F,,,0,,WE,2/17/17,2/17/17,11:11:22 AM,GBI-018,,ML81N,,0,,,,,,,12:00:00 AM,,,,,,,,,,,0,,,,,
375,5000001226,2017,1,1,0,0,0,101,,KRYPTONITE,MI00,RM00,,,,,,125109,,,0,0,,S,USD,7500.00,0,7500.00,,0,,677,LB,677,LB,677,LB,4500000254,10,2017,1000000009,1,,,0,,,,,,,NA00,BI00,,NAIS1000,,,,,,,,,2017,,,US00,,0,,0,0,0,,0,2,,,,,,,,,B,V,,,0,,,,,0,0,0,,,,,0,,0,1,0,,,,,0,,,,0,0,0,,,770000,1,AU,,,0,0,,1,,0,0,,,,,,,ME02,WE06,,,0,0,,,,0,,,0,,,,1,0,,,,,,,,,0,,,,,,,,,F,,,0,,WE,2/17/17,2/17/17,11:18:14 AM,GBI-018,,ML81N,,0,,,,,,,12:00:00 AM,,,,,,,,,,,0,,,,,
375,5000001227,2017,1,1,0,0,0,101,,KRYPTONITE,MI00,RM00,,,,,,125098,,,0,0,,S,USD,15000.00,0,15000.00,,0,,5508,LB,5508,LB,5508,LB,4500000260,10,2017,1000000019,1,,,0,,,,,,,NA00,BI00,,NAIS1000,,,,,,,,,2017,,,US00,,0,,0,0,0,,0,2,,,,,,,,,B,V,,,0,,,,,0,0,0,,,,,0,,0,1,0,,,,,0,,,,0,0,0,,,770000,1,AU,,,0,0,,1,,0,0,,,,,,,ME02,WE06,,,0,0,,,,0,,,0,,,,1,0,,,,,,,,,0,,,,,,,,,F,,,0,,WE,2/17/17,2/17/17,11:18:55 AM,GBI-018,,ML81N,,0,,,,,,,12:00:00 AM,,,,,,,,,,,0,,,,,
375,5000001228,2017,1,1,0,0,0,101,,KRYPTONITE,MI00,RM00,,,,,,125109,,,0,0,,S,USD,7500.00,0,7500.00,,0,,5374,LB,5374,LB,5374,LB,4500000257,10,2017,1000000010,1,,,0,,,,,,,NA00,BI00,,NAIS1000,,,,,,,,,2017,,,US00,,0,,0,0,0,,0,2,,,,,,,,,B,V,,,0,,,,,0,0,0,,,,,0,,0,1,0,,,,,0,,,,0,0,0,,,770000,1,AU,,,0,0,,1,,0,0,,,,,,,ME02,WE06,,,0,0,,,,0,,,0,,,,1,0,,,,,,,,,0,,,,,,,,,F,,,0,,WE,2/17/17,2/17/17,11:20:48 AM,GBI-018,,ML81N,,0,,,,,,,12:00:00 AM,,,,,,,,,,,0,,,,,
375,5000001229,2017,1,1,0,0,0,101,,KRYPTONITE,MI00,RM00,,,,,,125098,,,0,0,,S,USD,11250.00,0,11250.00,,0,,13923,LB,13923,LB,13923,LB,4500000228,10,2017,1000000022,1,,,0,,,,,,,NA00,BI00,,NAIS1000,,,,,,,,,2017,,,US00,,0,,0,0,0,,0,2,,,,,,,,,B,V,,,0,,,,,0,0,0,,,,,0,,0,1,0,,,,,0,,,,0,0,0,,,770000,1,AU,,,0,0,,1,,0,0,,,,,,,ME02,WE06,,,0,0,,,,0,,,0,,,,1,0,,,,,,,,,0,,,,,,,,,F,,,0,,WE,2/17/17,2/17/17,11:24:19 AM,GBI-018,,ML81N,,0,,,,,,,12:00:00 AM,,,,,,,,,,,0,,,,,
375,5000001230,2017,1,1,0,0,0,101,,RUSSIAN RUBY,MI00,RM00,,,,,,125101,,,0,0,,S,USD,15000000.00,0,1578116.78,,0,,301,G,301,G,301,G,4500000261,10,,,0,,,0,X,,,,,,NA00,,,,,,,,,,,,2017,,,US00,,0,,0,0,0,,0,2,,,,,,,,,B,,,,0,,,,,0,0,0,,,,,0,,0,0,0,,,,,0,,,,0,0,0,,,,100,G,,125101,0,0,,0,,0,0,,,,,RUSSIAN RUBY,,ME01,WE01,X,X,0,0,S,,,0,,,0,,,,1,0,,,,,,,,,0,,,,,,,,,F,,,0,,WE,2/17/17,2/17/17,11:30:08 AM,GBI-024,,MIGO_GR,,0,,,,,,,12:00:00 AM,,,,,,,,,,,0,,,,,
375,5000001231,2017,1,1,0,0,0,101,,RUSSIAN RUBY,MI00,RM00,,,,,,125098,,,0,0,,S,USD,1950.00,0,1950.00,,0,,467,G,467,G,467,G,4500000223,10,2017,1000000015,1,,,0,,,,,,,NA00,BI00,,NAIS1000,,,,,,,,,2017,,,US00,,0,,0,0,0,,0,2,,,,,,,,,B,V,,,0,,,,,0,0,0,,,,,0,,0,1,0,,,,,0,,,,0,0,0,,,770000,1,AU,,,0,0,,1,,0,0,,,,,,,ME02,WE06,,,0,0,,,,0,,,0,,,,1,0,,,,,,,,,0,,,,,,,,,F,,,0,,WE,2/17/17,2/17/17,11:33:01 AM,GBI-018,,ML81N,,0,,,,,,,12:00:00 AM,,,,,,,,,,,0,,,,,
375,5000001232,2017,1,1,0,0,0,101,,RUSSIAN RUBY,MI00,RM00,,,,,,125098,,,0,0,,S,USD,2000.00,0,2000.00,,0,,141,G,141,G,141,G,4500000223,10,2017,1000000016,1,,,0,,,,,,,NA00,BI00,,NAIS1000,,,,,,,,,2017,,,US00,,0,,0,0,0,,0,2,,,,,,,,,B,V,,,0,,,,,0,0,0,,,,,0,,0,1,0,,,,,0,,,,0,0,0,,,770000,1,AU,,,0,0,,1,,0,0,,,,,,,ME02,WE06,,,0,0,,,,0,,,0,,,,1,0,,,,,,,,,0,,,,,,,,,F,,,0,,WE,2/17/17,2/17/17,11:34:22 AM,GBI-018,,ML81N,,0,,,,,,,12:00:00 AM,,,,,,,,,,,0,,,,,
375,5000001233,2017,2,2,0,0,0,101,,RUSSIAN RUBY,MI00,RM00,,,,,,125098,,,0,0,,S,USD,4750.00,0,4750.00,,0,,211,G,211,G,211,G,4500000223,10,2017,1000000017,1,,,0,,,,,,,NA00,BI00,,NAIS1000,,,,,,,,,2017,,,US00,,0,,0,0,0,,0,2,,,,,,,,,B,V,,,0,,,,,0,0,0,,,,,0,,0,1,0,,,,,0,,,,0,0,0,,,770000,1,AU,,,0,0,,1,,0,0,,,,,,,ME02,WE06,,,0,0,,,,0,,,0,,,,2,0,,,,,,,,,0,,,,,,,,,F,,,0,,WE,2/17/17,2/17/17,11:34:22 AM,GBI-018,,ML81N,,0,,,,,,,12:00:00 AM,,,,,,,,,,,0,,,,,
375,5000001234,2017,3,3,0,0,0,101,,RUSSIAN RUBY,MI00,RM00,,,,,,125098,,,0,0,,S,USD,4600.00,0,4600.00,,0,,880,G,880,G,880,G,4500000223,10,2017,1000000018,1,,,0,,,,,,,NA00,BI00,,NAIS1000,,,,,,,,,2017,,,US00,,0,,0,0,0,,0,2,,,,,,,,,B,V,,,0,,,,,0,0,0,,,,,0,,0,1,0,,,,,0,,,,0,0,0,,,770000,1,AU,,,0,0,,1,,0,0,,,,,,,ME02,WE06,,,0,0,,,,0,,,0,,,,3,0,,,,,,,,,0,,,,,,,,,F,,,0,,WE,2/17/17,2/17/17,11:34:22 AM,GBI-018,,ML81N,,0,,,,,,,12:00:00 AM,,,,,,,,,,,0,,,,,
375,5000001235,2017,1,1,0,0,0,101,,AUSTRALIAN AMETHYST,MI00,RM00,,,,,,125112,,,0,0,,S,USD,7000000.00,0,511285600.00,,0,,972,G,972,G,972,G,4500000262,10,,,0,,,0,X,,,,,,NA00,,,,,,,,,,,,2017,,,US00,,0,,0,0,0,,0,2,,,,,,,,,B,,,,0,,,,,0,0,0,,,,,0,,0,0,0,,,,,0,,,,0,0,0,,,,100,G,,125112,0,0,,0,,0,0,,,,,AUSTRALIANAMETHYST,,ME01,WE01,X,X,0,0,S,,,0,,,0,,,,1,0,,,,,,,,,0,,,,,,,,,F,,,0,,WE,2/17/17,2/17/17,12:43:24 PM,GBI-024,,MIGO_GR,,0,,,,,,,12:00:00 AM,,,,,,,,,,,0,,,,,
375,5000001236,2017,1,1,0,0,0,101,,BRITAIN BLACK PEAR,MI00,RM00,,,,,,125114,,,0,0,,S,USD,50000000.00,0,6039000000.00,,0,,168,G,168,G,168,G,4500000264,10,,,0,,,0,X,,,,,,NA00,,,,,,,,,,,,2017,,,US00,,0,,0,0,0,,0,2,,,,,,,,,B,,,,0,,,,,0,0,0,,,,,0,,0,0,0,,,,,0,,,,0,0,0,,,,100,G,,125114,0,0,,0,,0,0,,,,,BRITAIN BLACK PEAR,,ME01,WE01,X,X,0,0,S,,,0,,,0,,,,1,0,,,,,,,,,0,,,,,,,,,F,,,0,,WE,2/17/17,2/17/17,12:53:39 PM,GBI-024,,MIGO_GR,,0,,,,,,,12:00:00 AM,,,,,,,,,,,0,,,,,
375,5000001237,2017,1,1,0,0,0,101,,CANADIAN CRYSTAL,MI00,RM00,,,,,,125113,,,0,0,,S,USD,20000000.00,0,4378843582.89,,0,,593,G,593,G,593,G,4500000263,10,,,0,,,0,X,,,,,,NA00,,,,,,,,,,,,2017,,,US00,,0,,0,0,0,,0,2,,,,,,,,,B,,,,0,,,,,0,0,0,,,,,0,,0,0,0,,,,,0,,,,0,0,0,,,,100,G,,125113,0,0,,0,,0,0,,,,,CANADIAN CRYSTAL,,ME01,WE01,X,X,0,0,S,,,0,,,0,,,,1,0,,,,,,,,,0,,,,,,,,,F,,,0,,WE,2/17/17,2/17/17,12:56:09 PM,GBI-024,,MIGO_GR,,0,,,,,,,12:00:00 AM,,,,,,,,,,,0,,,,,
375,5000001238,2017,1,1,0,0,0,101,,SWISS SAPPHIRE,MI00,RM00,,,,,,125116,,,0,0,,S,USD,10000000.00,0,624609618.99,,0,,438,G,438,G,438,G,4500000265,10,,,0,,,0,X,,,,,,NA00,,,,,,,,,,,,2017,,,US00,,0,,0,0,0,,0,2,,,,,,,,,B,,,,0,,,,,0,0,0,,,,,0,,0,0,0,,,,,0,,,,0,0,0,,,,100,G,,125116,0,0,,0,,0,0,,,,,SWISS SAPPHIRE,,ME01,WE01,X,X,0,0,S,,,0,,,0,,,,1,0,,,,,,,,,0,,,,,,,,,F,,,0,,WE,2/17/17,2/17/17,1:04:46 PM,GBI-024,,MIGO_GR,,0,,,,,,,12:00:00 AM,,,,,,,,,,,0,,,,,
375,5000001239,2017,1,1,0,0,0,101,,RUSSIAN RUBY,MI00,RM00,,,,,,125101,,,0,0,,S,USD,750000.00,0,78905.84,,0,,138,G,138,G,138,G,4500000267,10,,,0,,,0,X,,,,,,NA00,,,,,,,,,,,,2017,,,US00,,0,,0,0,0,,0,2,,,,,,,,,B,,,,0,,,,,0,0,0,,,,,0,,0,0,0,,,,,0,,,,0,0,0,,,,5,G,,125101,0,0,,0,,0,0,,,,,RUSSIAN RUBY,,ME01,WE01,X,X,100,"15,000,000.00",S,,,0,,,0,,,,1,0,,,,,,,,,0,,,,,,,,,F,,,0,,WE,2/17/17,2/17/17,1:55:18 PM,GBI-024,,MIGO_GR,,0,,,,,,,12:00:00 AM,,,,,,,,,,,0,,,,,
375,5000001240,2017,1,1,0,0,0,101,,SA SAPPHIRE,MI00,RM00,,,,,,125100,,,0,0,,S,USD,1000000.00,0,132257.64,,0,,119,G,119,G,119,G,4500000268,10,,,0,,,0,X,,,,,,NA00,,,,,,,,,,,,2017,,,US00,,0,,0,0,0,,0,2,,,,,,,,,B,,,,0,,,,,0,0,0,,,,,0,,0,0,0,,,,,0,,,,0,0,0,,,,10,G,,125100,0,0,,0,,0,0,,,,,SA SAPPHIRE,,ME01,WE01,X,X,0,0,S,,,0,,,0,,,,1,0,,,,,,,,,0,,,,,,,,,F,,,0,,WE,2/17/17,2/17/17,2:07:45 PM,GBI-023,,MIGO_GR,,0,,,,,,,12:00:00 AM,,,,,,,,,,,0,,,,,
375,5000001241,2017,1,1,0,0,0,101,,RUSSIAN RUBY,MI00,RM00,,,,,,125101,,,0,0,,S,USD,750000.00,0,78905.84,,0,,851,G,851,G,851,G,4500000269,10,,,0,,,0,X,,,,,,NA00,,,,,,,,,,,,2017,,,US00,,0,,0,0,0,,0,2,,,,,,,,,B,,,,0,,,,,0,0,0,,,,,0,,0,0,0,,,,,0,,,,0,0,0,,,,5,G,,125101,0,0,,0,,0,0,,,,,RUSSIAN RUBY,,ME01,WE01,X,X,95,"14,250,000.00",S,,,0,,,0,,,,1,0,,,,,,,,,0,,,,,,,,,F,,,0,,WE,2/17/17,2/17/17,2:44:08 PM,GBIFAC-01,,MIGO_GR,,0,,,,,,,12:00:00 AM,,,,,,,,,,,0,,,,,
375,5000001242,2017,1,1,0,0,0,101,,RUSSIAN RUBY,MI00,RM00,,,,,,125101,,,0,0,,S,USD,93750.00,0,93750.00,,0,,394,G,394,G,394,G,4500000270,10,,,0,,,0,X,,,,,,NA00,BI00,,NAIS1000,,,,,,,,,2017,,,US00,,0,,0,0,0,,0,2,,,,,,,,,B,V,,,0,,,,,0,0,0,,,,,0,,0,0,0,,,,,0,,,,0,0,0,,,720000,5,G,,,0,0,,0,,0,0,,,,,RUSSIAN RUBY,,ME02,WE06,X,X,90,"13,500,000.00",S,,,0,,,0,,,,1,0,,,,,,,,,0,,,,,,,,,F,,,0,,WE,2/17/17,2/17/17,3:02:38 PM,GBIFAC-01,,MIGO_GR,,0,,,,,,,12:00:00 AM,,,,,,,,,,,0,,,,,
375,5000001243,2017,1,1,0,0,0,101,,RUSSIAN RUBY,MI00,RM00,,,,,,125101,,,0,0,,S,USD,86538.46,0,86538.46,,0,,143,G,143,G,143,G,4500000271,10,,,0,,,0,X,,,,,,NA00,BI00,,NAIS1000,,,,,,,,,2017,,,US00,,0,,0,0,0,,0,2,,,,,,,,,B,V,,,0,,,,,0,0,0,,,,,0,,0,0,0,,,,,0,,,,0,0,0,,,720000,5,G,,,0,0,,0,,0,0,,,,,RUSSIAN RUBY,,ME02,WE06,X,X,90,"13,500,000.00",S,,,0,,,0,,,,1,0,,,,,,,,,0,,,,,,,,,F,,,0,,WE,2/17/17,2/17/17,7:01:46 PM,GBIFAC-01,,MIGO_GR,,0,,,,,,,12:00:00 AM,,,,,,,,,,,0,,,,,
375,5000001244,2017,1,1,0,0,0,101,,GOLD,MI00,RM00,,,,,,125070,,,0,0,,S,USD,240.00,0,302.40,,0,,366,G,366,G,366,G,4500000284,10,,,0,,,0,X,,,,,,NA00,,,,,,,,,,,,2017,,,US00,,0,,0,0,0,,0,2,,,,,,,,,B,,,,0,,,,,0,0,0,,,,,0,,0,0,0,,,,,0,,,,0,0,0,,,,6,G,,125070,0,0,,0,,0,0,,,,,GOLD-026,,ME01,WE01,X,X,22,880,S,,,0,,,0,,,,1,0,,,,,,,,,0,,,,,,,,,F,,,0,,WE,2/17/17,2/17/17,11:29:31 PM,GBI-026,,MIGO_GR,,0,,,,,,,12:00:00 AM,,,,,,,,,,,0,,,,,
375,5000001245,2017,1,1,0,0,0,101,,GOLD,MI00,RM00,,,,,,125070,,,0,0,,S,USD,240.00,0,302.40,,0,,140,G,140,G,140,G,4500000293,10,,,0,,,0,X,,,,,,NA00,,,,,,,,,,,,2017,,,US00,,0,,0,0,0,,0,2,,,,,,,,,B,,,,0,,,,,0,0,0,,,,,0,,0,0,0,,,,,0,,,,0,0,0,,,,6,G,,125070,0,0,,0,,0,0,,,,,GOLD-026,,ME01,WE01,X,X,28,"1,120.00",S,,,0,,,0,,,,1,0,,,,,,,,,0,,,,,,,,,F,,,0,,WE,2/17/17,2/17/17,11:51:28 PM,GBI-026,,MIGO_GR,,0,,,,,,,12:00:00 AM,,,,,,,,,,,0,,,,,
375,5000001246,2017,1,1,0,0,0,101,,CONCRETE,MI00,RM00,,,,,,125118,,,0,0,,S,USD,11000.00,0,11000.00,,0,,102,YD3,102,YD3,102,YD3,4500000305,10,,,0,,,0,X,,,,,,NA00,,,,,,,,,,,,2017,,,US00,,0,,0,0,0,,0,2,,,,,,,,,B,,,,0,,,,,0,0,0,,,,,0,,0,0,0,,,,,0,,,,0,0,0,,,,110,YD3,,125118,0,0,,0,,0,0,,,,,CONCRETE,,ME01,WE01,X,X,0,0,S,,,0,,,0,,,,1,0,,,,,,,,,0,,,,,,,,,F,,,0,,WE,2/18/17,2/18/17,12:28:42 PM,GBI-065,,MIGO_GR,,0,,,,,,,12:00:00 AM,,,,,,,,,,,0,,,,,
375,5000001247,2017,1,1,0,0,0,101,,CONCRETE,MI00,RM00,,,,,,125119,,,0,0,,S,USD,9200.00,0,9200.00,,0,,99,YD3,99,YD3,99,YD3,4500000306,10,,,0,,,0,X,,,,,,NA00,,,,,,,,,,,,2017,,,US00,,0,,0,0,0,,0,2,,,,,,,,,B,,,,0,,,,,0,0,0,,,,,0,,0,0,0,,,,,0,,,,0,0,0,,,,92,YD3,,125119,0,0,,0,,0,0,,,,,CONCRETE,,ME01,WE01,X,X,110,"11,000.00",S,,,0,,,0,,,,1,0,,,,,,,,,0,,,,,,,,,F,,,0,,WE,2/18/17,2/18/17,12:30:02 PM,GBI-005,,MIGO_GR,,0,,,,,,,12:00:00 AM,,,,,,,,,,,0,,,,,
375,5000001248,2017,1,1,0,0,0,101,,CONCRETE,MI00,RM00,,,,,,125119,,,0,0,,S,USD,9000.00,0,9000.00,,0,,133,YD3,133,YD3,133,YD3,4500000310,10,,,0,,,0,X,,,,,,NA00,,,,,,,,,,,,2017,,,US00,,0,,0,0,0,,0,2,,,,,,,,,B,,,,0,,,,,0,0,0,,,,,0,,0,0,0,,,,,0,,,,0,0,0,,,,90,YD3,,125119,0,0,,0,,0,0,,,,,CONCRETE,,ME01,WE01,X,X,202,"20,200.00",S,,,0,,,0,,,,1,0,,,,,,,,,0,,,,,,,,,F,,,0,,WE,2/18/17,2/18/17,12:33:02 PM,GBI-005,,MIGO_GR,,0,,,,,,,12:00:00 AM,,,,,,,,,,,0,,,,,
375,5000001249,2017,1,1,0,0,0,101,,CONCRETE,MI00,RM00,,,,,,125119,,,0,0,,S,USD,9100.00,0,9100.00,,0,,124,YD3,124,YD3,124,YD3,4500000312,10,,,0,,,0,X,,,,,,NA00,,,,,,,,,,,,2017,,,US00,,0,,0,0,0,,0,2,,,,,,,,,B,,,,0,,,,,0,0,0,,,,,0,,0,0,0,,,,,0,,,,0,0,0,,,,91,YD3,,125119,0,0,,0,,0,0,,,,,CONCRETE,,ME01,WE01,X,X,292,"29,200.00",S,,,0,,,0,,,,1,0,,,,,,,,,0,,,,,,,,,F,,,0,,WE,2/18/17,2/18/17,12:33:57 PM,GBI-005,,MIGO_GR,,0,,,,,,,12:00:00 AM,,,,,,,,,,,0,,,,,
375,5000001250,2017,1,1,0,0,0,101,,CONCRETE,MI00,RM00,,,,,,125118,,,0,0,,S,USD,10800.00,0,10800.00,,0,,141,YD3,141,YD3,141,YD3,4500000307,10,,,0,,,0,X,,,,,,NA00,,,,,,,,,,,,2017,,,US00,,0,,0,0,0,,0,2,,,,,,,,,B,,,,0,,,,,0,0,0,,,,,0,,0,0,0,,,,,0,,,,0,0,0,,,,108,YD3,,125118,0,0,,0,,0,0,,,,,CONCRETE,,ME01,WE01,X,X,383,"38,300.00",S,,,0,,,0,,,,1,0,,,,,,,,,0,,,,,,,,,F,,,0,,WE,2/18/17,2/18/17,12:34:26 PM,GBI-065,,MIGO_GR,,0,,,,,,,12:00:00 AM,,,,,,,,,,,0,,,,,
375,5000001251,2017,1,1,0,0,0,101,,CONCRETE,MI00,RM00,,,,,,125119,,,0,0,,S,USD,9000.00,0,9000.00,,0,,81,YD3,81,YD3,81,YD3,4500000316,10,,,0,,,0,X,,,,,,NA00,,,,,,,,,,,,2017,,,US00,,0,,0,0,0,,0,2,,,,,,,,,B,,,,0,,,,,0,0,0,,,,,0,,0,0,0,,,,,0,,,,0,0,0,,,,90,YD3,,125119,0,0,,0,,0,0,,,,,CONCRETE,,ME01,WE01,X,X,491,"49,100.00",S,,,0,,,0,,,,1,0,,,,,,,,,0,,,,,,,,,F,,,0,,WE,2/18/17,2/18/17,12:34:48 PM,GBI-005,,MIGO_GR,,0,,,,,,,12:00:00 AM,,,,,,,,,,,0,,,,,
375,5000001252,2017,1,1,0,0,0,101,,CONCRETE,MI00,RM00,,,,,,125117,,,0,0,,S,USD,10000.00,0,10000.00,,0,,143,YD3,143,YD3,143,YD3,4500000318,10,,,0,,,0,X,,,,,,NA00,,,,,,,,,,,,2017,,,US00,,0,,0,0,0,,0,2,,,,,,,,,B,,,,0,,,,,0,0,0,,,,,0,,0,0,0,,,,,0,,,,0,0,0,,,,100,YD3,,125117,0,0,,0,,0,0,,,,,CONCRETE,,ME01,WE01,X,X,581,"58,100.00",S,,,0,,,0,,,,1,0,,,,,,,,,0,,,,,,,,,F,,,0,,WE,2/18/17,2/18/17,12:35:30 PM,GBI-039,,MIGO_GR,,0,,,,,,,12:00:00 AM,,,,,,,,,,,0,,,,,
375,5000001253,2017,1,1,0,0,0,101,,CONCRETE,MI00,RM00,,,,,,125119,,,0,0,,S,USD,9000.00,0,9000.00,,0,,142,YD3,142,YD3,142,YD3,4500000320,10,,,0,,,0,X,,,,,,NA00,,,,,,,,,,,,2017,,,US00,,0,,0,0,0,,0,2,,,,,,,,,B,,,,0,,,,,0,0,0,,,,,0,,0,0,0,,,,,0,,,,0,0,0,,,,90,YD3,,125119,0,0,,0,,0,0,,,,,CONCRETE,,ME01,WE01,X,X,681,"68,100.00",S,,,0,,,0,,,,1,0,,,,,,,,,0,,,,,,,,,F,,,0,,WE,2/18/17,2/18/17,12:35:36 PM,GBI-005,,MIGO_GR,,0,,,,,,,12:00:00 AM,,,,,,,,,,,0,,,,,
375,5000001254,2017,1,1,0,0,0,101,,CONCRETE,MI00,RM00,,,,,,125118,,,0,0,,S,USD,10000.00,0,10000.00,,0,,88,YD3,88,YD3,88,YD3,4500000309,10,,,0,,,0,X,,,,,,NA00,,,,,,,,,,,,2017,,,US00,,0,,0,0,0,,0,2,,,,,,,,,B,,,,0,,,,,0,0,0,,,,,0,,0,0,0,,,,,0,,,,0,0,0,,,,100,YD3,,125118,0,0,,0,,0,0,,,,,CONCRETE,,ME01,WE01,X,X,771,"77,100.00",S,,,0,,,0,,,,1,0,,,,,,,,,0,,,,,,,,,F,,,0,,WE,2/18/17,2/18/17,12:35:43 PM,GBI-065,,MIGO_GR,,0,,,,,,,12:00:00 AM,,,,,,,,,,,0,,,,,
375,5000001255,2017,1,1,0,0,0,101,,CONCRETE,MI00,RM00,,,,,,125121,,,0,0,,S,USD,10000.00,0,10000.00,,0,,108,YD3,108,YD3,108,YD3,4500000308,10,,,0,,,0,X,,,,,,NA00,,,,,,,,,,,,2017,,,US00,,0,,0,0,0,,0,2,,,,,,,,,B,,,,0,,,,,0,0,0,,,,,0,,0,0,0,,,,,0,,,,0,0,0,,,,100,YD3,,125121,0,0,,0,,0,0,,,,,CONCRETE,,ME01,WE01,X,X,871,"87,100.00",S,,,0,,,0,,,,1,0,,,,,,,,,0,,,,,,,,,F,,,0,,WE,2/18/17,2/18/17,12:35:43 PM,GBI-062,,MIGO_GR,,0,,,,,,,12:00:00 AM,,,,,,,,,,,0,,,,,
375,5000001256,2017,1,1,0,0,0,101,,CONCRETE,MI00,RM00,,,,,,125122,,,0,0,,S,USD,10400.00,0,10400.00,,0,,115,YD3,115,YD3,115,YD3,4500000321,10,,,0,,,0,X,,,,,,NA00,,,,,,,,,,,,2017,,,US00,,0,,0,0,0,,0,2,,,,,,,,,B,,,,0,,,,,0,0,0,,,,,0,,0,0,0,,,,,0,,,,0,0,0,,,,104,YD3,,125122,0,0,,0,,0,0,,,,,CONCRETE,,ME01,WE01,X,X,971,"97,100.00",S,,,0,,,0,,,,1,0,,,,,,,,,0,,,,,,,,,F,,,0,,WE,2/18/17,2/18/17,12:36:44 PM,GBI-005,,MIGO_GR,,0,,,,,,,12:00:00 AM,,,,,,,,,,,0,,,,,
375,5000001257,2017,1,1,0,0,0,101,,CONCRETE,MI00,RM00,,,,,,125118,,,0,0,,S,USD,9800.00,0,9800.00,,0,,88,YD3,88,YD3,88,YD3,4500000314,10,,,0,,,0,X,,,,,,NA00,,,,,,,,,,,,2017,,,US00,,0,,0,0,0,,0,2,,,,,,,,,B,,,,0,,,,,0,0,0,,,,,0,,0,0,0,,,,,0,,,,0,0,0,,,,98,YD3,,125118,0,0,,0,,0,0,,,,,CONCRETE,,ME01,WE01,X,X,"1,075","107,500.00",S,,,0,,,0,,,,1,0,,,,,,,,,0,,,,,,,,,F,,,0,,WE,2/18/17,2/18/17,12:36:52 PM,GBI-065,,MIGO_GR,,0,,,,,,,12:00:00 AM,,,,,,,,,,,0,,,,,
375,5000001258,2017,1,1,0,0,0,101,,CONCRETE,MI00,RM00,,,,,,125117,,,0,0,,S,USD,10200.00,0,10200.00,,0,,145,YD3,145,YD3,145,YD3,4500000325,10,,,0,,,0,X,,,,,,NA00,,,,,,,,,,,,2017,,,US00,,0,,0,0,0,,0,2,,,,,,,,,B,,,,0,,,,,0,0,0,,,,,0,,0,0,0,,,,,0,,,,0,0,0,,,,102,YD3,,125117,0,0,,0,,0,0,,,,,CONCRETE,,ME01,WE01,X,X,"1,173","117,300.00",S,,,0,,,0,,,,1,0,,,,,,,,,0,,,,,,,,,F,,,0,,WE,2/18/17,2/18/17,12:37:18 PM,GBI-039,,MIGO_GR,,0,,,,,,,12:00:00 AM,,,,,,,,,,,0,,,,,
375,5000001259,2017,1,1,0,0,0,101,,CONCRETE,MI00,RM00,,,,,,125120,,,0,0,,S,USD,9800.00,0,9800.00,,0,,109,YD3,109,YD3,109,YD3,4500000313,10,,,0,,,0,X,,,,,,NA00,,,,,,,,,,,,2017,,,US00,,0,,0,0,0,,0,2,,,,,,,,,B,,,,0,,,,,0,0,0,,,,,0,,0,0,0,,,,,0,,,,0,0,0,,,,98,YD3,,125120,0,0,,0,,0,0,,,,,CONCRETE,,ME01,WE01,X,X,"1,275","127,500.00",S,,,0,,,0,,,,1,0,,,,,,,,,0,,,,,,,,,F,,,0,,WE,2/18/17,2/18/17,12:37:18 PM,GBI-060,,MIGO_GR,,0,,,,,,,12:00:00 AM,,,,,,,,,,,0,,,,,
375,5000001260,2017,1,1,0,0,0,101,,CONCRETE,MI00,RM00,,,,,,125122,,,0,0,,S,USD,10100.00,0,10100.00,,0,,130,YD3,130,YD3,130,YD3,4500000324,10,,,0,,,0,X,,,,,,NA00,,,,,,,,,,,,2017,,,US00,,0,,0,0,0,,0,2,,,,,,,,,B,,,,0,,,,,0,0,0,,,,,0,,0,0,0,,,,,0,,,,0,0,0,,,,101,YD3,,125122,0,0,,0,,0,0,,,,,CONCRETE,,ME01,WE01,X,X,"1,373","137,300.00",S,,,0,,,0,,,,1,0,,,,,,,,,0,,,,,,,,,F,,,0,,WE,2/18/17,2/18/17,12:37:35 PM,GBI-005,,MIGO_GR,,0,,,,,,,12:00:00 AM,,,,,,,,,,,0,,,,,
375,5000001261,2017,1,1,0,0,0,101,,CONCRETE,MI00,RM00,,,,,,125121,,,0,0,,S,USD,10900.00,0,10900.00,,0,,82,YD3,82,YD3,82,YD3,4500000311,10,,,0,,,0,X,,,,,,NA00,,,,,,,,,,,,2017,,,US00,,0,,0,0,0,,0,2,,,,,,,,,B,,,,0,,,,,0,0,0,,,,,0,,0,0,0,,,,,0,,,,0,0,0,,,,109,YD3,,125121,0,0,,0,,0,0,,,,,CONCRETE,,ME01,WE01,X,X,"1,474","147,400.00",S,,,0,,,0,,,,1,0,,,,,,,,,0,,,,,,,,,F,,,0,,WE,2/18/17,2/18/17,12:38:00 PM,GBI-062,,MIGO_GR,,0,,,,,,,12:00:00 AM,,,,,,,,,,,0,,,,,
375,5000001262,2017,1,1,0,0,0,101,,CONCRETE,MI00,RM00,,,,,,125118,,,0,0,,S,USD,10000.00,0,10000.00,,0,,106,YD3,106,YD3,106,YD3,4500000317,10,,,0,,,0,X,,,,,,NA00,,,,,,,,,,,,2017,,,US00,,0,,0,0,0,,0,2,,,,,,,,,B,,,,0,,,,,0,0,0,,,,,0,,0,0,0,,,,,0,,,,0,0,0,,,,100,YD3,,125118,0,0,,0,,0,0,,,,,CONCRETE,,ME01,WE01,X,X,"1,583","158,300.00",S,,,0,,,0,,,,1,0,,,,,,,,,0,,,,,,,,,F,,,0,,WE,2/18/17,2/18/17,12:38:11 PM,GBI-065,,MIGO_GR,,0,,,,,,,12:00:00 AM,,,,,,,,,,,0,,,,,
375,5000001263,2017,1,1,0,0,0,101,,CONCRETE,MI00,RM00,,,,,,125122,,,0,0,,S,USD,10100.00,0,10100.00,,0,,122,YD3,122,YD3,122,YD3,4500000326,10,,,0,,,0,X,,,,,,NA00,,,,,,,,,,,,2017,,,US00,,0,,0,0,0,,0,2,,,,,,,,,B,,,,0,,,,,0,0,0,,,,,0,,0,0,0,,,,,0,,,,0,0,0,,,,101,YD3,,125122,0,0,,0,,0,0,,,,,CONCRETE,,ME01,WE01,X,X,"1,683","168,300.00",S,,,0,,,0,,,,1,0,,,,,,,,,0,,,,,,,,,F,,,0,,WE,2/18/17,2/18/17,12:38:41 PM,GBI-005,,MIGO_GR,,0,,,,,,,12:00:00 AM,,,,,,,,,,,0,,,,,
375,5000001264,2017,1,1,0,0,0,101,,CONCRETE,MI00,RM00,,,,,,125120,,,0,0,,S,USD,10100.00,0,10100.00,,0,,93,YD3,93,YD3,93,YD3,4500000322,10,,,0,,,0,X,,,,,,NA00,,,,,,,,,,,,2017,,,US00,,0,,0,0,0,,0,2,,,,,,,,,B,,,,0,,,,,0,0,0,,,,,0,,0,0,0,,,,,0,,,,0,0,0,,,,101,YD3,,125120,0,0,,0,,0,0,,,,,CONCRETE,,ME01,WE01,X,X,"1,784","178,400.00",S,,,0,,,0,,,,1,0,,,,,,,,,0,,,,,,,,,F,,,0,,WE,2/18/17,2/18/17,12:39:00 PM,GBI-060,,MIGO_GR,,0,,,,,,,12:00:00 AM,,,,,,,,,,,0,,,,,
375,5000001265,2017,1,1,0,0,0,101,,CONCRETE,MI00,RM00,,,,,,125117,,,0,0,,S,USD,10600.00,0,10600.00,,0,,103,YD3,103,YD3,103,YD3,4500000332,10,,,0,,,0,X,,,,,,NA00,,,,,,,,,,,,2017,,,US00,,0,,0,0,0,,0,2,,,,,,,,,B,,,,0,,,,,0,0,0,,,,,0,,0,0,0,,,,,0,,,,0,0,0,,,,106,YD3,,125117,0,0,,0,,0,0,,,,,CONCRETE,,ME01,WE01,X,X,"1,885","188,500.00",S,,,0,,,0,,,,1,0,,,,,,,,,0,,,,,,,,,F,,,0,,WE,2/18/17,2/18/17,12:39:05 PM,GBI-039,,MIGO_GR,,0,,,,,,,12:00:00 AM,,,,,,,,,,,0,,,,,
375,5000001266,2017,1,1,0,0,0,101,,CONCRETE,MI00,RM00,,,,,,125122,,,0,0,,S,USD,10100.00,0,10100.00,,0,,105,YD3,105,YD3,105,YD3,4500000327,10,,,0,,,0,X,,,,,,NA00,,,,,,,,,,,,2017,,,US00,,0,,0,0,0,,0,2,,,,,,,,,B,,,,0,,,,,0,0,0,,,,,0,,0,0,0,,,,,0,,,,0,0,0,,,,101,YD3,,125122,0,0,,0,,0,0,,,,,CONCRETE,,ME01,WE01,X,X,"1,991","199,100.00",S,,,0,,,0,,,,1,0,,,,,,,,,0,,,,,,,,,F,,,0,,WE,2/18/17,2/18/17,12:39:33 PM,GBI-005,,MIGO_GR,,0,,,,,,,12:00:00 AM,,,,,,,,,,,0,,,,,
375,5000001267,2017,1,1,0,0,0,101,,CONCRETE,MI00,RM00,,,,,,125117,,,0,0,,S,USD,10200.00,0,10200.00,,0,,89,YD3,89,YD3,89,YD3,4500000334,10,,,0,,,0,X,,,,,,NA00,,,,,,,,,,,,2017,,,US00,,0,,0,0,0,,0,2,,,,,,,,,B,,,,0,,,,,0,0,0,,,,,0,,0,0,0,,,,,0,,,,0,0,0,,,,102,YD3,,125117,0,0,,0,,0,0,,,,,CONCRETE,,ME01,WE01,X,X,"2,092","209,200.00",S,,,0,,,0,,,,1,0,,,,,,,,,0,,,,,,,,,F,,,0,,WE,2/18/17,2/18/17,12:40:19 PM,GBI-039,,MIGO_GR,,0,,,,,,,12:00:00 AM,,,,,,,,,,,0,,,,,
375,5000001268,2017,1,1,0,0,0,101,,CONCRETE,MI00,RM00,,,,,,125121,,,0,0,,S,USD,10100.00,0,10100.00,,0,,91,YD3,91,YD3,91,YD3,4500000319,10,,,0,,,0,X,,,,,,NA00,,,,,,,,,,,,2017,,,US00,,0,,0,0,0,,0,2,,,,,,,,,B,,,,0,,,,,0,0,0,,,,,0,,0,0,0,,,,,0,,,,0,0,0,,,,101,YD3,,125121,0,0,,0,,0,0,,,,,CONCRETE,,ME01,WE01,X,X,"2,194","219,400.00",S,,,0,,,0,,,,1,0,,,,,,,,,0,,,,,,,,,F,,,0,,WE,2/18/17,2/18/17,12:40:21 PM,GBI-062,,MIGO_GR,,0,,,,,,,12:00:00 AM,,,,,,,,,,,0,,,,,
375,5000001269,2017,1,1,0,0,0,101,,CONCRETE,MI00,RM00,,,,,,125120,,,0,0,,S,USD,10400.00,0,10400.00,,0,,81,YD3,81,YD3,81,YD3,4500000329,10,,,0,,,0,X,,,,,,NA00,,,,,,,,,,,,2017,,,US00,,0,,0,0,0,,0,2,,,,,,,,,B,,,,0,,,,,0,0,0,,,,,0,,0,0,0,,,,,0,,,,0,0,0,,,,104,YD3,,125120,0,0,,0,,0,0,,,,,CONCRETE,,ME01,WE01,X,X,"2,295","229,500.00",S,,,0,,,0,,,,1,0,,,,,,,,,0,,,,,,,,,F,,,0,,WE,2/18/17,2/18/17,12:40:28 PM,GBI-060,,MIGO_GR,,0,,,,,,,12:00:00 AM,,,,,,,,,,,0,,,,,
375,5000001270,2017,1,1,0,0,0,101,,CONCRETE,MI00,RM00,,,,,,125122,,,0,0,,S,USD,10700.00,0,10700.00,,0,,118,YD3,118,YD3,118,YD3,4500000328,10,,,0,,,0,X,,,,,,NA00,,,,,,,,,,,,2017,,,US00,,0,,0,0,0,,0,2,,,,,,,,,B,,,,0,,,,,0,0,0,,,,,0,,0,0,0,,,,,0,,,,0,0,0,,,,107,YD3,,125122,0,0,,0,,0,0,,,,,CONCRETE,,ME01,WE01,X,X,"2,399","239,900.00",S,,,0,,,0,,,,1,0,,,,,,,,,0,,,,,,,,,F,,,0,,WE,2/18/17,2/18/17,12:40:31 PM,GBI-005,,MIGO_GR,,0,,,,,,,12:00:00 AM,,,,,,,,,,,0,,,,,
375,5000001271,2017,1,1,0,0,0,101,,CONCRETE,MI00,RM00,,,,,,125120,,,0,0,,S,USD,10300.00,0,10300.00,,0,,116,YD3,116,YD3,116,YD3,4500000330,10,,,0,,,0,X,,,,,,NA00,,,,,,,,,,,,2017,,,US00,,0,,0,0,0,,0,2,,,,,,,,,B,,,,0,,,,,0,0,0,,,,,0,,0,0,0,,,,,0,,,,0,0,0,,,,103,YD3,,125120,0,0,,0,,0,0,,,,,CONCRETE,,ME01,WE01,X,X,"2,506","250,600.00",S,,,0,,,0,,,,1,0,,,,,,,,,0,,,,,,,,,F,,,0,,WE,2/18/17,2/18/17,12:41:19 PM,GBI-060,,MIGO_GR,,0,,,,,,,12:00:00 AM,,,,,,,,,,,0,,,,,
375,5000001272,2017,1,1,0,0,0,101,,CONCRETE,MI00,RM00,,,,,,125117,,,0,0,,S,USD,10000.00,0,10000.00,,0,,113,YD3,113,YD3,113,YD3,4500000331,10,,,0,,,0,X,,,,,,NA00,,,,,,,,,,,,2017,,,US00,,0,,0,0,0,,0,2,,,,,,,,,B,,,,0,,,,,0,0,0,,,,,0,,0,0,0,,,,,0,,,,0,0,0,,,,100,YD3,,125117,0,0,,0,,0,0,,,,,CONCRETE,,ME01,WE01,X,X,"2,609","260,900.00",S,,,0,,,0,,,,1,0,,,,,,,,,0,,,,,,,,,F,,,0,,WE,2/18/17,2/18/17,12:42:00 PM,GBI-039,,MIGO_GR,,0,,,,,,,12:00:00 AM,,,,,,,,,,,0,,,,,
375,5000001273,2017,1,1,0,0,0,101,,CONCRETE,MI00,RM00,,,,,,125120,,,0,0,,S,USD,9800.00,0,9800.00,,0,,118,YD3,118,YD3,118,YD3,4500000333,10,,,0,,,0,X,,,,,,NA00,,,,,,,,,,,,2017,,,US00,,0,,0,0,0,,0,2,,,,,,,,,B,,,,0,,,,,0,0,0,,,,,0,,0,0,0,,,,,0,,,,0,0,0,,,,98,YD3,,125120,0,0,,0,,0,0,,,,,CONCRETE,,ME01,WE01,X,X,"2,709","270,900.00",S,,,0,,,0,,,,1,0,,,,,,,,,0,,,,,,,,,F,,,0,,WE,2/18/17,2/18/17,12:42:08 PM,GBI-060,,MIGO_GR,,0,,,,,,,12:00:00 AM,,,,,,,,,,,0,,,,,
375,5000001274,2017,1,1,0,0,0,101,,CONCRETE,MI00,RM00,,,,,,125118,,,0,0,,S,USD,11000.00,0,11000.00,,0,,98,YD3,98,YD3,98,YD3,4500000335,10,,,0,,,0,X,,,,,,NA00,,,,,,,,,,,,2017,,,US00,,0,,0,0,0,,0,2,,,,,,,,,B,,,,0,,,,,0,0,0,,,,,0,,0,0,0,,,,,0,,,,0,0,0,,,,110,YD3,,125118,0,0,,0,,0,0,,,,,CONCRETE,,ME01,WE01,X,X,"2,807","280,700.00",S,,,0,,,0,,,,1,0,,,,,,,,,0,,,,,,,,,F,,,0,,WE,2/18/17,2/18/17,12:43:19 PM,GBI-065,,MIGO_GR,,0,,,,,,,12:00:00 AM,,,,,,,,,,,0,,,,,
375,5000001275,2017,1,1,0,0,0,101,,CONCRETE,MI00,RM00,,,,,,125119,,,0,0,,S,USD,9200.00,0,9200.00,,0,,103,YD3,103,YD3,103,YD3,4500000336,10,,,0,,,0,X,,,,,,NA00,,,,,,,,,,,,2017,,,US00,,0,,0,0,0,,0,2,,,,,,,,,B,,,,0,,,,,0,0,0,,,,,0,,0,0,0,,,,,0,,,,0,0,0,,,,92,YD3,,125119,0,0,,0,,0,0,,,,,CONCRETE,,ME01,WE01,X,X,"2,917","291,700.00",S,,,0,,,0,,,,1,0,,,,,,,,,0,,,,,,,,,F,,,0,,WE,2/18/17,2/18/17,12:44:26 PM,GBI-005,,MIGO_GR,,0,,,,,,,12:00:00 AM,,,,,,,,,,,0,,,,,
375,5000001276,2017,1,1,0,0,0,101,,CONCRETE,MI00,RM00,,,,,,125121,,,0,0,,S,USD,9500.00,0,9500.00,,0,,127,YD3,127,YD3,127,YD3,4500000323,10,,,0,,,0,X,,,,,,NA00,,,,,,,,,,,,2017,,,US00,,0,,0,0,0,,0,2,,,,,,,,,B,,,,0,,,,,0,0,0,,,,,0,,0,0,0,,,,,0,,,,0,0,0,,,,95,YD3,,125121,0,0,,0,,0,0,,,,,CONCRETE,,ME01,WE01,X,X,"3,009","300,900.00",S,,,0,,,0,,,,1,0,,,,,,,,,0,,,,,,,,,F,,,0,,WE,2/18/17,2/18/17,12:44:34 PM,GBI-062,,MIGO_GR,,0,,,,,,,12:00:00 AM,,,,,,,,,,,0,,,,,
375,5000001277,2017,1,1,0,0,0,101,,CONCRETE,MI00,RM00,,,,,,125121,,,0,0,,S,USD,10100.00,0,10100.00,,0,,98,YD3,98,YD3,98,YD3,4500000315,10,,,0,,,0,X,,,,,,NA00,,,,,,,,,,,,2017,,,US00,,0,,0,0,0,,0,2,,,,,,,,,B,,,,0,,,,,0,0,0,,,,,0,,0,0,0,,,,,0,,,,0,0,0,,,,101,YD3,,125121,0,0,,0,,0,0,,,,,CONCRETE,,ME01,WE01,X,X,"3,104","310,400.00",S,,,0,,,0,,,,1,0,,,,,,,,,0,,,,,,,,,F,,,0,,WE,2/18/17,2/18/17,12:50:34 PM,GBI-062,,MIGO_GR,,0,,,,,,,12:00:00 AM,,,,,,,,,,,0,,,,,
375,5000001278,2017,1,1,0,0,0,101,,CONCRETE,MI00,RM00,,,,,,125121,,,0,0,,S,USD,10000.00,0,10000.00,,0,,125,YD3,125,YD3,125,YD3,4500000337,10,,,0,,,0,X,,,,,,NA00,,,,,,,,,,,,2017,,,US00,,0,,0,0,0,,0,2,,,,,,,,,B,,,,0,,,,,0,0,0,,,,,0,,0,0,0,,,,,0,,,,0,0,0,,,,100,YD3,,125121,0,0,,0,,0,0,,,,,CONCRETE,,ME01,WE01,X,X,"3,205","320,500.00",S,,,0,,,0,,,,1,0,,,,,,,,,0,,,,,,,,,F,,,0,,WE,2/18/17,2/18/17,1:58:29 PM,GBI-065,,MIGO_GR,,0,,,,,,,12:00:00 AM,,,,,,,,,,,0,,,,,
375,5000001279,2017,1,1,0,0,0,101,,CONCRETE,MI00,RM00,,,,,,125121,,,0,0,,S,USD,10900.00,0,10900.00,,0,,106,YD3,106,YD3,106,YD3,4500000339,10,,,0,,,0,X,,,,,,NA00,,,,,,,,,,,,2017,,,US00,,0,,0,0,0,,0,2,,,,,,,,,B,,,,0,,,,,0,0,0,,,,,0,,0,0,0,,,,,0,,,,0,0,0,,,,109,YD3,,125121,0,0,,0,,0,0,,,,,CONCRETE,,ME01,WE01,X,X,"3,305","330,500.00",S,,,0,,,0,,,,1,0,,,,,,,,,0,,,,,,,,,F,,,0,,WE,2/18/17,2/18/17,1:58:29 PM,GBI-062,,MIGO_GR,,0,,,,,,,12:00:00 AM,,,,,,,,,,,0,,,,,
375,5000001280,2017,1,1,0,0,0,101,,CONCRETE,MI00,RM00,,,,,,125121,,,0,0,,S,USD,10200.00,0,10200.00,,0,,82,YD3,82,YD3,82,YD3,4500000340,10,,,0,,,0,X,,,,,,NA00,,,,,,,,,,,,2017,,,US00,,0,,0,0,0,,0,2,,,,,,,,,B,,,,0,,,,,0,0,0,,,,,0,,0,0,0,,,,,0,,,,0,0,0,,,,102,YD3,,125121,0,0,,0,,0,0,,,,,CONCRETE,,ME01,WE01,X,X,"3,414","341,400.00",S,,,0,,,0,,,,1,0,,,,,,,,,0,,,,,,,,,F,,,0,,WE,2/18/17,2/18/17,1:58:30 PM,GBI-064,,MIGO_GR,,0,,,,,,,12:00:00 AM,,,,,,,,,,,0,,,,,
375,5000001281,2017,1,1,0,0,0,101,,CONCRETE,MI00,RM00,,,,,,125117,,,0,0,,S,USD,10600.00,0,10600.00,,0,,114,YD3,114,YD3,114,YD3,4500000338,10,,,0,,,0,X,,,,,,NA00,,,,,,,,,,,,2017,,,US00,,0,,0,0,0,,0,2,,,,,,,,,B,,,,0,,,,,0,0,0,,,,,0,,0,0,0,,,,,0,,,,0,0,0,,,,106,YD3,,125117,0,0,,0,,0,0,,,,,CONCRETE,,ME01,WE01,X,X,"3,516","351,600.00",S,,,0,,,0,,,,1,0,,,,,,,,,0,,,,,,,,,F,,,0,,WE,2/18/17,2/18/17,1:58:31 PM,GBI-039,,MIGO_GR,,0,,,,,,,12:00:00 AM,,,,,,,,,,,0,,,,,
375,5000001282,2017,1,1,0,0,0,101,,CONCRETE,MI00,RM00,,,,,,125121,,,0,0,,S,USD,10100.00,0,10100.00,,0,,100,YD3,100,YD3,100,YD3,4500000341,10,,,0,,,0,X,,,,,,NA00,,,,,,,,,,,,2017,,,US00,,0,,0,0,0,,0,2,,,,,,,,,B,,,,0,,,,,0,0,0,,,,,0,,0,0,0,,,,,0,,,,0,0,0,,,,101,YD3,,125121,0,0,,0,,0,0,,,,,CONCRETE,,ME01,WE01,X,X,"3,622","362,200.00",S,,,0,,,0,,,,1,0,,,,,,,,,0,,,,,,,,,F,,,0,,WE,2/18/17,2/18/17,1:59:35 PM,GBI-065,,MIGO_GR,,0,,,,,,,12:00:00 AM,,,,,,,,,,,0,,,,,
375,5000001283,2017,1,1,0,0,0,101,,CONCRETE,MI00,RM00,,,,,,125121,,,0,0,,S,USD,9500.00,0,9500.00,,0,,98,YD3,98,YD3,98,YD3,4500000343,10,,,0,,,0,X,,,,,,NA00,,,,,,,,,,,,2017,,,US00,,0,,0,0,0,,0,2,,,,,,,,,B,,,,0,,,,,0,0,0,,,,,0,,0,0,0,,,,,0,,,,0,0,0,,,,95,YD3,,125121,0,0,,0,,0,0,,,,,CONCRETE,,ME01,WE01,X,X,"3,723","372,300.00",S,,,0,,,0,,,,1,0,,,,,,,,,0,,,,,,,,,F,,,0,,WE,2/18/17,2/18/17,2:12:18 PM,GBI-065,,MIGO_GR,,0,,,,,,,12:00:00 AM,,,,,,,,,,,0,,,,,
375,5000001284,2017,1,1,0,0,0,101,,GOLD,MI00,RM00,,,,,,125104,,,0,0,,S,USD,43309.00,0,43309.00,,0,,76,OZ,76,OZ,76,OZ,4500000272,10,,,0,,,0,X,,,,,,NA00,,,,,,,,,,,,2017,,,US00,,0,,0,0,0,,0,2,,,,,,,,,B,,,,0,,,,,0,0,0,,,,,0,,0,0,0,,,,,0,,,,0,0,0,,,,35,OZ,,125104,0,0,,0,,0,0,,,,,GOLD TEAM 8,,ME01,WE01,X,X,0,0,V,,,0,,,0,,,,1,0,,,,,,,,,0,,,,,,,,,F,,,0,,WE,2/18/17,2/18/17,3:54:45 PM,GBI-033,,MIGO_GR,,0,,,,,,,12:00:00 AM,,,,,,,,,,,0,,,,,
375,5000001285,2017,1,1,0,0,0,101,,GOLD,MI00,RM00,,,,,,125104,,,0,0,,S,USD,54441.20,0,54441.20,,0,,73,OZ,73,OZ,73,OZ,4500000273,10,,,0,,,0,X,,,,,,NA00,,,,,,,,,,,,2017,,,US00,,0,,0,0,0,,0,2,,,,,,,,,B,,,,0,,,,,0,0,0,,,,,0,,0,0,0,,,,,0,,,,0,0,0,,,,44,OZ,,125104,0,0,,0,,0,0,,,,,GOLD TEAM 8,,ME01,WE01,X,X,35,"43,309.00",V,,,0,,,0,,,,1,0,,,,,,,,,0,,,,,,,,,F,,,0,,WE,2/18/17,2/18/17,4:08:43 PM,GBI-033,,MIGO_GR,,0,,,,,,,12:00:00 AM,,,,,,,,,,,0,,,,,
375,5000001286,2017,1,1,0,0,0,101,,GOLD,MI00,RM00,,,,,,125104,,,0,0,,S,USD,50646.89,0,50646.89,,0,,40,OZ,40,OZ,40,OZ,4500000274,10,,,0,,,0,X,,,,,,NA00,,,,,,,,,,,,2017,,,US00,,0,,0,0,0,,0,2,,,,,,,,,B,,,,0,,,,,0,0,0,,,,,0,,0,0,0,,,,,0,,,,0,0,0,,,,41,OZ,,125104,0,0,,0,,0,0,,,,,GOLD TEAM 8,,ME01,WE01,X,X,79,"97,750.20",V,,,0,,,0,,,,1,0,,,,,,,,,0,,,,,,,,,F,,,0,,WE,2/18/17,2/18/17,4:11:01 PM,GBI-033,,MIGO_GR,,0,,,,,,,12:00:00 AM,,,,,,,,,,,0,,,,,
375,5000001287,2017,1,1,0,0,0,101,,GOLD,MI00,RM00,,,,,,125104,,,0,0,,S,USD,98823.20,0,98823.20,,0,,16,OZ,16,OZ,16,OZ,4500000275,10,,,0,,,0,X,,,,,,NA00,,,,,,,,,,,,2017,,,US00,,0,,0,0,0,,0,2,,,,,,,,,B,,,,0,,,,,0,0,0,,,,,0,,0,0,0,,,,,0,,,,0,0,0,,,,80,OZ,,125104,0,0,,0,,0,0,,,,,GOLD TEAM 8,,ME01,WE01,X,X,120,"148,397.09",V,,,0,,,0,,,,1,0,,,,,,,,,0,,,,,,,,,F,,,0,,WE,2/18/17,2/18/17,4:11:30 PM,GBI-033,,MIGO_GR,,0,,,,,,,12:00:00 AM,,,,,,,,,,,0,,,,,
375,5000001288,2017,1,1,0,0,0,101,,GOLD,MI00,RM00,,,,,,125104,,,0,0,,S,USD,70411.53,0,70411.53,,0,,29,OZ,29,OZ,29,OZ,4500000276,10,,,0,,,0,X,,,,,,NA00,,,,,,,,,,,,2017,,,US00,,0,,0,0,0,,0,2,,,,,,,,,B,,,,0,,,,,0,0,0,,,,,0,,0,0,0,,,,,0,,,,0,0,0,,,,57,OZ,,125104,0,0,,0,,0,0,,,,,GOLD TEAM 8,,ME01,WE01,X,X,200,"247,220.29",V,,,0,,,0,,,,1,0,,,,,,,,,0,,,,,,,,,F,,,0,,WE,2/18/17,2/18/17,4:11:58 PM,GBI-033,,MIGO_GR,,0,,,,,,,12:00:00 AM,,,,,,,,,,,0,,,,,
375,5000001289,2017,1,1,0,0,0,101,,GOLD,MI00,RM00,,,,,,125104,,,0,0,,S,USD,100058.49,0,100058.49,,0,,23,OZ,23,OZ,23,OZ,4500000277,10,,,0,,,0,X,,,,,,NA00,,,,,,,,,,,,2017,,,US00,,0,,0,0,0,,0,2,,,,,,,,,B,,,,0,,,,,0,0,0,,,,,0,,0,0,0,,,,,0,,,,0,0,0,,,,81,OZ,,125104,0,0,,0,,0,0,,,,,GOLD TEAM 8,,ME01,WE01,X,X,257,"317,631.82",V,,,0,,,0,,,,1,0,,,,,,,,,0,,,,,,,,,F,,,0,,WE,2/18/17,2/18/17,4:12:13 PM,GBI-033,,MIGO_GR,,0,,,,,,,12:00:00 AM,,,,,,,,,,,0,,,,,
375,5000001290,2017,1,1,0,0,0,101,,GOLD,MI00,RM00,,,,,,125104,,,0,0,,S,USD,79058.56,0,79058.56,,0,,33,OZ,33,OZ,33,OZ,4500000278,10,,,0,,,0,X,,,,,,NA00,,,,,,,,,,,,2017,,,US00,,0,,0,0,0,,0,2,,,,,,,,,B,,,,0,,,,,0,0,0,,,,,0,,0,0,0,,,,,0,,,,0,0,0,,,,64,OZ,,125104,0,0,,0,,0,0,,,,,GOLD TEAM 8,,ME01,WE01,X,X,338,"417,690.31",V,,,0,,,0,,,,1,0,,,,,,,,,0,,,,,,,,,F,,,0,,WE,2/18/17,2/18/17,4:12:28 PM,GBI-033,,MIGO_GR,,0,,,,,,,12:00:00 AM,,,,,,,,,,,0,,,,,
375,5000001291,2017,1,1,0,0,0,101,,GOLD,MI00,RM00,,,,,,125104,,,0,0,,S,USD,96352.62,0,96352.62,,0,,35,OZ,35,OZ,35,OZ,4500000279,10,,,0,,,0,X,,,,,,NA00,,,,,,,,,,,,2017,,,US00,,0,,0,0,0,,0,2,,,,,,,,,B,,,,0,,,,,0,0,0,,,,,0,,0,0,0,,,,,0,,,,0,0,0,,,,78,OZ,,125104,0,0,,0,,0,0,,,,,GOLD TEAM 8,,ME01,WE01,X,X,402,"496,748.87",V,,,0,,,0,,,,1,0,,,,,,,,,0,,,,,,,,,F,,,0,,WE,2/18/17,2/18/17,4:12:41 PM,GBI-033,,MIGO_GR,,0,,,,,,,12:00:00 AM,,,,,,,,,,,0,,,,,
375,5000001292,2017,1,1,0,0,0,101,,GOLD,MI00,RM00,,,,,,125104,,,0,0,,S,USD,53117.47,0,53117.47,,0,,99,OZ,99,OZ,99,OZ,4500000280,10,,,0,,,0,X,,,,,,NA00,,,,,,,,,,,,2017,,,US00,,0,,0,0,0,,0,2,,,,,,,,,B,,,,0,,,,,0,0,0,,,,,0,,0,0,0,,,,,0,,,,0,0,0,,,,43,OZ,,125104,0,0,,0,,0,0,,,,,GOLD TEAM 8,,ME01,WE01,X,X,480,"593,101.49",V,,,0,,,0,,,,1,0,,,,,,,,,0,,,,,,,,,F,,,0,,WE,2/18/17,2/18/17,4:12:56 PM,GBI-033,,MIGO_GR,,0,,,,,,,12:00:00 AM,,,,,,,,,,,0,,,,,
375,5000001293,2017,1,1,0,0,0,101,,GOLD,MI00,RM00,,,,,,125104,,,0,0,,S,USD,58058.63,0,58058.63,,0,,20,OZ,20,OZ,20,OZ,4500000281,10,,,0,,,0,X,,,,,,NA00,,,,,,,,,,,,2017,,,US00,,0,,0,0,0,,0,2,,,,,,,,,B,,,,0,,,,,0,0,0,,,,,0,,0,0,0,,,,,0,,,,0,0,0,,,,47,OZ,,125104,0,0,,0,,0,0,,,,,GOLD TEAM 8,,ME01,WE01,X,X,523,"646,218.96",V,,,0,,,0,,,,1,0,,,,,,,,,0,,,,,,,,,F,,,0,,WE,2/18/17,2/18/17,4:13:09 PM,GBI-033,,MIGO_GR,,0,,,,,,,12:00:00 AM,,,,,,,,,,,0,,,,,
375,5000001294,2017,1,1,0,0,0,101,,GOLD,MI00,RM00,,,,,,125104,,,0,0,,S,USD,100058.49,0,100058.49,,0,,1,OZ,1,OZ,1,OZ,4500000282,10,,,0,,,0,X,,,,,,NA00,,,,,,,,,,,,2017,,,US00,,0,,0,0,0,,0,2,,,,,,,,,B,,,,0,,,,,0,0,0,,,,,0,,0,0,0,,,,,0,,,,0,0,0,,,,81,OZ,,125104,0,0,,0,,0,0,,,,,GOLD TEAM 8,,ME01,WE01,X,X,570,"704,277.59",V,,,0,,,0,,,,1,0,,,,,,,,,0,,,,,,,,,F,,,0,,WE,2/18/17,2/18/17,4:13:23 PM,GBI-033,,MIGO_GR,,0,,,,,,,12:00:00 AM,,,,,,,,,,,0,,,,,
375,5000001295,2017,1,1,0,0,0,101,,GOLD,MI00,RM00,,,,,,125104,,,0,0,,S,USD,90176.17,0,90176.17,,0,,22,OZ,22,OZ,22,OZ,4500000283,10,,,0,,,0,X,,,,,,NA00,,,,,,,,,,,,2017,,,US00,,0,,0,0,0,,0,2,,,,,,,,,B,,,,0,,,,,0,0,0,,,,,0,,0,0,0,,,,,0,,,,0,0,0,,,,73,OZ,,125104,0,0,,0,,0,0,,,,,GOLD TEAM 8,,ME01,WE01,X,X,651,"804,336.08",V,,,0,,,0,,,,1,0,,,,,,,,,0,,,,,,,,,F,,,0,,WE,2/18/17,2/18/17,4:13:42 PM,GBI-033,,MIGO_GR,,0,,,,,,,12:00:00 AM,,,,,,,,,,,0,,,,,
375,5000001296,2017,1,1,0,0,0,101,,GOLD,MI00,RM00,,,,,,125104,,,0,0,,S,USD,97587.91,0,97587.91,,0,,89,OZ,89,OZ,89,OZ,4500000285,10,,,0,,,0,X,,,,,,NA00,,,,,,,,,,,,2017,,,US00,,0,,0,0,0,,0,2,,,,,,,,,B,,,,0,,,,,0,0,0,,,,,0,,0,0,0,,,,,0,,,,0,0,0,,,,79,OZ,,125104,0,0,,0,,0,0,,,,,GOLD TEAM 8,,ME01,WE01,X,X,724,"894,512.25",V,,,0,,,0,,,,1,0,,,,,,,,,0,,,,,,,,,F,,,0,,WE,2/18/17,2/18/17,4:13:58 PM,GBI-033,,MIGO_GR,,0,,,,,,,12:00:00 AM,,,,,,,,,,,0,,,,,
375,5000001297,2017,1,1,0,0,0,101,,GOLD,MI00,RM00,,,,,,125104,,,0,0,,S,USD,87705.59,0,87705.59,,0,,62,OZ,62,OZ,62,OZ,4500000286,10,,,0,,,0,X,,,,,,NA00,,,,,,,,,,,,2017,,,US00,,0,,0,0,0,,0,2,,,,,,,,,B,,,,0,,,,,0,0,0,,,,,0,,0,0,0,,,,,0,,,,0,0,0,,,,71,OZ,,125104,0,0,,0,,0,0,,,,,GOLD TEAM 8,,ME01,WE01,X,X,803,"992,100.16",V,,,0,,,0,,,,1,0,,,,,,,,,0,,,,,,,,,F,,,0,,WE,2/18/17,2/18/17,4:14:16 PM,GBI-033,,MIGO_GR,,0,,,,,,,12:00:00 AM,,,,,,,,,,,0,,,,,
375,5000001298,2017,1,1,0,0,0,101,,GOLD,MI00,RM00,,,,,,125104,,,0,0,,S,USD,82764.43,0,82764.43,,0,,24,OZ,24,OZ,24,OZ,4500000287,10,,,0,,,0,X,,,,,,NA00,,,,,,,,,,,,2017,,,US00,,0,,0,0,0,,0,2,,,,,,,,,B,,,,0,,,,,0,0,0,,,,,0,,0,0,0,,,,,0,,,,0,0,0,,,,67,OZ,,125104,0,0,,0,,0,0,,,,,GOLD TEAM 8,,ME01,WE01,X,X,874,"1,079,805.75",V,,,0,,,0,,,,1,0,,,,,,,,,0,,,,,,,,,F,,,0,,WE,2/18/17,2/18/17,4:14:46 PM,GBI-033,,MIGO_GR,,0,,,,,,,12:00:00 AM,,,,,,,,,,,0,,,,,
375,5000001299,2017,1,1,0,0,0,101,,GOLD,MI00,RM00,,,,,,125104,,,0,0,,S,USD,75352.69,0,75352.69,,0,,16,OZ,16,OZ,16,OZ,4500000288,10,,,0,,,0,X,,,,,,NA00,,,,,,,,,,,,2017,,,US00,,0,,0,0,0,,0,2,,,,,,,,,B,,,,0,,,,,0,0,0,,,,,0,,0,0,0,,,,,0,,,,0,0,0,,,,61,OZ,,125104,0,0,,0,,0,0,,,,,GOLD TEAM 8,,ME01,WE01,X,X,941,"1,162,570.18",V,,,0,,,0,,,,1,0,,,,,,,,,0,,,,,,,,,F,,,0,,WE,2/18/17,2/18/17,4:15:01 PM,GBI-033,,MIGO_GR,,0,,,,,,,12:00:00 AM,,,,,,,,,,,0,,,,,
375,5000001300,2017,1,1,0,0,0,101,,GOLD,MI00,RM00,,,,,,125104,,,0,0,,S,USD,85235.01,0,85235.01,,0,,21,OZ,21,OZ,21,OZ,4500000289,10,,,0,,,0,X,,,,,,NA00,,,,,,,,,,,,2017,,,US00,,0,,0,0,0,,0,2,,,,,,,,,B,,,,0,,,,,0,0,0,,,,,0,,0,0,0,,,,,0,,,,0,0,0,,,,69,OZ,,125104,0,0,,0,,0,0,,,,,GOLD TEAM 8,,ME01,WE01,X,X,"1,002","1,237,922.87",V,,,0,,,0,,,,1,0,,,,,,,,,0,,,,,,,,,F,,,0,,WE,2/18/17,2/18/17,4:15:14 PM,GBI-033,,MIGO_GR,,0,,,,,,,12:00:00 AM,,,,,,,,,,,0,,,,,
375,5000001301,2017,1,1,0,0,0,101,,GOLD,MI00,RM00,,,,,,125104,,,0,0,,S,USD,79058.56,0,79058.56,,0,,97,OZ,97,OZ,97,OZ,4500000290,10,,,0,,,0,X,,,,,,NA00,,,,,,,,,,,,2017,,,US00,,0,,0,0,0,,0,2,,,,,,,,,B,,,,0,,,,,0,0,0,,,,,0,,0,0,0,,,,,0,,,,0,0,0,,,,64,OZ,,125104,0,0,,0,,0,0,,,,,GOLD TEAM 8,,ME01,WE01,X,X,"1,071","1,323,157.88",V,,,0,,,0,,,,1,0,,,,,,,,,0,,,,,,,,,F,,,0,,WE,2/18/17,2/18/17,4:15:26 PM,GBI-033,,MIGO_GR,,0,,,,,,,12:00:00 AM,,,,,,,,,,,0,,,,,
375,5000001302,2017,1,1,0,0,0,101,,GOLD,MI00,RM00,,,,,,125104,,,0,0,,S,USD,74117.40,0,74117.40,,0,,73,OZ,73,OZ,73,OZ,4500000291,10,,,0,,,0,X,,,,,,NA00,,,,,,,,,,,,2017,,,US00,,0,,0,0,0,,0,2,,,,,,,,,B,,,,0,,,,,0,0,0,,,,,0,,0,0,0,,,,,0,,,,0,0,0,,,,60,OZ,,125104,0,0,,0,,0,0,,,,,GOLD TEAM 8,,ME01,WE01,X,X,"1,135","1,402,216.44",V,,,0,,,0,,,,1,0,,,,,,,,,0,,,,,,,,,F,,,0,,WE,2/18/17,2/18/17,4:15:39 PM,GBI-033,,MIGO_GR,,0,,,,,,,12:00:00 AM,,,,,,,,,,,0,,,,,
375,5000001303,2017,1,1,0,0,0,101,,GOLD,MI00,RM00,,,,,,125104,,,0,0,,S,USD,75352.69,0,75352.69,,0,,29,OZ,29,OZ,29,OZ,4500000292,10,,,0,,,0,X,,,,,,NA00,,,,,,,,,,,,2017,,,US00,,0,,0,0,0,,0,2,,,,,,,,,B,,,,0,,,,,0,0,0,,,,,0,,0,0,0,,,,,0,,,,0,0,0,,,,61,OZ,,125104,0,0,,0,,0,0,,,,,GOLD TEAM 8,,ME01,WE01,X,X,"1,195","1,476,333.84",V,,,0,,,0,,,,1,0,,,,,,,,,0,,,,,,,,,F,,,0,,WE,2/18/17,2/18/17,4:15:51 PM,GBI-033,,MIGO_GR,,0,,,,,,,12:00:00 AM,,,,,,,,,,,0,,,,,
375,5000001304,2017,1,1,0,0,0,101,,GOLD,MI00,RM00,,,,,,125104,,,0,0,,S,USD,71646.82,0,71646.82,,0,,53,OZ,53,OZ,53,OZ,4500000294,10,,,0,,,0,X,,,,,,NA00,,,,,,,,,,,,2017,,,US00,,0,,0,0,0,,0,2,,,,,,,,,B,,,,0,,,,,0,0,0,,,,,0,,0,0,0,,,,,0,,,,0,0,0,,,,58,OZ,,125104,0,0,,0,,0,0,,,,,GOLD TEAM 8,,ME01,WE01,X,X,"1,256","1,551,686.53",V,,,0,,,0,,,,1,0,,,,,,,,,0,,,,,,,,,F,,,0,,WE,2/18/17,2/18/17,4:16:01 PM,GBI-033,,MIGO_GR,,0,,,,,,,12:00:00 AM,,,,,,,,,,,0,,,,,
375,5000001305,2017,1,1,0,0,0,101,,GOLD,MI00,RM00,,,,,,125104,,,0,0,,S,USD,66705.66,0,66705.66,,0,,57,OZ,57,OZ,57,OZ,4500000295,10,,,0,,,0,X,,,,,,NA00,,,,,,,,,,,,2017,,,US00,,0,,0,0,0,,0,2,,,,,,,,,B,,,,0,,,,,0,0,0,,,,,0,,0,0,0,,,,,0,,,,0,0,0,,,,54,OZ,,125104,0,0,,0,,0,0,,,,,GOLD TEAM 8,,ME01,WE01,X,X,"1,314","1,623,333.35",V,,,0,,,0,,,,1,0,,,,,,,,,0,,,,,,,,,F,,,0,,WE,2/18/17,2/18/17,4:16:14 PM,GBI-033,,MIGO_GR,,0,,,,,,,12:00:00 AM,,,,,,,,,,,0,,,,,
375,5000001306,2017,1,1,0,0,0,101,,GOLD,MI00,RM00,,,,,,125104,,,0,0,,S,USD,64235.08,0,64235.08,,0,,47,OZ,47,OZ,47,OZ,4500000296,10,,,0,,,0,X,,,,,,NA00,,,,,,,,,,,,2017,,,US00,,0,,0,0,0,,0,2,,,,,,,,,B,,,,0,,,,,0,0,0,,,,,0,,0,0,0,,,,,0,,,,0,0,0,,,,52,OZ,,125104,0,0,,0,,0,0,,,,,GOLD TEAM 8,,ME01,WE01,X,X,"1,368","1,690,039.01",V,,,0,,,0,,,,1,0,,,,,,,,,0,,,,,,,,,F,,,0,,WE,2/18/17,2/18/17,4:16:24 PM,GBI-033,,MIGO_GR,,0,,,,,,,12:00:00 AM,,,,,,,,,,,0,,,,,
375,5000001307,2017,1,1,0,0,0,101,,GOLD,MI00,RM00,,,,,,125104,,,0,0,,S,USD,70411.53,0,70411.53,,0,,27,OZ,27,OZ,27,OZ,4500000297,10,,,0,,,0,X,,,,,,NA00,,,,,,,,,,,,2017,,,US00,,0,,0,0,0,,0,2,,,,,,,,,B,,,,0,,,,,0,0,0,,,,,0,,0,0,0,,,,,0,,,,0,0,0,,,,57,OZ,,125104,0,0,,0,,0,0,,,,,GOLD TEAM 8,,ME01,WE01,X,X,"1,420","1,754,274.09",V,,,0,,,0,,,,1,0,,,,,,,,,0,,,,,,,,,F,,,0,,WE,2/18/17,2/18/17,4:16:34 PM,GBI-033,,MIGO_GR,,0,,,,,,,12:00:00 AM,,,,,,,,,,,0,,,,,
375,5000001308,2017,1,1,0,0,0,101,,GOLD,MI00,RM00,,,,,,125104,,,0,0,,S,USD,44470.44,0,44470.44,,0,,68,OZ,68,OZ,68,OZ,4500000298,10,,,0,,,0,X,,,,,,NA00,,,,,,,,,,,,2017,,,US00,,0,,0,0,0,,0,2,,,,,,,,,B,,,,0,,,,,0,0,0,,,,,0,,0,0,0,,,,,0,,,,0,0,0,,,,36,OZ,,125104,0,0,,0,,0,0,,,,,GOLD TEAM 8,,ME01,WE01,X,X,"1,477","1,824,685.62",V,,,0,,,0,,,,1,0,,,,,,,,,0,,,,,,,,,F,,,0,,WE,2/18/17,2/18/17,4:16:43 PM,GBI-033,,MIGO_GR,,0,,,,,,,12:00:00 AM,,,,,,,,,,,0,,,,,
375,5000001309,2017,1,1,0,0,0,101,,GOLD,MI00,RM00,,,,,,125104,,,0,0,,S,USD,59293.92,0,59293.92,,0,,99,OZ,99,OZ,99,OZ,4500000299,10,,,0,,,0,X,,,,,,NA00,,,,,,,,,,,,2017,,,US00,,0,,0,0,0,,0,2,,,,,,,,,B,,,,0,,,,,0,0,0,,,,,0,,0,0,0,,,,,0,,,,0,0,0,,,,48,OZ,,125104,0,0,,0,,0,0,,,,,GOLD TEAM 8,,ME01,WE01,X,X,"1,513","1,869,156.06",V,,,0,,,0,,,,1,0,,,,,,,,,0,,,,,,,,,F,,,0,,WE,2/18/17,2/18/17,4:16:54 PM,GBI-033,,MIGO_GR,,0,,,,,,,12:00:00 AM,,,,,,,,,,,0,,,,,
375,5000001310,2017,1,1,0,0,0,101,,GOLD,MI00,RM00,,,,,,125104,,,0,0,,S,USD,59293.92,0,59293.92,,0,,59,OZ,59,OZ,59,OZ,4500000300,10,,,0,,,0,X,,,,,,NA00,,,,,,,,,,,,2017,,,US00,,0,,0,0,0,,0,2,,,,,,,,,B,,,,0,,,,,0,0,0,,,,,0,,0,0,0,,,,,0,,,,0,0,0,,,,48,OZ,,125104,0,0,,0,,0,0,,,,,GOLD TEAM 8,,ME01,WE01,X,X,"1,561","1,928,449.98",V,,,0,,,0,,,,1,0,,,,,,,,,0,,,,,,,,,F,,,0,,WE,2/18/17,2/18/17,4:17:04 PM,GBI-033,,MIGO_GR,,0,,,,,,,12:00:00 AM,,,,,,,,,,,0,,,,,
375,5000001311,2017,1,1,0,0,0,101,,GOLD,MI00,RM00,,,,,,125104,,,0,0,,S,USD,53117.47,0,53117.47,,0,,56,OZ,56,OZ,56,OZ,4500000301,10,,,0,,,0,X,,,,,,NA00,,,,,,,,,,,,2017,,,US00,,0,,0,0,0,,0,2,,,,,,,,,B,,,,0,,,,,0,0,0,,,,,0,,0,0,0,,,,,0,,,,0,0,0,,,,43,OZ,,125104,0,0,,0,,0,0,,,,,GOLD TEAM 8,,ME01,WE01,X,X,"1,609","1,987,743.90",V,,,0,,,0,,,,1,0,,,,,,,,,0,,,,,,,,,F,,,0,,WE,2/18/17,2/18/17,4:17:16 PM,GBI-033,,MIGO_GR,,0,,,,,,,12:00:00 AM,,,,,,,,,,,0,,,,,
375,5000001312,2017,1,1,0,0,0,101,,GOLD,MI00,RM00,,,,,,125104,,,0,0,,S,USD,65470.37,0,65470.37,,0,,45,OZ,45,OZ,45,OZ,4500000302,10,,,0,,,0,X,,,,,,NA00,,,,,,,,,,,,2017,,,US00,,0,,0,0,0,,0,2,,,,,,,,,B,,,,0,,,,,0,0,0,,,,,0,,0,0,0,,,,,0,,,,0,0,0,,,,53,OZ,,125104,0,0,,0,,0,0,,,,,GOLD TEAM 8,,ME01,WE01,X,X,"1,652","2,040,861.37",V,,,0,,,0,,,,1,0,,,,,,,,,0,,,,,,,,,F,,,0,,WE,2/18/17,2/18/17,4:17:25 PM,GBI-033,,MIGO_GR,,0,,,,,,,12:00:00 AM,,,,,,,,,,,0,,,,,
375,5000001313,2017,1,1,0,0,0,101,,GOLD,MI00,RM00,,,,,,125104,,,0,0,,S,USD,55588.05,0,55588.05,,0,,10,OZ,10,OZ,10,OZ,4500000303,10,,,0,,,0,X,,,,,,NA00,,,,,,,,,,,,2017,,,US00,,0,,0,0,0,,0,2,,,,,,,,,B,,,,0,,,,,0,0,0,,,,,0,,0,0,0,,,,,0,,,,0,0,0,,,,45,OZ,,125104,0,0,,0,,0,0,,,,,GOLD TEAM 8,,ME01,WE01,X,X,"1,705","2,106,331.74",V,,,0,,,0,,,,1,0,,,,,,,,,0,,,,,,,,,F,,,0,,WE,2/18/17,2/18/17,4:17:35 PM,GBI-033,,MIGO_GR,,0,,,,,,,12:00:00 AM,,,,,,,,,,,0,,,,,
375,5000001314,2017,1,1,0,0,0,101,,GOLD,MI00,RM00,,,,,,125104,,,0,0,,S,USD,61764.50,0,61764.50,,0,,24,OZ,24,OZ,24,OZ,4500000304,10,,,0,,,0,X,,,,,,NA00,,,,,,,,,,,,2017,,,US00,,0,,0,0,0,,0,2,,,,,,,,,B,,,,0,,,,,0,0,0,,,,,0,,0,0,0,,,,,0,,,,0,0,0,,,,50,OZ,,125104,0,0,,0,,0,0,,,,,GOLD TEAM 8,,ME01,WE01,X,X,"1,750","2,161,919.79",V,,,0,,,0,,,,1,0,,,,,,,,,0,,,,,,,,,F,,,0,,WE,2/18/17,2/18/17,4:17:47 PM,GBI-033,,MIGO_GR,,0,,,,,,,12:00:00 AM,,,,,,,,,,,0,,,,,
375,5000001315,2017,1,1,0,0,0,101,,GOLD,MI00,RM00,,,,,,125070,,,0,0,,S,USD,800.00,0,1008.00,,0,,849,G,849,G,849,G,4500000344,10,,,0,,,0,X,,,,,,NA00,,,,,,,,,,,,2017,,,US00,,0,,0,0,0,,0,2,,,,,,,,,B,,,,0,,,,,0,0,0,,,,,0,,0,0,0,,,,,0,,,,0,0,0,,,,20,G,,125070,0,0,,0,,0,0,,,,,GOLD-026,,ME01,WE01,X,X,22,880,S,,,0,,,0,,,,1,0,,,,,,,,,0,,,,,,,,,F,,,0,,WE,2/18/17,2/18/17,11:41:52 PM,GBI-026,,MIGO_GR,,0,,,,,,,12:00:00 AM,,,,,,,,,,,0,,,,,
375,5000001316,2017,1,1,0,0,0,101,,GOLD,MI00,RM00,,,,,,125098,,,0,0,,S,USD,2250.00,0,2250.00,,0,,457,G,457,G,457,G,4500000224,10,2017,1000000028,1,,,0,,,,,,,NA00,BI00,,NAIS1000,,,,,,,,,2017,,,US00,,0,,0,0,0,,0,2,,,,,,,,,B,V,,,0,,,,,0,0,0,,,,,0,,0,1,0,,,,,0,,,,0,0,0,,,770000,1,AU,,,0,0,,1,,0,0,,,,,,,ME02,WE06,,,0,0,,,,0,,,0,,,,1,0,,,,,,,,,0,,,,,,,,,F,,,0,,WE,2/17/17,2/18/17,11:52:10 PM,GBI-018,,ML81N,,0,,,,,,,12:00:00 AM,,,,,,,,,,,0,,,,,
375,5000001317,2017,1,1,0,0,0,101,,GOLD,MI00,RM00,,,,,,125098,,,0,0,,S,USD,2550.00,0,2550.00,,0,,493,G,493,G,493,G,4500000224,10,2017,1000000030,1,,,0,,,,,,,NA00,BI00,,NAIS1000,,,,,,,,,2017,,,US00,,0,,0,0,0,,0,2,,,,,,,,,B,V,,,0,,,,,0,0,0,,,,,0,,0,1,0,,,,,0,,,,0,0,0,,,770000,1,AU,,,0,0,,1,,0,0,,,,,,,ME02,WE06,,,0,0,,,,0,,,0,,,,1,0,,,,,,,,,0,,,,,,,,,F,,,0,,WE,2/17/17,2/18/17,11:52:35 PM,GBI-018,,ML81N,,0,,,,,,,12:00:00 AM,,,,,,,,,,,0,,,,,
375,5000001318,2017,1,1,0,0,0,101,,GOLD,MI00,RM00,,,,,,125098,,,0,0,,S,USD,2200.00,0,2200.00,,0,,767,G,767,G,767,G,4500000224,10,2017,1000000029,1,,,0,,,,,,,NA00,BI00,,NAIS1000,,,,,,,,,2017,,,US00,,0,,0,0,0,,0,2,,,,,,,,,B,V,,,0,,,,,0,0,0,,,,,0,,0,1,0,,,,,0,,,,0,0,0,,,770000,1,AU,,,0,0,,1,,0,0,,,,,,,ME02,WE06,,,0,0,,,,0,,,0,,,,1,0,,,,,,,,,0,,,,,,,,,F,,,0,,WE,2/17/17,2/18/17,11:52:41 PM,GBI-018,,ML81N,,0,,,,,,,12:00:00 AM,,,,,,,,,,,0,,,,,
375,5000001319,2017,1,1,0,0,0,101,,GOLD,MI00,RM00,,,,,,125098,,,0,0,,S,USD,3100.00,0,3100.00,,0,,568,G,568,G,568,G,4500000224,10,2017,1000000027,1,,,0,,,,,,,NA00,BI00,,NAIS1000,,,,,,,,,2017,,,US00,,0,,0,0,0,,0,2,,,,,,,,,B,V,,,0,,,,,0,0,0,,,,,0,,0,1,0,,,,,0,,,,0,0,0,,,770000,1,AU,,,0,0,,1,,0,0,,,,,,,ME02,WE06,,,0,0,,,,0,,,0,,,,1,0,,,,,,,,,0,,,,,,,,,F,,,0,,WE,2/17/17,2/18/17,11:52:47 PM,GBI-018,,ML81N,,0,,,,,,,12:00:00 AM,,,,,,,,,,,0,,,,,
375,5000001320,2017,1,1,0,0,0,101,,GOLD,MI00,RM00,,,,,,125098,,,0,0,,S,USD,2000.00,0,2000.00,,0,,265,G,265,G,265,G,4500000224,10,2017,1000000026,1,,,0,,,,,,,NA00,BI00,,NAIS1000,,,,,,,,,2017,,,US00,,0,,0,0,0,,0,2,,,,,,,,,B,V,,,0,,,,,0,0,0,,,,,0,,0,1,0,,,,,0,,,,0,0,0,,,770000,1,AU,,,0,0,,1,,0,0,,,,,,,ME02,WE06,,,0,0,,,,0,,,0,,,,1,0,,,,,,,,,0,,,,,,,,,F,,,0,,WE,2/17/17,2/18/17,11:52:52 PM,GBI-018,,ML81N,,0,,,,,,,12:00:00 AM,,,,,,,,,,,0,,,,,
375,5000001321,2017,1,1,0,0,0,101,,GOLD,MI00,RM00,,,,,,125098,,,0,0,,S,USD,3000.00,0,3000.00,,0,,378,G,378,G,378,G,4500000224,10,2017,1000000025,1,,,0,,,,,,,NA00,BI00,,NAIS1000,,,,,,,,,2017,,,US00,,0,,0,0,0,,0,2,,,,,,,,,B,V,,,0,,,,,0,0,0,,,,,0,,0,1,0,,,,,0,,,,0,0,0,,,770000,1,AU,,,0,0,,1,,0,0,,,,,,,ME02,WE06,,,0,0,,,,0,,,0,,,,1,0,,,,,,,,,0,,,,,,,,,F,,,0,,WE,2/17/17,2/18/17,11:52:58 PM,GBI-018,,ML81N,,0,,,,,,,12:00:00 AM,,,,,,,,,,,0,,,,,
375,5000001322,2017,1,1,0,0,0,101,,GOLD,MI00,RM00,,,,,,125098,,,0,0,,S,USD,5250.00,0,5250.00,,0,,580,G,580,G,580,G,4500000224,10,2017,1000000024,1,,,0,,,,,,,NA00,BI00,,NAIS1000,,,,,,,,,2017,,,US00,,0,,0,0,0,,0,2,,,,,,,,,B,V,,,0,,,,,0,0,0,,,,,0,,0,1,0,,,,,0,,,,0,0,0,,,770000,1,AU,,,0,0,,1,,0,0,,,,,,,ME02,WE06,,,0,0,,,,0,,,0,,,,1,0,,,,,,,,,0,,,,,,,,,F,,,0,,WE,2/17/17,2/18/17,11:53:06 PM,GBI-018,,ML81N,,0,,,,,,,12:00:00 AM,,,,,,,,,,,0,,,,,
375,5000001323,2017,1,1,0,0,0,101,,GOLD,MI00,RM00,,,,,,125098,,,0,0,,S,USD,2650.00,0,2650.00,,0,,376,G,376,G,376,G,4500000224,10,2017,1000000023,1,,,0,,,,,,,NA00,BI00,,NAIS1000,,,,,,,,,2017,,,US00,,0,,0,0,0,,0,2,,,,,,,,,B,V,,,0,,,,,0,0,0,,,,,0,,0,1,0,,,,,0,,,,0,0,0,,,770000,1,AU,,,0,0,,1,,0,0,,,,,,,ME02,WE06,,,0,0,,,,0,,,0,,,,1,0,,,,,,,,,0,,,,,,,,,F,,,0,,WE,2/17/17,2/18/17,11:53:11 PM,GBI-018,,ML81N,,0,,,,,,,12:00:00 AM,,,,,,,,,,,0,,,,,
375,5000001324,2017,1,1,0,0,0,101,,GOLD,MI00,RM00,,,,,,125070,,,0,0,,S,USD,800.00,0,940.80,,0,,326,G,326,G,326,G,4500000345,10,,,0,,,0,X,,,,,,NA00,,,,,,,,,,,,2017,,,US00,,0,,0,0,0,,0,2,,,,,,,,,B,,,,0,,,,,0,0,0,,,,,0,,0,0,0,,,,,0,,,,0,0,0,,,,20,G,,125070,0,0,,0,,0,0,,,,,GOLD-026,,ME01,WE01,X,X,42,"1,680.00",S,,,0,,,0,,,,1,0,,,,,,,,,0,,,,,,,,,F,,,0,,WE,2/19/17,2/19/17,12:06:18 AM,GBI-026,,MIGO_GR,,0,,,,,,,12:00:00 AM,,,,,,,,,,,0,,,,,
375,5000001325,2017,1,1,0,0,0,101,,RUSSIAN RUBY,MI00,RM00,,,,,,125101,,,0,0,,S,USD,36000.00,0,36000.00,,0,,605,G,605,G,605,G,4500000376,10,,,0,,,0,X,,,,,,NA00,BI00,,NAIS1000,,,,,,,,,2017,,,US00,,0,,0,0,0,,0,2,,,,,,,,,B,V,,,0,,,,,0,0,0,,,,,0,,0,0,0,,,,,0,,,,0,0,0,,,720000,2,G,,,0,0,,0,,0,0,,,,,RUSSIAN RUBY,,ME02,WE06,X,X,90,"13,500,000.00",S,,,0,,,0,,,,1,0,,,,,,,,,0,,,,,,,,,F,,,0,,WE,2/19/17,2/19/17,3:35:52 PM,GBI-024,,MIGO_GR,,0,,,,,,,12:00:00 AM,,,,,,,,,,,0,,,,,
375,5000001326,2017,1,1,0,0,0,101,,ORANGE,MI00,RM00,,,,,,125123,,,0,0,,S,USD,300000.00,0,300000.00,,0,,942,TO,942,TO,942,TO,4500000346,10,,,0,,,0,X,,,,,,NA00,,,,,,,,,,,,2017,,,US00,,0,,0,0,0,,0,2,,,,,,,,,B,,,,0,,,,,0,0,0,,,,,0,,0,0,0,,,,,0,,,,0,0,0,,,,300,TO,,125123,0,0,,0,,0,0,,,,,ORANGE-040,,ME01,WE01,X,X,0,0,S,,,0,,,0,,,,1,0,,,,,,,,,0,,,,,,,,,F,,,0,,WE,2/19/17,2/19/17,4:38:41 PM,GBI-031,,MIGO_GR,,0,,,,,,,12:00:00 AM,,,,,,,,,,,0,,,,,
375,5000001327,2017,1,1,0,0,0,101,,ORANGE,MI00,RM00,,,,,,125124,,,0,0,,S,USD,1000000.00,0,1000000.00,,0,,1667,TO,1667,TO,1667,TO,4500000347,10,,,0,,,0,X,,,,,,NA00,,,,,,,,,,,,2017,,,US00,,0,,0,0,0,,0,2,,,,,,,,,B,,,,0,,,,,0,0,0,,,,,0,,0,0,0,,,,,0,,,,0,0,0,,,,"1,000",TO,,125124,0,0,,0,,0,0,,,,,ORANGE-040,,ME01,WE01,X,X,300,"300,000.00",S,,,0,,,0,,,,1,0,,,,,,,,,0,,,,,,,,,F,,,0,,WE,2/19/17,2/19/17,4:39:47 PM,GBI-031,,MIGO_GR,,0,,,,,,,12:00:00 AM,,,,,,,,,,,0,,,,,
375,5000001328,2017,1,1,0,0,0,101,,ORANGE,MI00,RM00,,,,,,125125,,,0,0,,S,USD,400000.00,0,400000.00,,0,,2283,TO,2283,TO,2283,TO,4500000348,10,,,0,,,0,X,,,,,,NA00,,,,,,,,,,,,2017,,,US00,,0,,0,0,0,,0,2,,,,,,,,,B,,,,0,,,,,0,0,0,,,,,0,,0,0,0,,,,,0,,,,0,0,0,,,,400,TO,,125125,0,0,,0,,0,0,,,,,ORANGE-040,,ME01,WE01,X,X,"1,300","1,300,000.00",S,,,0,,,0,,,,1,0,,,,,,,,,0,,,,,,,,,F,,,0,,WE,2/19/17,2/19/17,4:41:33 PM,GBI-031,,MIGO_GR,,0,,,,,,,12:00:00 AM,,,,,,,,,,,0,,,,,
375,5000001329,2017,1,1,0,0,0,101,,ORANGE,MI00,RM00,,,,,,125126,,,0,0,,S,USD,100000.00,0,100000.00,,0,,2125,TO,2125,TO,2125,TO,4500000349,10,,,0,,,0,X,,,,,,NA00,,,,,,,,,,,,2017,,,US00,,0,,0,0,0,,0,2,,,,,,,,,B,,,,0,,,,,0,0,0,,,,,0,,0,0,0,,,,,0,,,,0,0,0,,,,100,TO,,125126,0,0,,0,,0,0,,,,,ORANGE-040,,ME01,WE01,X,X,"1,700","1,700,000.00",S,,,0,,,0,,,,1,0,,,,,,,,,0,,,,,,,,,F,,,0,,WE,2/19/17,2/19/17,4:41:50 PM,GBI-031,,MIGO_GR,,0,,,,,,,12:00:00 AM,,,,,,,,,,,0,,,,,
375,5000001330,2017,1,1,0,0,0,101,,ORANGE,MI00,RM00,,,,,,125127,,,0,0,,S,USD,200000.00,0,200000.00,,0,,2135,TO,2135,TO,2135,TO,4500000350,10,,,0,,,0,X,,,,,,NA00,,,,,,,,,,,,2017,,,US00,,0,,0,0,0,,0,2,,,,,,,,,B,,,,0,,,,,0,0,0,,,,,0,,0,0,0,,,,,0,,,,0,0,0,,,,200,TO,,125127,0,0,,0,,0,0,,,,,ORANGE-040,,ME01,WE01,X,X,"1,800","1,800,000.00",S,,,0,,,0,,,,1,0,,,,,,,,,0,,,,,,,,,F,,,0,,WE,2/19/17,2/19/17,4:42:08 PM,GBI-031,,MIGO_GR,,0,,,,,,,12:00:00 AM,,,,,,,,,,,0,,,,,
375,5000001331,2017,1,1,0,0,0,101,,ORANGE,MI00,RM00,,,,,,125123,,,0,0,,S,USD,300000.00,0,300000.00,,0,,1447,TO,1447,TO,1447,TO,4500000351,10,,,0,,,0,X,,,,,,NA00,,,,,,,,,,,,2017,,,US00,,0,,0,0,0,,0,2,,,,,,,,,B,,,,0,,,,,0,0,0,,,,,0,,0,0,0,,,,,0,,,,0,0,0,,,,300,TO,,125123,0,0,,0,,0,0,,,,,ORANGE-040,,ME01,WE01,X,X,"2,000","2,000,000.00",S,,,0,,,0,,,,1,0,,,,,,,,,0,,,,,,,,,F,,,0,,WE,2/19/17,2/19/17,4:42:22 PM,GBI-031,,MIGO_GR,,0,,,,,,,12:00:00 AM,,,,,,,,,,,0,,,,,
375,5000001332,2017,1,1,0,0,0,101,,ORANGE,MI00,RM00,,,,,,125124,,,0,0,,S,USD,1000000.00,0,1000000.00,,0,,1706,TO,1706,TO,1706,TO,4500000352,10,,,0,,,0,X,,,,,,NA00,,,,,,,,,,,,2017,,,US00,,0,,0,0,0,,0,2,,,,,,,,,B,,,,0,,,,,0,0,0,,,,,0,,0,0,0,,,,,0,,,,0,0,0,,,,"1,000",TO,,125124,0,0,,0,,0,0,,,,,ORANGE-040,,ME01,WE01,X,X,"2,300","2,300,000.00",S,,,0,,,0,,,,1,0,,,,,,,,,0,,,,,,,,,F,,,0,,WE,2/19/17,2/19/17,4:42:42 PM,GBI-031,,MIGO_GR,,0,,,,,,,12:00:00 AM,,,,,,,,,,,0,,,,,
375,5000001333,2017,1,1,0,0,0,101,,ORANGE,MI00,RM00,,,,,,125125,,,0,0,,S,USD,400000.00,0,420000.00,,0,,497,TO,497,TO,497,TO,4500000353,10,,,0,,,0,X,,,,,,NA00,,,,,,,,,,,,2017,,,US00,,0,,0,0,0,,0,2,,,,,,,,,B,,,,0,,,,,0,0,0,,,,,0,,0,0,0,,,,,0,,,,0,0,0,,,,400,TO,,125125,0,0,,0,,0,0,,,,,ORANGE-040,,ME01,WE01,X,X,"3,300","3,300,000.00",S,,,0,,,0,,,,1,0,,,,,,,,,0,,,,,,,,,F,,,0,,WE,2/19/17,2/19/17,4:43:33 PM,GBI-031,,MIGO_GR,,0,,,,,,,12:00:00 AM,,,,,,,,,,,0,,,,,
375,5000001334,2017,1,1,0,0,0,101,,ORANGE,MI00,RM00,,,,,,125126,,,0,0,,S,USD,100000.00,0,100000.00,,0,,2190,TO,2190,TO,2190,TO,4500000354,10,,,0,,,0,X,,,,,,NA00,,,,,,,,,,,,2017,,,US00,,0,,0,0,0,,0,2,,,,,,,,,B,,,,0,,,,,0,0,0,,,,,0,,0,0,0,,,,,0,,,,0,0,0,,,,100,TO,,125126,0,0,,0,,0,0,,,,,ORANGE-040,,ME01,WE01,X,X,"3,700","3,700,000.00",S,,,0,,,0,,,,1,0,,,,,,,,,0,,,,,,,,,F,,,0,,WE,2/19/17,2/19/17,4:44:03 PM,GBI-031,,MIGO_GR,,0,,,,,,,12:00:00 AM,,,,,,,,,,,0,,,,,
375,5000001335,2017,1,1,0,0,0,101,,ORANGE,MI00,RM00,,,,,,125127,,,0,0,,S,USD,200000.00,0,200000.00,,0,,763,TO,763,TO,763,TO,4500000355,10,,,0,,,0,X,,,,,,NA00,,,,,,,,,,,,2017,,,US00,,0,,0,0,0,,0,2,,,,,,,,,B,,,,0,,,,,0,0,0,,,,,0,,0,0,0,,,,,0,,,,0,0,0,,,,200,TO,,125127,0,0,,0,,0,0,,,,,ORANGE-040,,ME01,WE01,X,X,"3,800","3,800,000.00",S,,,0,,,0,,,,1,0,,,,,,,,,0,,,,,,,,,F,,,0,,WE,2/19/17,2/19/17,4:44:16 PM,GBI-031,,MIGO_GR,,0,,,,,,,12:00:00 AM,,,,,,,,,,,0,,,,,
375,5000001336,2017,1,1,0,0,0,101,,ORANGE,MI00,RM00,,,,,,125123,,,0,0,,S,USD,300000.00,0,300000.00,,0,,1854,TO,1854,TO,1854,TO,4500000356,10,,,0,,,0,X,,,,,,NA00,,,,,,,,,,,,2017,,,US00,,0,,0,0,0,,0,2,,,,,,,,,B,,,,0,,,,,0,0,0,,,,,0,,0,0,0,,,,,0,,,,0,0,0,,,,300,TO,,125123,0,0,,0,,0,0,,,,,ORANGE-040,,ME01,WE01,X,X,"4,000","4,000,000.00",S,,,0,,,0,,,,1,0,,,,,,,,,0,,,,,,,,,F,,,0,,WE,2/19/17,2/19/17,4:45:04 PM,GBI-031,,MIGO_GR,,0,,,,,,,12:00:00 AM,,,,,,,,,,,0,,,,,
375,5000001337,2017,1,1,0,0,0,101,,ORANGE,MI00,RM00,,,,,,125124,,,0,0,,S,USD,1000000.00,0,1000000.00,,0,,1488,TO,1488,TO,1488,TO,4500000357,10,,,0,,,0,X,,,,,,NA00,,,,,,,,,,,,2017,,,US00,,0,,0,0,0,,0,2,,,,,,,,,B,,,,0,,,,,0,0,0,,,,,0,,0,0,0,,,,,0,,,,0,0,0,,,,"1,000",TO,,125124,0,0,,0,,0,0,,,,,ORANGE-040,,ME01,WE01,X,X,"4,300","4,300,000.00",S,,,0,,,0,,,,1,0,,,,,,,,,0,,,,,,,,,F,,,0,,WE,2/19/17,2/19/17,4:45:26 PM,GBI-031,,MIGO_GR,,0,,,,,,,12:00:00 AM,,,,,,,,,,,0,,,,,
375,5000001338,2017,1,1,0,0,0,101,,ORANGE,MI00,RM00,,,,,,125125,,,0,0,,S,USD,400000.00,0,420000.00,,0,,2173,TO,2173,TO,2173,TO,4500000358,10,,,0,,,0,X,,,,,,NA00,,,,,,,,,,,,2017,,,US00,,0,,0,0,0,,0,2,,,,,,,,,B,,,,0,,,,,0,0,0,,,,,0,,0,0,0,,,,,0,,,,0,0,0,,,,400,TO,,125125,0,0,,0,,0,0,,,,,ORANGE-040,,ME01,WE01,X,X,"5,300","5,300,000.00",S,,,0,,,0,,,,1,0,,,,,,,,,0,,,,,,,,,F,,,0,,WE,2/19/17,2/19/17,4:52:53 PM,GBI-031,,MIGO_GR,,0,,,,,,,12:00:00 AM,,,,,,,,,,,0,,,,,
375,5000001339,2017,1,1,0,0,0,101,,ORANGE,MI00,RM00,,,,,,125126,,,0,0,,S,USD,100000.00,0,100000.00,,0,,1198,TO,1198,TO,1198,TO,4500000359,10,,,0,,,0,X,,,,,,NA00,,,,,,,,,,,,2017,,,US00,,0,,0,0,0,,0,2,,,,,,,,,B,,,,0,,,,,0,0,0,,,,,0,,0,0,0,,,,,0,,,,0,0,0,,,,100,TO,,125126,0,0,,0,,0,0,,,,,ORANGE-040,,ME01,WE01,X,X,"5,700","5,700,000.00",S,,,0,,,0,,,,1,0,,,,,,,,,0,,,,,,,,,F,,,0,,WE,2/19/17,2/19/17,4:53:32 PM,GBI-031,,MIGO_GR,,0,,,,,,,12:00:00 AM,,,,,,,,,,,0,,,,,
375,5000001340,2017,1,1,0,0,0,101,,ORANGE,MI00,RM00,,,,,,125127,,,0,0,,S,USD,200000.00,0,200000.00,,0,,1337,TO,1337,TO,1337,TO,4500000360,10,,,0,,,0,X,,,,,,NA00,,,,,,,,,,,,2017,,,US00,,0,,0,0,0,,0,2,,,,,,,,,B,,,,0,,,,,0,0,0,,,,,0,,0,0,0,,,,,0,,,,0,0,0,,,,200,TO,,125127,0,0,,0,,0,0,,,,,ORANGE-040,,ME01,WE01,X,X,"5,800","5,800,000.00",S,,,0,,,0,,,,1,0,,,,,,,,,0,,,,,,,,,F,,,0,,WE,2/19/17,2/19/17,4:53:59 PM,GBI-031,,MIGO_GR,,0,,,,,,,12:00:00 AM,,,,,,,,,,,0,,,,,
375,5000001341,2017,1,1,0,0,0,101,,ORANGE,MI00,RM00,,,,,,125123,,,0,0,,S,USD,300000.00,0,300000.00,,0,,1000,TO,1000,TO,1000,TO,4500000361,10,,,0,,,0,X,,,,,,NA00,,,,,,,,,,,,2017,,,US00,,0,,0,0,0,,0,2,,,,,,,,,B,,,,0,,,,,0,0,0,,,,,0,,0,0,0,,,,,0,,,,0,0,0,,,,300,TO,,125123,0,0,,0,,0,0,,,,,ORANGE-040,,ME01,WE01,X,X,"6,000","6,000,000.00",S,,,0,,,0,,,,1,0,,,,,,,,,0,,,,,,,,,F,,,0,,WE,2/19/17,2/19/17,4:54:31 PM,GBI-031,,MIGO_GR,,0,,,,,,,12:00:00 AM,,,,,,,,,,,0,,,,,
375,5000001342,2017,1,1,0,0,0,101,,ORANGE,MI00,RM00,,,,,,125124,,,0,0,,S,USD,1000000.00,0,1000000.00,,0,,1517,TO,1517,TO,1517,TO,4500000362,10,,,0,,,0,X,,,,,,NA00,,,,,,,,,,,,2017,,,US00,,0,,0,0,0,,0,2,,,,,,,,,B,,,,0,,,,,0,0,0,,,,,0,,0,0,0,,,,,0,,,,0,0,0,,,,"1,000",TO,,125124,0,0,,0,,0,0,,,,,ORANGE-040,,ME01,WE01,X,X,"6,300","6,300,000.00",S,,,0,,,0,,,,1,0,,,,,,,,,0,,,,,,,,,F,,,0,,WE,2/19/17,2/19/17,4:55:54 PM,GBI-031,,MIGO_GR,,0,,,,,,,12:00:00 AM,,,,,,,,,,,0,,,,,
375,5000001343,2017,1,1,0,0,0,101,,ORANGE,MI00,RM00,,,,,,125125,,,0,0,,S,USD,400000.00,0,420000.00,,0,,913,TO,913,TO,913,TO,4500000363,10,,,0,,,0,X,,,,,,NA00,,,,,,,,,,,,2017,,,US00,,0,,0,0,0,,0,2,,,,,,,,,B,,,,0,,,,,0,0,0,,,,,0,,0,0,0,,,,,0,,,,0,0,0,,,,400,TO,,125125,0,0,,0,,0,0,,,,,ORANGE-040,,ME01,WE01,X,X,"7,300","7,300,000.00",S,,,0,,,0,,,,1,0,,,,,,,,,0,,,,,,,,,F,,,0,,WE,2/19/17,2/19/17,4:56:24 PM,GBI-031,,MIGO_GR,,0,,,,,,,12:00:00 AM,,,,,,,,,,,0,,,,,
375,5000001344,2017,1,1,0,0,0,101,,ORANGE,MI00,RM00,,,,,,125126,,,0,0,,S,USD,100000.00,0,100000.00,,0,,1713,TO,1713,TO,1713,TO,4500000364,10,,,0,,,0,X,,,,,,NA00,,,,,,,,,,,,2017,,,US00,,0,,0,0,0,,0,2,,,,,,,,,B,,,,0,,,,,0,0,0,,,,,0,,0,0,0,,,,,0,,,,0,0,0,,,,100,TO,,125126,0,0,,0,,0,0,,,,,ORANGE-040,,ME01,WE01,X,X,"7,700","7,700,000.00",S,,,0,,,0,,,,1,0,,,,,,,,,0,,,,,,,,,F,,,0,,WE,2/19/17,2/19/17,4:57:03 PM,GBI-031,,MIGO_GR,,0,,,,,,,12:00:00 AM,,,,,,,,,,,0,,,,,
375,5000001345,2017,1,1,0,0,0,101,,ORANGE,MI00,RM00,,,,,,125127,,,0,0,,S,USD,200000.00,0,200000.00,,0,,2310,TO,2310,TO,2310,TO,4500000365,10,,,0,,,0,X,,,,,,NA00,,,,,,,,,,,,2017,,,US00,,0,,0,0,0,,0,2,,,,,,,,,B,,,,0,,,,,0,0,0,,,,,0,,0,0,0,,,,,0,,,,0,0,0,,,,200,TO,,125127,0,0,,0,,0,0,,,,,ORANGE-040,,ME01,WE01,X,X,"7,800","7,800,000.00",S,,,0,,,0,,,,1,0,,,,,,,,,0,,,,,,,,,F,,,0,,WE,2/19/17,2/19/17,4:57:29 PM,GBI-031,,MIGO_GR,,0,,,,,,,12:00:00 AM,,,,,,,,,,,0,,,,,
375,5000001346,2017,1,1,0,0,0,101,,ORANGE,MI00,RM00,,,,,,125123,,,0,0,,S,USD,300000.00,0,300000.00,,0,,2292,TO,2292,TO,2292,TO,4500000366,10,,,0,,,0,X,,,,,,NA00,,,,,,,,,,,,2017,,,US00,,0,,0,0,0,,0,2,,,,,,,,,B,,,,0,,,,,0,0,0,,,,,0,,0,0,0,,,,,0,,,,0,0,0,,,,300,TO,,125123,0,0,,0,,0,0,,,,,ORANGE-040,,ME01,WE01,X,X,"8,000","8,000,000.00",S,,,0,,,0,,,,1,0,,,,,,,,,0,,,,,,,,,F,,,0,,WE,2/19/17,2/19/17,4:57:59 PM,GBI-031,,MIGO_GR,,0,,,,,,,12:00:00 AM,,,,,,,,,,,0,,,,,
375,5000001347,2017,1,1,0,0,0,101,,ORANGE,MI00,RM00,,,,,,125124,,,0,0,,S,USD,1000000.00,0,1000000.00,,0,,1071,TO,1071,TO,1071,TO,4500000367,10,,,0,,,0,X,,,,,,NA00,,,,,,,,,,,,2017,,,US00,,0,,0,0,0,,0,2,,,,,,,,,B,,,,0,,,,,0,0,0,,,,,0,,0,0,0,,,,,0,,,,0,0,0,,,,"1,000",TO,,125124,0,0,,0,,0,0,,,,,ORANGE-040,,ME01,WE01,X,X,"8,300","8,300,000.00",S,,,0,,,0,,,,1,0,,,,,,,,,0,,,,,,,,,F,,,0,,WE,2/19/17,2/19/17,4:58:47 PM,GBI-031,,MIGO_GR,,0,,,,,,,12:00:00 AM,,,,,,,,,,,0,,,,,
375,5000001348,2017,1,1,0,0,0,101,,ORANGE,MI00,RM00,,,,,,125125,,,0,0,,S,USD,400000.00,0,400000.00,,0,,1903,TO,1903,TO,1903,TO,4500000368,10,,,0,,,0,X,,,,,,NA00,,,,,,,,,,,,2017,,,US00,,0,,0,0,0,,0,2,,,,,,,,,B,,,,0,,,,,0,0,0,,,,,0,,0,0,0,,,,,0,,,,0,0,0,,,,400,TO,,125125,0,0,,0,,0,0,,,,,ORANGE-040,,ME01,WE01,X,X,"9,300","9,300,000.00",S,,,0,,,0,,,,1,0,,,,,,,,,0,,,,,,,,,F,,,0,,WE,2/19/17,2/19/17,4:59:14 PM,GBI-031,,MIGO_GR,,0,,,,,,,12:00:00 AM,,,,,,,,,,,0,,,,,
375,5000001349,2017,1,1,0,0,0,101,,ORANGE,MI00,RM00,,,,,,125126,,,0,0,,S,USD,100000.00,0,100000.00,,0,,2081,TO,2081,TO,2081,TO,4500000369,10,,,0,,,0,X,,,,,,NA00,,,,,,,,,,,,2017,,,US00,,0,,0,0,0,,0,2,,,,,,,,,B,,,,0,,,,,0,0,0,,,,,0,,0,0,0,,,,,0,,,,0,0,0,,,,100,TO,,125126,0,0,,0,,0,0,,,,,ORANGE-040,,ME01,WE01,X,X,"9,700","9,700,000.00",S,,,0,,,0,,,,1,0,,,,,,,,,0,,,,,,,,,F,,,0,,WE,2/19/17,2/19/17,4:59:43 PM,GBI-031,,MIGO_GR,,0,,,,,,,12:00:00 AM,,,,,,,,,,,0,,,,,
375,5000001350,2017,1,1,0,0,0,101,,ORANGE,MI00,RM00,,,,,,125127,,,0,0,,S,USD,200000.00,0,200000.00,,0,,183,TO,183,TO,183,TO,4500000370,10,,,0,,,0,X,,,,,,NA00,,,,,,,,,,,,2017,,,US00,,0,,0,0,0,,0,2,,,,,,,,,B,,,,0,,,,,0,0,0,,,,,0,,0,0,0,,,,,0,,,,0,0,0,,,,200,TO,,125127,0,0,,0,,0,0,,,,,ORANGE-040,,ME01,WE01,X,X,"9,800","9,800,000.00",S,,,0,,,0,,,,1,0,,,,,,,,,0,,,,,,,,,F,,,0,,WE,2/19/17,2/19/17,5:01:03 PM,GBI-031,,MIGO_GR,,0,,,,,,,12:00:00 AM,,,,,,,,,,,0,,,,,
375,5000001351,2017,1,1,0,0,0,101,,ORANGE,MI00,RM00,,,,,,125123,,,0,0,,S,USD,300000.00,0,300000.00,,0,,1105,TO,1105,TO,1105,TO,4500000371,10,,,0,,,0,X,,,,,,NA00,,,,,,,,,,,,2017,,,US00,,0,,0,0,0,,0,2,,,,,,,,,B,,,,0,,,,,0,0,0,,,,,0,,0,0,0,,,,,0,,,,0,0,0,,,,300,TO,,125123,0,0,,0,,0,0,,,,,ORANGE-040,,ME01,WE01,X,X,"10,000","10,000,000.00",S,,,0,,,0,,,,1,0,,,,,,,,,0,,,,,,,,,F,,,0,,WE,2/19/17,2/19/17,5:01:26 PM,GBI-031,,MIGO_GR,,0,,,,,,,12:00:00 AM,,,,,,,,,,,0,,,,,
375,5000001352,2017,1,1,0,0,0,101,,ORANGE,MI00,RM00,,,,,,125124,,,0,0,,S,USD,1000000.00,0,1000000.00,,0,,1377,TO,1377,TO,1377,TO,4500000372,10,,,0,,,0,X,,,,,,NA00,,,,,,,,,,,,2017,,,US00,,0,,0,0,0,,0,2,,,,,,,,,B,,,,0,,,,,0,0,0,,,,,0,,0,0,0,,,,,0,,,,0,0,0,,,,"1,000",TO,,125124,0,0,,0,,0,0,,,,,ORANGE-040,,ME01,WE01,X,X,"10,300","10,300,000.00",S,,,0,,,0,,,,1,0,,,,,,,,,0,,,,,,,,,F,,,0,,WE,2/19/17,2/19/17,5:03:01 PM,GBI-031,,MIGO_GR,,0,,,,,,,12:00:00 AM,,,,,,,,,,,0,,,,,
375,5000001353,2017,1,1,0,0,0,101,,ORANGE,MI00,RM00,,,,,,125125,,,0,0,,S,USD,400000.00,0,400000.00,,0,,1136,TO,1136,TO,1136,TO,4500000373,10,,,0,,,0,X,,,,,,NA00,,,,,,,,,,,,2017,,,US00,,0,,0,0,0,,0,2,,,,,,,,,B,,,,0,,,,,0,0,0,,,,,0,,0,0,0,,,,,0,,,,0,0,0,,,,400,TO,,125125,0,0,,0,,0,0,,,,,ORANGE-040,,ME01,WE01,X,X,"11,300","11,300,000.00",S,,,0,,,0,,,,1,0,,,,,,,,,0,,,,,,,,,F,,,0,,WE,2/19/17,2/19/17,5:04:49 PM,GBI-031,,MIGO_GR,,0,,,,,,,12:00:00 AM,,,,,,,,,,,0,,,,,
375,5000001354,2017,1,1,0,0,0,101,,BOTSWANA BLACK PE,MI00,RM00,,,,,,125088,,,0,0,,S,USD,50000000.00,0,48000000.00,,0,,814,G,814,G,814,G,4500000380,10,,,0,,,0,X,,,,,,NA00,,,,,,,,,,,,2017,,,US00,,0,,0,0,0,,0,2,,,,,,,,,B,,,,0,,,,,0,0,0,,,,,0,,0,0,0,,,,,0,,,,0,0,0,,,,100,G,,125088,0,0,,0,,0,0,,,,,BOTSWANA BLACK PE,,ME01,WE01,X,X,0,0,S,,,0,,,0,,,,1,0,,,,,,,,,0,,,,,,,,,F,,,0,,WE,2/19/17,2/19/17,5:08:21 PM,GBI-024,,MIGO_GR,,0,,,,,,,12:00:00 AM,,,,,,,,,,,0,,,,,
375,5000001355,2017,1,1,0,0,0,101,,CONGOCRYSTAL,MI00,RM00,,,,,,125102,,,0,0,,S,USD,20000000.00,0,770000.00,,0,,686,G,686,G,686,G,4500000379,10,,,0,,,0,X,,,,,,NA00,,,,,,,,,,,,2017,,,US00,,0,,0,0,0,,0,2,,,,,,,,,B,,,,0,,,,,0,0,0,,,,,0,,0,0,0,,,,,0,,,,0,0,0,,,,100,G,,125102,0,0,,0,,0,0,,,,,CONGOCRYSTAL,,ME01,WE01,X,X,0,0,S,,,0,,,0,,,,1,0,,,,,,,,,0,,,,,,,,,F,,,0,,WE,2/19/17,2/19/17,5:08:49 PM,GBI-024,,MIGO_GR,,0,,,,,,,12:00:00 AM,,,,,,,,,,,0,,,,,
375,5000001356,2017,1,1,0,0,0,101,,ANGOLAN AMETHYST,MI00,RM00,,,,,,125096,,,0,0,,S,USD,5000000.00,0,4500000.00,,0,,28,G,28,G,28,G,4500000378,10,,,0,,,0,X,,,,,,NA00,,,,,,,,,,,,2017,,,US00,,0,,0,0,0,,0,2,,,,,,,,,B,,,,0,,,,,0,0,0,,,,,0,,0,0,0,,,,,0,,,,0,0,0,,,,100,G,,125096,0,0,,0,,0,0,,,,,ANGOLAN AMETHYST,,ME01,WE01,X,X,0,0,S,,,0,,,0,,,,1,0,,,,,,,,,0,,,,,,,,,F,,,0,,WE,2/19/17,2/19/17,5:09:13 PM,GBI-024,,MIGO_GR,,0,,,,,,,12:00:00 AM,,,,,,,,,,,0,,,,,
375,5000001357,2017,1,1,0,0,0,101,,SA SAPPHIRE,MI00,RM00,,,,,,125100,,,0,0,,S,USD,10000000.00,0,1322576.38,,0,,407,G,407,G,407,G,4500000377,10,,,0,,,0,X,,,,,,NA00,,,,,,,,,,,,2017,,,US00,,0,,0,0,0,,0,2,,,,,,,,,B,,,,0,,,,,0,0,0,,,,,0,,0,0,0,,,,,0,,,,0,0,0,,,,100,G,,125100,0,0,,0,,0,0,,,,,SA SAPPHIRE,,ME01,WE01,X,X,10,"1,000,000.00",S,,,0,,,0,,,,1,0,,,,,,,,,0,,,,,,,,,F,,,0,,WE,2/19/17,2/19/17,5:09:30 PM,GBI-024,,MIGO_GR,,0,,,,,,,12:00:00 AM,,,,,,,,,,,0,,,,,
375,5000001358,2017,1,1,0,0,0,101,,ORANGE,MI00,RM00,,,,,,125126,,,0,0,,S,USD,100000.00,0,100000.00,,0,,2353,TO,2353,TO,2353,TO,4500000374,10,,,0,,,0,X,,,,,,NA00,,,,,,,,,,,,2017,,,US00,,0,,0,0,0,,0,2,,,,,,,,,B,,,,0,,,,,0,0,0,,,,,0,,0,0,0,,,,,0,,,,0,0,0,,,,100,TO,,125126,0,0,,0,,0,0,,,,,ORANGE-040,,ME01,WE01,X,X,"11,700","11,700,000.00",S,,,0,,,0,,,,1,0,,,,,,,,,0,,,,,,,,,F,,,0,,WE,2/19/17,2/19/17,5:10:48 PM,GBI-031,,MIGO_GR,,0,,,,,,,12:00:00 AM,,,,,,,,,,,0,,,,,
375,5000001359,2017,1,1,0,0,0,101,,ORANGE,MI00,RM00,,,,,,125127,,,0,0,,S,USD,200000.00,0,200000.00,,0,,173,TO,173,TO,173,TO,4500000375,10,,,0,,,0,X,,,,,,NA00,,,,,,,,,,,,2017,,,US00,,0,,0,0,0,,0,2,,,,,,,,,B,,,,0,,,,,0,0,0,,,,,0,,0,0,0,,,,,0,,,,0,0,0,,,,200,TO,,125127,0,0,,0,,0,0,,,,,ORANGE-040,,ME01,WE01,X,X,"11,800","11,800,000.00",S,,,0,,,0,,,,1,0,,,,,,,,,0,,,,,,,,,F,,,0,,WE,2/19/17,2/19/17,5:11:26 PM,GBI-031,,MIGO_GR,,0,,,,,,,12:00:00 AM,,,,,,,,,,,0,,,,,
375,5000001360,2017,1,1,0,0,0,101,,ROMANIAN RUBY,MI00,RM00,,,,,,125128,,,0,0,,S,USD,15000000.00,0,16588027.13,,0,,524,G,524,G,524,G,4500000381,10,,,0,,,0,X,,,,,,NA00,,,,,,,,,,,,2017,,,US00,,0,,0,0,0,,0,2,,,,,,,,,B,,,,0,,,,,0,0,0,,,,,0,,0,0,0,,,,,0,,,,0,0,0,,,,100,G,,125128,0,0,,0,,0,0,,,,,ROMANIAN RUBY,,ME01,WE01,X,X,0,0,S,,,0,,,0,,,,1,0,,,,,,,,,0,,,,,,,,,F,,,0,,WE,2/19/17,2/19/17,5:47:27 PM,GBI-024,,MIGO_GR,,0,,,,,,,12:00:00 AM,,,,,,,,,,,0,,,,,
375,5000001361,2017,1,1,0,0,0,101,,GOLD,MI00,RM00,,,,,,125104,,,0,0,,S,USD,43235.15,0,43235.15,,0,,78,OZ,78,OZ,78,OZ,4500000382,10,,,0,,,0,X,,,,,,NA00,,,,,,,,,,,,2017,,,US00,,0,,0,0,0,,0,2,,,,,,,,,B,,,,0,,,,,0,0,0,,,,,0,,0,0,0,,,,,0,,,,0,0,0,,,,35,OZ,,125104,0,0,,0,,0,0,,,,,GOLD TEAM 8,,ME01,WE01,X,X,"1,800","2,223,684.29",V,,,0,,,0,,,,1,0,,,,,,,,,0,,,,,,,,,F,,,0,,WE,2/19/17,2/19/17,6:14:03 PM,GBI-026,,MIGO_GR,,0,,,,,,,12:00:00 AM,,,,,,,,,,,0,,,,,
375,5000001362,2017,1,1,0,0,0,101,,ROMANIAN RUBY,MI00,RM00,,,,,,125128,,,0,0,,S,USD,346153.85,0,346153.85,,0,,633,G,633,G,633,G,4500000383,10,,,0,,,0,X,,,,,,NA00,BI00,,NAIS1000,,,,,,,,,2017,,,US00,,0,,0,0,0,,0,2,,,,,,,,,B,V,,,0,,,,,0,0,0,,,,,0,,0,0,0,,,,,0,,,,0,0,0,,,720000,2,G,,,0,0,,0,,0,0,,,,,ROMANIAN RUBY,,ME02,WE06,X,X,100,"15,000,000.00",S,,,0,,,0,,,,1,0,,,,,,,,,0,,,,,,,,,F,,,0,,WE,2/19/17,2/19/17,10:30:28 PM,GBI-024,,MIGO_GR,,0,,,,,,,12:00:00 AM,,,,,,,,,,,0,,,,,
375,5000001363,2017,1,1,0,0,0,101,,BOTSWANA BLACK PE,MI00,RM00,,,,,,125088,,,0,0,,S,USD,1500000.00,0,1440000.00,,0,,27,G,27,G,27,G,4500000387,10,,,0,,,0,X,,,,,,NA00,,,,,,,,,,,,2017,,,US00,,0,,0,0,0,,0,2,,,,,,,,,B,,,,0,,,,,0,0,0,,,,,0,,0,0,0,,,,,0,,,,0,0,0,,,,3,G,,125088,0,0,,0,,0,0,,,,,BOTSWANA BLACK PE,,ME01,WE01,X,X,100,"50,000,000.00",S,,,0,,,0,,,,1,0,,,,,,,,,0,,,,,,,,,F,,,0,,WE,2/19/17,2/19/17,11:23:35 PM,GBI-024,,MIGO_GR,,0,,,,,,,12:00:00 AM,,,,,,,,,,,0,,,,,
375,5000001364,2017,1,1,0,0,0,101,,BOTSWANA BLACK PE,MI00,RM00,,,,,,125088,,,0,0,,S,USD,1350000.00,0,1350000.00,,0,,277,G,277,G,277,G,4500000385,10,,,0,,,0,X,,,,,,NA00,BI00,,NAIS1000,,,,,,,,,2017,,,US00,,0,,0,0,0,,0,2,,,,,,,,,B,V,,,0,,,,,0,0,0,,,,,0,,0,0,0,,,,,0,,,,0,0,0,,,720000,3,G,,,0,0,,0,,0,0,,,,,BOTSWANA BLACK PE,,ME02,WE06,X,X,97,"48,500,000.00",S,,,0,,,0,,,,1,0,,,,,,,,,0,,,,,,,,,F,,,0,,WE,2/19/17,2/19/17,11:29:35 PM,GBI-024,,MIGO_GR,,0,,,,,,,12:00:00 AM,,,,,,,,,,,0,,,,,
375,5000001365,2017,1,1,0,0,0,101,,GOLD,MI00,RM00,,,,,,125104,,,0,0,,S,USD,55588.05,0,55588.05,,0,,57,OZ,57,OZ,57,OZ,4500000388,10,,,0,,,0,X,,,,,,NA00,,,,,,,,,,,,2017,,,US00,,0,,0,0,0,,0,2,,,,,,,,,B,,,,0,,,,,0,0,0,,,,,0,,0,0,0,,,,,0,,,,0,0,0,,,,45,OZ,,125104,0,0,,0,,0,0,,,,,GOLD TEAM 8,,ME01,WE01,X,X,"1,765","2,180,449.14",V,,,0,,,0,,,,1,0,,,,,,,,,0,,,,,,,,,F,,,0,,WE,2/20/17,2/20/17,12:34:03 PM,GBI-026,,MIGO_GR,,0,,,,,,,12:00:00 AM,,,,,,,,,,,0,,,,,
375,5000001366,2017,1,1,0,0,0,101,,GOLD,MI00,RM00,,,,,,125104,,,0,0,,S,USD,24705.80,0,24705.80,,0,,99,OZ,99,OZ,99,OZ,4500000389,10,,,0,,,0,X,,,,,,NA00,,,,,,,,,,,,2017,,,US00,,0,,0,0,0,,0,2,,,,,,,,,B,,,,0,,,,,0,0,0,,,,,0,,0,0,0,,,,,0,,,,0,0,0,,,,20,OZ,,125104,0,0,,0,,0,0,,,,,GOLD TEAM 8,,ME01,WE01,X,X,"1,720","2,124,861.09",V,,,0,,,0,,,,1,0,,,,,,,,,0,,,,,,,,,F,,,0,,WE,2/20/17,2/20/17,1:10:38 PM,GBI-006,,MIGO_GR,,0,,,,,,,12:00:00 AM,,,,,,,,,,,0,,,,,
375,5000001367,2017,1,1,0,0,0,101,,GOLD,MI00,RM00,,,,,,125104,,,0,0,,S,USD,18529.35,0,18529.35,,0,,39,OZ,39,OZ,39,OZ,4500000390,10,,,0,,,0,X,,,,,,NA00,,,,,,,,,,,,2017,,,US00,,0,,0,0,0,,0,2,,,,,,,,,B,,,,0,,,,,0,0,0,,,,,0,,0,0,0,,,,,0,,,,0,0,0,,,,15,OZ,,125104,0,0,,0,,0,0,,,,,GOLD TEAM 8,,ME01,WE01,X,X,"1,700","2,100,155.29",V,,,0,,,0,,,,1,0,,,,,,,,,0,,,,,,,,,F,,,0,,WE,2/20/17,2/20/17,1:32:48 PM,GBI-006,,MIGO_GR,,0,,,,,,,12:00:00 AM,,,,,,,,,,,0,,,,,
375,5000001368,2017,1,1,0,0,0,101,,GOLD,MI00,RM00,,,,,,125104,,,0,0,,S,USD,27176.38,0,27176.38,,0,,7,OZ,7,OZ,7,OZ,4500000391,10,,,0,,,0,X,,,,,,NA00,,,,,,,,,,,,2017,,,US00,,0,,0,0,0,,0,2,,,,,,,,,B,,,,0,,,,,0,0,0,,,,,0,,0,0,0,,,,,0,,,,0,0,0,,,,22,OZ,,125104,0,0,,0,,0,0,,,,,GOLD TEAM 8,,ME01,WE01,X,X,"1,685","2,081,625.94",V,,,0,,,0,,,,1,0,,,,,,,,,0,,,,,,,,,F,,,0,,WE,2/20/17,2/20/17,1:50:16 PM,GBI-006,,MIGO_GR,,0,,,,,,,12:00:00 AM,,,,,,,,,,,0,,,,,
375,5000001369,2017,1,1,0,0,0,101,,ROMANIAN RUBY,MI00,RM00,,,,,,125128,,,0,0,,S,USD,1022727.27,0,1022727.27,,0,,912,G,912,G,912,G,4500000384,10,,,0,,,0,X,,,,,,NA00,BI00,,NAIS1000,,,,,,,,,2017,,,US00,,0,,0,0,0,,0,2,,,,,,,,,B,V,,,0,,,,,0,0,0,,,,,0,,0,0,0,,,,,0,,,,0,0,0,,,720000,5,G,,,0,0,,0,,0,0,,,,,ROMANIAN RUBY,,ME02,WE06,X,X,100,"15,000,000.00",S,,,0,,,0,,,,1,0,,,,,,,,,0,,,,,,,,,F,,,0,,WE,2/20/17,2/20/17,2:32:59 PM,GBI-024,,MIGO_GR,,0,,,,,,,12:00:00 AM,,,,,,,,,,,0,,,,,
375,5000001370,2017,1,1,0,0,0,101,,ROMANIAN RUBY,MI00,RM00,,,,,,125128,,,0,0,,S,USD,1007462.69,0,1007462.69,,0,,831,G,831,G,831,G,4500000392,10,,,0,,,0,X,,,,,,NA00,BI00,,NAIS1000,,,,,,,,,2017,,,US00,,0,,0,0,0,,0,2,,,,,,,,,B,V,,,0,,,,,0,0,0,,,,,0,,0,0,0,,,,,0,,,,0,0,0,,,720000,6,G,,,0,0,,0,,0,0,,,,,ROMANIAN RUBY,,ME02,WE06,X,X,100,"15,000,000.00",S,,,0,,,0,,,,1,0,,,,,,,,,0,,,,,,,,,F,,,0,,WE,2/20/17,2/20/17,2:34:56 PM,GBI-024,,MIGO_GR,,0,,,,,,,12:00:00 AM,,,,,,,,,,,0,,,,,
375,5000001371,2017,1,1,0,0,0,101,,BOTSWANA BLACK PE,MI00,RM00,,,,,,125088,,,0,0,,S,USD,6000000.00,0,6000000.00,,0,,742,G,742,G,742,G,4500000386,10,,,0,,,0,X,,,,,,NA00,BI00,,NAIS1000,,,,,,,,,2017,,,US00,,0,,0,0,0,,0,2,,,,,,,,,B,V,,,0,,,,,0,0,0,,,,,0,,0,0,0,,,,,0,,,,0,0,0,,,720000,8,G,,,0,0,,0,,0,0,,,,,BOTSWANA BLACK PE,,ME02,WE06,X,X,97,"48,500,000.00",S,,,0,,,0,,,,1,0,,,,,,,,,0,,,,,,,,,F,,,0,,WE,2/20/17,2/20/17,2:35:44 PM,GBI-024,,MIGO_GR,,0,,,,,,,12:00:00 AM,,,,,,,,,,,0,,,,,
375,5000001372,2017,1,1,0,0,0,101,,BOTSWANA BLACK PE,MI00,RM00,,,,,,125088,,,0,0,,S,USD,1960000.00,0,1960000.00,,0,,226,G,226,G,226,G,4500000394,10,,,0,,,0,X,,,,,,NA00,BI00,,NAIS1000,,,,,,,,,2017,,,US00,,0,,0,0,0,,0,2,,,,,,,,,B,V,,,0,,,,,0,0,0,,,,,0,,0,0,0,,,,,0,,,,0,0,0,,,720000,4,G,,,0,0,,0,,0,0,,,,,BOTSWANA BLACK PE,,ME02,WE06,X,X,97,"48,500,000.00",S,,,0,,,0,,,,1,0,,,,,,,,,0,,,,,,,,,F,,,0,,WE,2/20/17,2/20/17,2:36:21 PM,GBI-024,,MIGO_GR,,0,,,,,,,12:00:00 AM,,,,,,,,,,,0,,,,,
375,5000001373,2017,1,1,0,0,0,101,,BOTSWANA BLACK PE,MI00,RM00,,,,,,125088,,,0,0,,S,USD,5250000.00,0,5250000.00,,0,,484,G,484,G,484,G,4500000396,10,,,0,,,0,X,,,,,,NA00,BI00,,NAIS1000,,,,,,,,,2017,,,US00,,0,,0,0,0,,0,2,,,,,,,,,B,V,,,0,,,,,0,0,0,,,,,0,,0,0,0,,,,,0,,,,0,0,0,,,720000,10,G,,,0,0,,0,,0,0,,,,,BOTSWANA BLACK PE,,ME02,WE06,X,X,97,"48,500,000.00",S,,,0,,,0,,,,1,0,,,,,,,,,0,,,,,,,,,F,,,0,,WE,2/20/17,2/20/17,2:37:06 PM,GBI-024,,MIGO_GR,,0,,,,,,,12:00:00 AM,,,,,,,,,,,0,,,,,
375,5000001374,2017,1,1,0,0,0,101,,ROMANIAN RUBY,MI00,RM00,,,,,,125128,,,0,0,,S,USD,679245.28,0,679245.28,,0,,379,G,379,G,379,G,4500000393,10,,,0,,,0,X,,,,,,NA00,BI00,,NAIS1000,,,,,,,,,2017,,,US00,,0,,0,0,0,,0,2,,,,,,,,,B,V,,,0,,,,,0,0,0,,,,,0,,0,0,0,,,,,0,,,,0,0,0,,,720000,4,G,,,0,0,,0,,0,0,,,,,ROMANIAN RUBY,,ME02,WE06,X,X,100,"15,000,000.00",S,,,0,,,0,,,,1,0,,,,,,,,,0,,,,,,,,,F,,,0,,WE,2/20/17,2/20/17,2:44:27 PM,GBI-024,,MIGO_GR,,0,,,,,,,12:00:00 AM,,,,,,,,,,,0,,,,,
375,5000001375,2017,1,1,0,0,0,101,,ROMANIAN RUBY,MI00,RM00,,,,,,125128,,,0,0,,S,USD,321428.57,0,321428.57,,0,,31,G,31,G,31,G,4500000395,10,,,0,,,0,X,,,,,,NA00,BI00,,NAIS1000,,,,,,,,,2017,,,US00,,0,,0,0,0,,0,2,,,,,,,,,B,V,,,0,,,,,0,0,0,,,,,0,,0,0,0,,,,,0,,,,0,0,0,,,720000,2,G,,,0,0,,0,,0,0,,,,,ROMANIAN RUBY,,ME02,WE06,X,X,100,"15,000,000.00",S,,,0,,,0,,,,1,0,,,,,,,,,0,,,,,,,,,F,,,0,,WE,2/20/17,2/20/17,2:50:19 PM,GBI-024,,MIGO_GR,,0,,,,,,,12:00:00 AM,,,,,,,,,,,0,,,,,
375,5000001376,2017,1,1,0,0,0,101,,BOTSWANA BLACK PE,MI00,RM00,,,,,,125088,,,0,0,,S,USD,1000000.00,0,1000000.00,,0,,314,G,314,G,314,G,4500000397,10,,,0,,,0,X,,,,,,NA00,BI00,,NAIS1000,,,,,,,,,2017,,,US00,,0,,0,0,0,,0,2,,,,,,,,,B,V,,,0,,,,,0,0,0,,,,,0,,0,0,0,,,,,0,,,,0,0,0,,,720000,2,G,,,0,0,,0,,0,0,,,,,BOTSWANA BLACK PE,,ME02,WE06,X,X,97,"48,500,000.00",S,,,0,,,0,,,,1,0,,,,,,,,,0,,,,,,,,,F,,,0,,WE,2/20/17,2/20/17,2:53:39 PM,GBI-024,,MIGO_GR,,0,,,,,,,12:00:00 AM,,,,,,,,,,,0,,,,,
375,5000001377,2017,1,1,0,0,0,101,,CONGOCRYSTAL,MI00,RM00,,,,,,125102,,,0,0,,S,USD,35000.00,0,35000.00,,0,,328,G,328,G,328,G,4500000399,10,,,0,,,0,X,,,,,,NA00,BI00,,NAIS1000,,,,,,,,,2017,,,US00,,0,,0,0,0,,0,2,,,,,,,,,B,V,,,0,,,,,0,0,0,,,,,0,,0,0,0,,,,,0,,,,0,0,0,,,720000,5,G,,,0,0,,0,,0,0,,,,,CONGOCRYSTAL,,ME02,WE06,X,X,100,"20,000,000.00",S,,,0,,,0,,,,1,0,,,,,,,,,0,,,,,,,,,F,,,0,,WE,2/20/17,2/20/17,3:02:16 PM,GBI-024,,MIGO_GR,,0,,,,,,,12:00:00 AM,,,,,,,,,,,0,,,,,
375,5000001378,2017,1,1,0,0,0,101,,CONGOCRYSTAL,MI00,RM00,,,,,,125102,,,0,0,,S,USD,72900.00,0,72900.00,,0,,913,G,913,G,913,G,4500000398,10,,,0,,,0,X,,,,,,NA00,BI00,,NAIS1000,,,,,,,,,2017,,,US00,,0,,0,0,0,,0,2,,,,,,,,,B,V,,,0,,,,,0,0,0,,,,,0,,0,0,0,,,,,0,,,,0,0,0,,,720000,9,G,,,0,0,,0,,0,0,,,,,CONGOCRYSTAL,,ME02,WE06,X,X,100,"20,000,000.00",S,,,0,,,0,,,,1,0,,,,,,,,,0,,,,,,,,,F,,,0,,WE,2/20/17,2/20/17,3:04:24 PM,GBI-024,,MIGO_GR,,0,,,,,,,12:00:00 AM,,,,,,,,,,,0,,,,,
375,5000001379,2017,1,1,0,0,0,101,,CONGOCRYSTAL,MI00,RM00,,,,,,125102,,,0,0,,S,USD,142400.00,0,142400.00,,0,,133,G,133,G,133,G,4500000402,10,,,0,,,0,X,,,,,,NA00,BI00,,NAIS1000,,,,,,,,,2017,,,US00,,0,,0,0,0,,0,2,,,,,,,,,B,V,,,0,,,,,0,0,0,,,,,0,,0,0,0,,,,,0,,,,0,0,0,,,720000,16,G,,,0,0,,0,,0,0,,,,,CONGOCRYSTAL,,ME02,WE06,X,X,100,"20,000,000.00",S,,,0,,,0,,,,1,0,,,,,,,,,0,,,,,,,,,F,,,0,,WE,2/20/17,2/20/17,3:04:57 PM,GBI-024,,MIGO_GR,,0,,,,,,,12:00:00 AM,,,,,,,,,,,0,,,,,
375,5000001380,2017,1,1,0,0,0,101,,CONGOCRYSTAL,MI00,RM00,,,,,,125102,,,0,0,,S,USD,68000.00,0,68000.00,,0,,428,G,428,G,428,G,4500000400,10,,,0,,,0,X,,,,,,NA00,BI00,,NAIS1000,,,,,,,,,2017,,,US00,,0,,0,0,0,,0,2,,,,,,,,,B,V,,,0,,,,,0,0,0,,,,,0,,0,0,0,,,,,0,,,,0,0,0,,,720000,8,G,,,0,0,,0,,0,0,,,,,CONGOCRYSTAL,,ME02,WE06,X,X,100,"20,000,000.00",S,,,0,,,0,,,,1,0,,,,,,,,,0,,,,,,,,,F,,,0,,WE,2/20/17,2/20/17,3:05:24 PM,GBI-024,,MIGO_GR,,0,,,,,,,12:00:00 AM,,,,,,,,,,,0,,,,,
375,5000001381,2017,1,1,0,0,0,101,,CONGOCRYSTAL,MI00,RM00,,,,,,125102,,,0,0,,S,USD,16400.00,0,16400.00,,0,,158,G,158,G,158,G,4500000401,10,,,0,,,0,X,,,,,,NA00,BI00,,NAIS1000,,,,,,,,,2017,,,US00,,0,,0,0,0,,0,2,,,,,,,,,B,V,,,0,,,,,0,0,0,,,,,0,,0,0,0,,,,,0,,,,0,0,0,,,720000,2,G,,,0,0,,0,,0,0,,,,,CONGOCRYSTAL,,ME02,WE06,X,X,100,"20,000,000.00",S,,,0,,,0,,,,1,0,,,,,,,,,0,,,,,,,,,F,,,0,,WE,2/20/17,2/20/17,3:05:54 PM,GBI-024,,MIGO_GR,,0,,,,,,,12:00:00 AM,,,,,,,,,,,0,,,,,
375,5000001382,2017,1,1,0,0,0,101,,ANGOLAN AMETHYST,MI00,RM00,,,,,,125096,,,0,0,,S,USD,297000.00,0,297000.00,,0,,641,G,641,G,641,G,4500000403,10,,,0,,,0,X,,,,,,NA00,BI00,,NAIS1000,,,,,,,,,2017,,,US00,,0,,0,0,0,,0,2,,,,,,,,,B,V,,,0,,,,,0,0,0,,,,,0,,0,0,0,,,,,0,,,,0,0,0,,,720000,6,G,,,0,0,,0,,0,0,,,,,ANGOLAN AMETHYST,,ME02,WE06,X,X,100,"5,000,000.00",S,,,0,,,0,,,,1,0,,,,,,,,,0,,,,,,,,,F,,,0,,WE,2/20/17,2/20/17,3:06:47 PM,GBI-024,,MIGO_GR,,0,,,,,,,12:00:00 AM,,,,,,,,,,,0,,,,,
375,5000001383,2017,1,1,0,0,0,101,,ANGOLAN AMETHYST,MI00,RM00,,,,,,125096,,,0,0,,S,USD,672750.00,0,672750.00,,0,,728,G,728,G,728,G,4500000405,10,,,0,,,0,X,,,,,,NA00,BI00,,NAIS1000,,,,,,,,,2017,,,US00,,0,,0,0,0,,0,2,,,,,,,,,B,V,,,0,,,,,0,0,0,,,,,0,,0,0,0,,,,,0,,,,0,0,0,,,720000,13,G,,,0,0,,0,,0,0,,,,,ANGOLAN AMETHYST,,ME02,WE06,X,X,100,"5,000,000.00",S,,,0,,,0,,,,1,0,,,,,,,,,0,,,,,,,,,F,,,0,,WE,2/20/17,2/20/17,3:07:22 PM,GBI-024,,MIGO_GR,,0,,,,,,,12:00:00 AM,,,,,,,,,,,0,,,,,
375,5000001384,2017,1,1,0,0,0,101,,ANGOLAN AMETHYST,MI00,RM00,,,,,,125096,,,0,0,,S,USD,162000.00,0,162000.00,,0,,120,G,120,G,120,G,4500000404,10,,,0,,,0,X,,,,,,NA00,BI00,,NAIS1000,,,,,,,,,2017,,,US00,,0,,0,0,0,,0,2,,,,,,,,,B,V,,,0,,,,,0,0,0,,,,,0,,0,0,0,,,,,0,,,,0,0,0,,,720000,3,G,,,0,0,,0,,0,0,,,,,ANGOLAN AMETHYST,,ME02,WE06,X,X,100,"5,000,000.00",S,,,0,,,0,,,,1,0,,,,,,,,,0,,,,,,,,,F,,,0,,WE,2/20/17,2/20/17,3:09:07 PM,GBI-024,,MIGO_GR,,0,,,,,,,12:00:00 AM,,,,,,,,,,,0,,,,,
375,5000001385,2017,1,1,0,0,0,101,,ANGOLAN AMETHYST,MI00,RM00,,,,,,125096,,,0,0,,S,USD,426000.00,0,426000.00,,0,,220,G,220,G,220,G,4500000407,10,,,0,,,0,X,,,,,,NA00,BI00,,NAIS1000,,,,,,,,,2017,,,US00,,0,,0,0,0,,0,2,,,,,,,,,B,V,,,0,,,,,0,0,0,,,,,0,,0,0,0,,,,,0,,,,0,0,0,,,720000,8,G,,,0,0,,0,,0,0,,,,,ANGOLAN AMETHYST,,ME02,WE06,X,X,100,"5,000,000.00",S,,,0,,,0,,,,1,0,,,,,,,,,0,,,,,,,,,F,,,0,,WE,2/20/17,2/20/17,3:10:16 PM,GBI-024,,MIGO_GR,,0,,,,,,,12:00:00 AM,,,,,,,,,,,0,,,,,
375,5000001386,2017,1,1,0,0,0,101,,ANGOLAN AMETHYST,MI00,RM00,,,,,,125096,,,0,0,,S,USD,221250.00,0,221250.00,,0,,471,G,471,G,471,G,4500000408,10,,,0,,,0,X,,,,,,NA00,BI00,,NAIS1000,,,,,,,,,2017,,,US00,,0,,0,0,0,,0,2,,,,,,,,,B,V,,,0,,,,,0,0,0,,,,,0,,0,0,0,,,,,0,,,,0,0,0,,,720000,5,G,,,0,0,,0,,0,0,,,,,ANGOLAN AMETHYST,,ME02,WE06,X,X,100,"5,000,000.00",S,,,0,,,0,,,,1,0,,,,,,,,,0,,,,,,,,,F,,,0,,WE,2/20/17,2/20/17,3:10:47 PM,GBI-024,,MIGO_GR,,0,,,,,,,12:00:00 AM,,,,,,,,,,,0,,,,,
375,5000001387,2017,1,1,0,0,0,101,,SA SAPPHIRE,MI00,RM00,,,,,,125100,,,0,0,,S,USD,160000.00,0,160000.00,,0,,647,G,647,G,647,G,4500000410,10,,,0,,,0,X,,,,,,NA00,BI00,,NAIS1000,,,,,,,,,2017,,,US00,,0,,0,0,0,,0,2,,,,,,,,,B,V,,,0,,,,,0,0,0,,,,,0,,0,0,0,,,,,0,,,,0,0,0,,,720000,12,G,,,0,0,,0,,0,0,,,,,SA SAPPHIRE,,ME02,WE06,X,X,110,"11,000,000.00",S,,,0,,,0,,,,1,0,,,,,,,,,0,,,,,,,,,F,,,0,,WE,2/20/17,2/20/17,3:12:44 PM,GBI-024,,MIGO_GR,,0,,,,,,,12:00:00 AM,,,,,,,,,,,0,,,,,
375,5000001388,2017,1,1,0,0,0,101,,SA SAPPHIRE,MI00,RM00,,,,,,125100,,,0,0,,S,USD,79302.14,0,79302.14,,0,,748,G,748,G,748,G,4500000406,10,,,0,,,0,X,,,,,,NA00,BI00,,NAIS1000,,,,,,,,,2017,,,US00,,0,,0,0,0,,0,2,,,,,,,,,B,V,,,0,,,,,0,0,0,,,,,0,,0,0,0,,,,,0,,,,0,0,0,,,720000,6,G,,,0,0,,0,,0,0,,,,,SA SAPPHIRE,,ME02,WE06,X,X,110,"11,000,000.00",S,,,0,,,0,,,,1,0,,,,,,,,,0,,,,,,,,,F,,,0,,WE,2/20/17,2/20/17,3:13:30 PM,GBI-024,,MIGO_GR,,0,,,,,,,12:00:00 AM,,,,,,,,,,,0,,,,,
375,5000001389,2017,1,1,0,0,0,101,,SA SAPPHIRE,MI00,RM00,,,,,,125100,,,0,0,,S,USD,93959.73,0,93959.73,,0,,120,G,120,G,120,G,4500000409,10,,,0,,,0,X,,,,,,NA00,BI00,,NAIS1000,,,,,,,,,2017,,,US00,,0,,0,0,0,,0,2,,,,,,,,,B,V,,,0,,,,,0,0,0,,,,,0,,0,0,0,,,,,0,,,,0,0,0,,,720000,7,G,,,0,0,,0,,0,0,,,,,SA SAPPHIRE,,ME02,WE06,X,X,110,"11,000,000.00",S,,,0,,,0,,,,1,0,,,,,,,,,0,,,,,,,,,F,,,0,,WE,2/20/17,2/20/17,3:13:57 PM,GBI-024,,MIGO_GR,,0,,,,,,,12:00:00 AM,,,,,,,,,,,0,,,,,
375,5000001390,2017,1,1,0,0,0,101,,SA SAPPHIRE,MI00,RM00,,,,,,125100,,,0,0,,S,USD,121065.38,0,121065.38,,0,,365,G,365,G,365,G,4500000411,10,,,0,,,0,X,,,,,,NA00,BI00,,NAIS1000,,,,,,,,,2017,,,US00,,0,,0,0,0,,0,2,,,,,,,,,B,V,,,0,,,,,0,0,0,,,,,0,,0,0,0,,,,,0,,,,0,0,0,,,720000,9,G,,,0,0,,0,,0,0,,,,,SA SAPPHIRE,,ME02,WE06,X,X,110,"11,000,000.00",S,,,0,,,0,,,,1,0,,,,,,,,,0,,,,,,,,,F,,,0,,WE,2/20/17,2/20/17,3:16:16 PM,GBI-024,,MIGO_GR,,0,,,,,,,12:00:00 AM,,,,,,,,,,,0,,,,,
375,5000001391,2017,1,1,0,0,0,101,,SA SAPPHIRE,MI00,RM00,,,,,,125100,,,0,0,,S,USD,145264.38,0,145264.38,,0,,342,G,342,G,342,G,4500000412,10,,,0,,,0,X,,,,,,NA00,BI00,,NAIS1000,,,,,,,,,2017,,,US00,,0,,0,0,0,,0,2,,,,,,,,,B,V,,,0,,,,,0,0,0,,,,,0,,0,0,0,,,,,0,,,,0,0,0,,,720000,10,G,,,0,0,,0,,0,0,,,,,SA SAPPHIRE,,ME02,WE06,X,X,110,"11,000,000.00",S,,,0,,,0,,,,1,0,,,,,,,,,0,,,,,,,,,F,,,0,,WE,2/20/17,2/20/17,3:16:41 PM,GBI-024,,MIGO_GR,,0,,,,,,,12:00:00 AM,,,,,,,,,,,0,,,,,
375,5000001392,2017,1,1,0,0,0,101,,ZTESTHEXNT,MI00,RM00,,,,,,125130,,,0,0,,S,USD,12300.00,0,12800.00,,0,,5867,LB,5867,LB,5867,LB,4500000414,10,,,0,,,0,X,,,,,,NA00,,,,,,,,,,,,2017,,,US00,,0,,0,0,0,,0,2,,,,,,,,,B,,,,0,,,,,0,0,0,,,,,0,,0,0,0,,,,,0,,,,0,0,0,,,,"10,000",LB,,125130,0,0,,0,,0,0,,,,,ZTESTHEXNT-01,,ME01,WE01,X,X,0,0,S,,,0,,,0,,,,1,0,,,,,,,,,0,,,,,,,,,F,,,0,,WE,2/20/17,2/20/17,3:31:07 PM,GBI-035,,MIGO_GR,,0,,,,,,,12:00:00 AM,,,,,,,,,,,0,,,,,
375,5000001393,2017,1,1,0,0,0,101,,ZTESTHEXNT,MI00,RM00,,,,,,125105,,,0,0,,S,USD,12000.00,0,12000.00,,0,,17231,LB,17231,LB,17231,LB,4500000416,10,2017,1000000038,1,,,0,,,,,,,NA00,BI00,,NAIS1000,,,,,,,,,2017,,,US00,,0,,0,0,0,,0,2,,,,,,,,,B,V,,,0,,,,,0,0,0,,,,,0,,0,1,0,,,,,0,,,,0,0,0,,,770000,1,AU,,,0,0,,1,,0,0,,,,,,,ME02,WE06,,,0,0,,,,0,,,0,,,,1,0,,,,,,,,,0,,,,,,,,,F,,,0,,WE,2/20/17,2/20/17,4:05:01 PM,GBI-008,,ML81N,,0,,,,,,,12:00:00 AM,,,,,,,,,,,0,,,,,
375,5000001394,2017,1,1,0,0,0,101,,ZTESTHEXNT,MI00,RM00,,,,,,125129,,,0,0,,S,USD,80000.00,0,80000.00,,0,,5097,LB,5097,LB,5097,LB,4500000417,10,2017,1000000039,1,,,0,,,,,,,NA00,BI00,,NARD1000,,,,,,,,,2017,,,US00,,0,,0,0,0,,0,2,,,,,,,,,B,V,,,0,,,,,0,0,0,,,,,0,,0,1,0,,,,,0,,,,0,0,0,,,210000,1,AU,,,0,0,,1,,0,0,,,,,,,ME02,WE06,,,0,0,,,,0,,,0,,,,1,0,,,,,,,,,0,,,,,,,,,F,,,0,,WE,2/20/17,2/20/17,4:32:04 PM,GBI-038,,ML81N,,0,,,,,,,12:00:00 AM,,,,,,,,,,,0,,,,,
375,5000001395,2017,1,1,0,0,0,101,,ZTESTHEXNT,MI00,RM00,,,,,,125129,,,0,0,,S,USD,100000.00,0,100000.00,,0,,4019,LB,4019,LB,4019,LB,4500000424,10,2017,1000000042,1,,,0,,,,,,,NA00,BI00,,NAIS1000,,,,,,,,,2017,,,US00,,0,,0,0,0,,0,2,,,,,,,,,B,V,,,0,,,,,0,0,0,,,,,0,,0,1,0,,,,,0,,,,0,0,0,,,770000,1,AU,,,0,0,,1,,0,0,,,,,,,ME02,WE06,,,0,0,,,,0,,,0,,,,1,0,,,,,,,,,0,,,,,,,,,F,,,0,,WE,2/20/17,2/20/17,5:12:44 PM,GBI-038,,ML81N,,0,,,,,,,12:00:00 AM,,,,,,,,,,,0,,,,,
375,5000001396,2017,1,1,0,0,0,101,,ZTESTHEXNT,MI00,RM00,,,,,,125105,,,0,0,,S,USD,23000.00,0,23000.00,,0,,12922,LB,12922,LB,12922,LB,4500000425,10,2017,1000000044,1,,,0,,,,,,,NA00,BI00,,NAIS1000,,,,,,,,,2017,,,US00,,0,,0,0,0,,0,2,,,,,,,,,B,V,,,0,,,,,0,0,0,,,,,0,,0,1,0,,,,,0,,,,0,0,0,,,770000,1,AU,,,0,0,,1,,0,0,,,,,,,ME02,WE06,,,0,0,,,,0,,,0,,,,1,0,,,,,,,,,0,,,,,,,,,F,,,0,,WE,2/20/17,2/20/17,5:39:44 PM,GBI-012,,ML81N,,0,,,,,,,12:00:00 AM,,,,,,,,,,,0,,,,,
375,5000001397,2017,1,1,0,0,0,101,,ZTESTHEXNT,MI00,RM00,,,,,,125105,,,0,0,,S,USD,23000.00,0,23000.00,,0,,18287,LB,18287,LB,18287,LB,4500000426,10,2017,1000000045,1,,,0,,,,,,,NA00,BI00,,NAIS1000,,,,,,,,,2017,,,US00,,0,,0,0,0,,0,2,,,,,,,,,B,V,,,0,,,,,0,0,0,,,,,0,,0,1,0,,,,,0,,,,0,0,0,,,770000,1,AU,,,0,0,,1,,0,0,,,,,,,ME02,WE06,,,0,0,,,,0,,,0,,,,1,0,,,,,,,,,0,,,,,,,,,F,,,0,,WE,2/20/17,2/20/17,5:50:15 PM,GBI-012,,ML81N,,0,,,,,,,12:00:00 AM,,,,,,,,,,,0,,,,,
375,5000001398,2017,1,1,0,0,0,101,,ZTESTHEXNT,MI00,RM00,,,,,,125106,,,0,0,,S,USD,146250.00,0,146250.00,,0,,3413,LB,3413,LB,3413,LB,4500000452,10,2017,1000000046,1,,,0,,,,,,,NA00,BI00,,NAIS1000,,,,,,,,,2017,,,US00,,0,,0,0,0,,0,2,,,,,,,,,B,V,,,0,,,,,0,0,0,,,,,0,,0,1,0,,,,,0,,,,0,0,0,,,770000,1,AU,,,0,0,,1,,0,0,,,,,,,ME02,WE06,,,0,0,,,,0,,,0,,,,1,0,,,,,,,,,0,,,,,,,,,F,,,0,,WE,2/20/17,2/20/17,6:18:09 PM,GBI-008,,ML81N,,0,,,,,,,12:00:00 AM,,,,,,,,,,,0,,,,,
375,5000001399,2017,1,1,0,0,0,101,,ZTESTHEXNT,MI00,RM00,,,,,,125108,,,0,0,,S,USD,50000.00,0,50000.00,,0,,6958,LB,6958,LB,6958,LB,4500000453,10,2017,1000000047,1,,,0,,,,,,,NA00,BI00,,NAIS1000,,,,,,,,,2017,,,US00,,0,,0,0,0,,0,2,,,,,,,,,B,V,,,0,,,,,0,0,0,,,,,0,,0,1,0,,,,,0,,,,0,0,0,,,770000,1,AU,,,0,0,,1,,0,0,,,,,,,ME02,WE06,,,0,0,,,,0,,,0,,,,1,0,,,,,,,,,0,,,,,,,,,F,,,0,,WE,2/20/17,2/20/17,6:20:30 PM,GBI-034,,ML81N,,0,,,,,,,12:00:00 AM,,,,,,,,,,,0,,,,,
375,5000001400,2017,1,1,0,0,0,101,,BLUEPAINT,MI00,RM00,,,,,,125131,,,0,0,,S,USD,980.00,0,980.00,,0,,836,L,836,L,836,L,4500000427,10,,,0,,,0,,,,,,,NA00,,,,,,,,,,,,2017,,,US00,,0,,0,0,0,,0,2,,,,,,,,,B,,,,0,,,,,0,0,0,,,,,0,,0,0,0,,,,,0,,,,0,0,0,,,,98,L,,125131,0,0,,0,,0,0,,,,,BLUEPAINT,,ME01,WE01,X,X,0,0,S,,,0,,,0,,,,1,0,,,,,,,,,0,,,,,,,,,F,,,0,,WE,2/20/17,2/20/17,6:21:06 PM,GBI-045,,MIGO_GR,,0,,,,,,,12:00:00 AM,,,,,,,,,,,0,,,,,
375,5000001401,2017,1,1,0,0,0,101,,BLUEPAINT,MI00,RM00,,,,,,125135,,,0,0,,S,USD,1000.00,0,1000.00,,0,,892,L,892,L,892,L,4500000428,10,,,0,,,0,X,,,,,,NA00,,,,,,,,,,,,2017,,,US00,,0,,0,0,0,,0,2,,,,,,,,,B,,,,0,,,,,0,0,0,,,,,0,,0,0,0,,,,,0,,,,0,0,0,,,,100,L,,125135,0,0,,0,,0,0,,,,,BLUEPAINT,,ME01,WE01,X,X,98,980,S,,,0,,,0,,,,1,0,,,,,,,,,0,,,,,,,,,F,,,0,,WE,2/20/17,2/20/17,6:21:33 PM,GBI-054,,MIGO_GR,,0,,,,,,,12:00:00 AM,,,,,,,,,,,0,,,,,
375,5000001402,2017,1,1,0,0,0,101,,BLUEPAINT,MI00,RM00,,,,,,125132,,,0,0,,S,USD,970.00,0,970.00,,0,,646,L,646,L,646,L,4500000433,10,,,0,,,0,,,,,,,NA00,,,,,,,,,,,,2017,,,US00,,0,,0,0,0,,0,2,,,,,,,,,B,,,,0,,,,,0,0,0,,,,,0,,0,0,0,,,,,0,,,,0,0,0,,,,97,L,,125132,0,0,,0,,0,0,,,,,BLUEPAINT,,ME01,WE01,X,X,198,"1,980.00",S,,,0,,,0,,,,1,0,,,,,,,,,0,,,,,,,,,F,,,0,,WE,2/20/17,2/20/17,6:22:19 PM,GBI-053,,MIGO_GR,,0,,,,,,,12:00:00 AM,,,,,,,,,,,0,,,,,
375,5000001403,2017,1,1,0,0,0,101,,BLUEPAINT,MI00,RM00,,,,,,125135,,,0,0,,S,USD,1000.00,0,1000.00,,0,,806,L,806,L,806,L,4500000434,10,,,0,,,0,X,,,,,,NA00,,,,,,,,,,,,2017,,,US00,,0,,0,0,0,,0,2,,,,,,,,,B,,,,0,,,,,0,0,0,,,,,0,,0,0,0,,,,,0,,,,0,0,0,,,,100,L,,125135,0,0,,0,,0,0,,,,,BLUEPAINT,,ME01,WE01,X,X,295,"2,950.00",S,,,0,,,0,,,,1,0,,,,,,,,,0,,,,,,,,,F,,,0,,WE,2/20/17,2/20/17,6:24:28 PM,GBI-054,,MIGO_GR,,0,,,,,,,12:00:00 AM,,,,,,,,,,,0,,,,,
375,5000001404,2017,1,1,0,0,0,101,,BLUEPAINT,MI00,RM00,,,,,,125105,,,0,0,,S,USD,30000.00,0,30000.00,,0,,388,L,388,AU,388,L,4500000454,10,2017,1000000048,1,,,0,,,,,,,NA00,BI00,,NAIS1000,,,,,,,,,2017,,,US00,,0,,0,0,0,,0,2,,,,,,,,,B,V,,,0,,,,,0,0,0,,,,,0,,0,1,0,,,,,0,,,,0,0,0,,,770000,1,AU,,,0,0,,1,,0,0,,,,,,,ME02,WE06,,,0,0,,,,0,,,0,,,,1,0,,,,,,,,,0,,,,,,,,,F,,,0,,WE,2/20/17,2/20/17,6:26:05 PM,GBI-012,,ML81N,,0,,,,,,,12:00:00 AM,,,,,,,,,,,0,,,,,
375,5000001405,2017,1,1,0,0,0,101,,BLUEPAINT,MI00,RM00,,,,,,125106,,,0,0,,S,USD,191250.00,0,191250.00,,0,,397,L,397,AU,397,L,4500000455,10,2017,1000000049,1,,,0,,,,,,,NA00,BI00,,NAIS1000,,,,,,,,,2017,,,US00,,0,,0,0,0,,0,2,,,,,,,,,B,V,,,0,,,,,0,0,0,,,,,0,,0,1,0,,,,,0,,,,0,0,0,,,770000,1,AU,,,0,0,,1,,0,0,,,,,,,ME02,WE06,,,0,0,,,,0,,,0,,,,1,0,,,,,,,,,0,,,,,,,,,F,,,0,,WE,2/20/17,2/20/17,6:28:21 PM,GBI-008,,ML81N,,0,,,,,,,12:00:00 AM,,,,,,,,,,,0,,,,,
375,5000001406,2017,1,1,0,0,0,101,,BLUEPAINT,MI00,RM00,,,,,,125108,,,0,0,,S,USD,60000.00,0,60000.00,,0,,790,L,790,AU,790,L,4500000456,10,2017,1000000050,1,,,0,,,,,,,NA00,BI00,,NAIS1000,,,,,,,,,2017,,,US00,,0,,0,0,0,,0,2,,,,,,,,,B,V,,,0,,,,,0,0,0,,,,,0,,0,1,0,,,,,0,,,,0,0,0,,,770000,1,AU,,,0,0,,1,,0,0,,,,,,,ME02,WE06,,,0,0,,,,0,,,0,,,,1,0,,,,,,,,,0,,,,,,,,,F,,,0,,WE,2/20/17,2/20/17,6:30:55 PM,GBI-034,,ML81N,,0,,,,,,,12:00:00 AM,,,,,,,,,,,0,,,,,
375,5000001407,2017,1,1,0,0,0,101,,BLUEPAINT,MI00,RM00,,,,,,125106,,,0,0,,S,USD,71250.00,0,71250.00,,0,,709,L,709,AU,709,L,4500000458,10,2017,1000000052,1,,,0,,,,,,,NA00,BI00,,NAIS1000,,,,,,,,,2017,,,US00,,0,,0,0,0,,0,2,,,,,,,,,B,V,,,0,,,,,0,0,0,,,,,0,,0,1,0,,,,,0,,,,0,0,0,,,770000,1,AU,,,0,0,,1,,0,0,,,,,,,ME02,WE06,,,0,0,,,,0,,,0,,,,1,0,,,,,,,,,0,,,,,,,,,F,,,0,,WE,2/20/17,2/20/17,6:36:18 PM,GBI-008,,ML81N,,0,,,,,,,12:00:00 AM,,,,,,,,,,,0,,,,,
375,5000001408,2017,1,1,0,0,0,101,,BLUEPAINT,MI00,RM00,,,,,,125108,,,0,0,,S,USD,40000.00,0,40000.00,,0,,561,L,561,AU,561,L,4500000459,10,2017,1000000053,1,,,0,,,,,,,NA00,BI00,,NAIS1000,,,,,,,,,2017,,,US00,,0,,0,0,0,,0,2,,,,,,,,,B,V,,,0,,,,,0,0,0,,,,,0,,0,1,0,,,,,0,,,,0,0,0,,,770000,1,AU,,,0,0,,1,,0,0,,,,,,,ME02,WE06,,,0,0,,,,0,,,0,,,,1,0,,,,,,,,,0,,,,,,,,,F,,,0,,WE,2/20/17,2/20/17,6:37:59 PM,GBI-034,,ML81N,,0,,,,,,,12:00:00 AM,,,,,,,,,,,0,,,,,
375,5000001409,2017,1,1,0,0,0,101,,BLUEPAINT,MI00,RM00,,,,,,125105,,,0,0,,S,USD,10000.00,0,10000.00,,0,,1033,L,1033,AU,1033,L,4500000457,10,2017,1000000051,1,,,0,,,,,,,NA00,BI00,,NAIS1000,,,,,,,,,2017,,,US00,,0,,0,0,0,,0,2,,,,,,,,,B,V,,,0,,,,,0,0,0,,,,,0,,0,1,0,,,,,0,,,,0,0,0,,,770000,1,AU,,,0,0,,1,,0,0,,,,,,,ME02,WE06,,,0,0,,,,0,,,0,,,,1,0,,,,,,,,,0,,,,,,,,,F,,,0,,WE,2/20/17,2/20/17,6:43:06 PM,GBI-012,,ML81N,,0,,,,,,,12:00:00 AM,,,,,,,,,,,0,,,,,
375,5000001410,2017,1,1,0,0,0,101,,BLUEPAINT,MI00,RM00,,,,,,125106,,,0,0,,S,USD,56250.00,0,56250.00,,0,,416,L,416,AU,416,L,4500000460,10,2017,1000000055,1,,,0,,,,,,,NA00,BI00,,NAIS1000,,,,,,,,,2017,,,US00,,0,,0,0,0,,0,2,,,,,,,,,B,V,,,0,,,,,0,0,0,,,,,0,,0,1,0,,,,,0,,,,0,0,0,,,770000,1,AU,,,0,0,,1,,0,0,,,,,,,ME02,WE06,,,0,0,,,,0,,,0,,,,1,0,,,,,,,,,0,,,,,,,,,F,,,0,,WE,2/20/17,2/20/17,6:44:01 PM,GBI-008,,ML81N,,0,,,,,,,12:00:00 AM,,,,,,,,,,,0,,,,,
375,5000001411,2017,1,1,0,0,0,101,,BLUEPAINT,MI00,RM00,,,,,,125108,,,0,0,,S,USD,144000.00,0,144000.00,,0,,97,L,97,AU,97,L,4500000461,10,2017,1000000056,1,,,0,,,,,,,NA00,BI00,,NAIS1000,,,,,,,,,2017,,,US00,,0,,0,0,0,,0,2,,,,,,,,,B,V,,,0,,,,,0,0,0,,,,,0,,0,1,0,,,,,0,,,,0,0,0,,,770000,1,AU,,,0,0,,1,,0,0,,,,,,,ME02,WE06,,,0,0,,,,0,,,0,,,,1,0,,,,,,,,,0,,,,,,,,,F,,,0,,WE,2/20/17,2/20/17,6:44:58 PM,GBI-034,,ML81N,,0,,,,,,,12:00:00 AM,,,,,,,,,,,0,,,,,
375,5000001412,2017,1,1,0,0,0,101,,BLUEPAINT,MI00,RM00,,,,,,125106,,,0,0,,S,USD,60000.00,0,60000.00,,0,,370,L,370,AU,370,L,4500000462,10,2017,1000000058,1,,,0,,,,,,,NA00,BI00,,NAIS1000,,,,,,,,,2017,,,US00,,0,,0,0,0,,0,2,,,,,,,,,B,V,,,0,,,,,0,0,0,,,,,0,,0,1,0,,,,,0,,,,0,0,0,,,770000,1,AU,,,0,0,,1,,0,0,,,,,,,ME02,WE06,,,0,0,,,,0,,,0,,,,1,0,,,,,,,,,0,,,,,,,,,F,,,0,,WE,2/20/17,2/20/17,6:48:27 PM,GBI-008,,ML81N,,0,,,,,,,12:00:00 AM,,,,,,,,,,,0,,,,,
375,5000001413,2017,1,1,0,0,0,101,,BLUEPAINT,MI00,RM00,,,,,,125108,,,0,0,,S,USD,96000.00,0,96000.00,,0,,375,L,375,AU,375,L,4500000463,10,2017,1000000059,1,,,0,,,,,,,NA00,BI00,,NAIS1000,,,,,,,,,2017,,,US00,,0,,0,0,0,,0,2,,,,,,,,,B,V,,,0,,,,,0,0,0,,,,,0,,0,1,0,,,,,0,,,,0,0,0,,,770000,1,AU,,,0,0,,1,,0,0,,,,,,,ME02,WE06,,,0,0,,,,0,,,0,,,,1,0,,,,,,,,,0,,,,,,,,,F,,,0,,WE,2/20/17,2/20/17,6:52:03 PM,GBI-034,,ML81N,,0,,,,,,,12:00:00 AM,,,,,,,,,,,0,,,,,
375,5000001414,2017,1,3,0,0,0,101,,BLUEPAINT,MI00,RM00,,,,,,125136,,,0,0,,S,USD,1040.00,0,1040.00,,0,,842,L,842,L,842,L,4500000451,10,,,0,,,0,X,,,,,,NA00,,,,,,,,,,,,2017,,,US00,,0,,0,0,0,,0,2,,,,,,,,,B,,,,0,,,,,0,0,0,,,,,0,,0,0,0,,,,,0,,,,0,0,0,,,,104,L,,125136,0,0,,0,,0,0,,,,,BLUEPAINT,,ME01,WE01,X,X,395,"3,950.00",S,,,0,,,0,,,,1,0,,,,,,,,,0,,,,,,,,,F,,,0,,WE,2/20/17,2/20/17,6:54:04 PM,GBI-009,,MIGO_GR,,0,,,,,,,12:00:00 AM,,,,,,,,,,,0,,,,,
375,5000001415,2017,1,1,0,0,0,101,,BLUEPAINT,MI00,RM00,,,,,,125133,,,0,0,,S,USD,1010.00,0,1010.00,,0,,32,L,32,L,32,L,4500000430,10,,,0,,,0,X,,,,,,NA00,,,,,,,,,,,,2017,,,US00,,0,,0,0,0,,0,2,,,,,,,,,B,,,,0,,,,,0,0,0,,,,,0,,0,0,0,,,,,0,,,,0,0,0,,,,101,L,,125133,0,0,,0,,0,0,,,,,BLUEPAINT,,ME01,WE01,X,X,499,"4,990.00",S,,,0,,,0,,,,1,0,,,,,,,,,0,,,,,,,,,F,,,0,,WE,2/20/17,2/20/17,6:54:30 PM,GBI-044,,MIGO_GR,,0,,,,,,,12:00:00 AM,,,,,,,,,,,0,,,,,
375,5000001416,2017,1,1,0,0,0,101,,BLUEPAINT,MI00,RM00,,,,,,125136,,,0,0,,S,USD,980.00,0,980.00,,0,,461,L,461,L,461,L,4500000450,10,,,0,,,0,X,,,,,,NA00,,,,,,,,,,,,2017,,,US00,,0,,0,0,0,,0,2,,,,,,,,,B,,,,0,,,,,0,0,0,,,,,0,,0,0,0,,,,,0,,,,0,0,0,,,,98,L,,125136,0,0,,0,,0,0,,,,,BLUEPAINT,,ME01,WE01,X,X,600,"6,000.00",S,,,0,,,0,,,,1,0,,,,,,,,,0,,,,,,,,,F,,,0,,WE,2/20/17,2/20/17,6:55:16 PM,GBI-009,,MIGO_GR,,0,,,,,,,12:00:00 AM,,,,,,,,,,,0,,,,,
375,5000001417,2017,1,1,0,0,0,101,,BLUEPAINT,MI00,RM00,,,,,,125132,,,0,0,,S,USD,980.00,0,980.00,,0,,319,L,319,L,319,L,4500000448,10,,,0,,,0,X,,,,,,NA00,,,,,,,,,,,,2017,,,US00,,0,,0,0,0,,0,2,,,,,,,,,B,,,,0,,,,,0,0,0,,,,,0,,0,0,0,,,,,0,,,,0,0,0,,,,98,L,,125132,0,0,,0,,0,0,,,,,BLUEPAINT,,ME01,WE01,X,X,698,"6,980.00",S,,,0,,,0,,,,1,0,,,,,,,,,0,,,,,,,,,F,,,0,,WE,2/20/17,2/20/17,6:55:46 PM,GBI-053,,MIGO_GR,,0,,,,,,,12:00:00 AM,,,,,,,,,,,0,,,,,
375,5000001418,2017,1,1,0,0,0,101,,BLUEPAINT,MI00,RM00,,,,,,125136,,,0,0,,S,USD,990.00,0,990.00,,0,,213,L,213,L,213,L,4500000449,10,,,0,,,0,X,,,,,,NA00,,,,,,,,,,,,2017,,,US00,,0,,0,0,0,,0,2,,,,,,,,,B,,,,0,,,,,0,0,0,,,,,0,,0,0,0,,,,,0,,,,0,0,0,,,,99,L,,125136,0,0,,0,,0,0,,,,,BLUEPAINT,,ME01,WE01,X,X,796,"7,960.00",S,,,0,,,0,,,,1,0,,,,,,,,,0,,,,,,,,,F,,,0,,WE,2/20/17,2/20/17,6:55:52 PM,GBI-009,,MIGO_GR,,0,,,,,,,12:00:00 AM,,,,,,,,,,,0,,,,,
375,5000001419,2017,1,1,0,0,0,101,,BLUEPAINT,MI00,RM00,,,,,,125133,,,0,0,,S,USD,1000.00,0,1000.00,,0,,3,L,3,L,3,L,4500000435,10,,,0,,,0,X,,,,,,NA00,,,,,,,,,,,,2017,,,US00,,0,,0,0,0,,0,2,,,,,,,,,B,,,,0,,,,,0,0,0,,,,,0,,0,0,0,,,,,0,,,,0,0,0,,,,100,L,,125133,0,0,,0,,0,0,,,,,BLUEPAINT,,ME01,WE01,X,X,895,"8,950.00",S,,,0,,,0,,,,1,0,,,,,,,,,0,,,,,,,,,F,,,0,,WE,2/20/17,2/20/17,6:56:09 PM,GBI-044,,MIGO_GR,,0,,,,,,,12:00:00 AM,,,,,,,,,,,0,,,,,
375,5000001420,2017,1,1,0,0,0,101,,BLUEPAINT,MI00,RM00,,,,,,125132,,,0,0,,S,USD,950.00,0,950.00,,0,,1086,L,1086,L,1086,L,4500000445,10,,,0,,,0,X,,,,,,NA00,,,,,,,,,,,,2017,,,US00,,0,,0,0,0,,0,2,,,,,,,,,B,,,,0,,,,,0,0,0,,,,,0,,0,0,0,,,,,0,,,,0,0,0,,,,95,L,,125132,0,0,,0,,0,0,,,,,BLUEPAINT,,ME01,WE01,X,X,995,"9,950.00",S,,,0,,,0,,,,1,0,,,,,,,,,0,,,,,,,,,F,,,0,,WE,2/20/17,2/20/17,6:56:29 PM,GBI-053,,MIGO_GR,,0,,,,,,,12:00:00 AM,,,,,,,,,,,0,,,,,
375,5000001421,2017,1,1,0,0,0,101,,BLUEPAINT,MI00,RM00,,,,,,125136,,,0,0,,S,USD,1010.00,0,1010.00,,0,,391,L,391,L,391,L,4500000438,10,,,0,,,0,X,,,,,,NA00,,,,,,,,,,,,2017,,,US00,,0,,0,0,0,,0,2,,,,,,,,,B,,,,0,,,,,0,0,0,,,,,0,,0,0,0,,,,,0,,,,0,0,0,,,,101,L,,125136,0,0,,0,,0,0,,,,,BLUEPAINT,,ME01,WE01,X,X,"1,090","10,900.00",S,,,0,,,0,,,,1,0,,,,,,,,,0,,,,,,,,,F,,,0,,WE,2/20/17,2/20/17,6:56:38 PM,GBI-009,,MIGO_GR,,0,,,,,,,12:00:00 AM,,,,,,,,,,,0,,,,,
375,5000001422,2017,1,1,0,0,0,101,,BLUEPAINT,MI00,RM00,,,,,,125135,,,0,0,,S,USD,1040.00,0,1040.00,,0,,35,L,35,L,35,L,4500000437,10,,,0,,,0,X,,,,,,NA00,,,,,,,,,,,,2017,,,US00,,0,,0,0,0,,0,2,,,,,,,,,B,,,,0,,,,,0,0,0,,,,,0,,0,0,0,,,,,0,,,,0,0,0,,,,104,L,,125135,0,0,,0,,0,0,,,,,BLUEPAINT,,ME01,WE01,X,X,"1,191","11,910.00",S,,,0,,,0,,,,1,0,,,,,,,,,0,,,,,,,,,F,,,0,,WE,2/20/17,2/20/17,6:57:04 PM,GBI-054,,MIGO_GR,,0,,,,,,,12:00:00 AM,,,,,,,,,,,0,,,,,
375,5000001423,2017,1,1,0,0,0,101,,BLUEPAINT,MI00,RM00,,,,,,125132,,,0,0,,S,USD,990.00,0,990.00,,0,,483,L,483,L,483,L,4500000442,10,,,0,,,0,X,,,,,,NA00,,,,,,,,,,,,2017,,,US00,,0,,0,0,0,,0,2,,,,,,,,,B,,,,0,,,,,0,0,0,,,,,0,,0,0,0,,,,,0,,,,0,0,0,,,,99,L,,125132,0,0,,0,,0,0,,,,,BLUEPAINT,,ME01,WE01,X,X,"1,295","12,950.00",S,,,0,,,0,,,,1,0,,,,,,,,,0,,,,,,,,,F,,,0,,WE,2/20/17,2/20/17,6:57:04 PM,GBI-053,,MIGO_GR,,0,,,,,,,12:00:00 AM,,,,,,,,,,,0,,,,,
375,5000001424,2017,1,1,0,0,0,101,,BLUEPAINT,MI00,RM00,,,,,,125133,,,0,0,,S,USD,990.00,0,990.00,,0,,86,L,86,L,86,L,4500000439,10,,,0,,,0,X,,,,,,NA00,,,,,,,,,,,,2017,,,US00,,0,,0,0,0,,0,2,,,,,,,,,B,,,,0,,,,,0,0,0,,,,,0,,0,0,0,,,,,0,,,,0,0,0,,,,99,L,,125133,0,0,,0,,0,0,,,,,BLUEPAINT,,ME01,WE01,X,X,"1,394","13,940.00",S,,,0,,,0,,,,1,0,,,,,,,,,0,,,,,,,,,F,,,0,,WE,2/20/17,2/20/17,6:57:07 PM,GBI-044,,MIGO_GR,,0,,,,,,,12:00:00 AM,,,,,,,,,,,0,,,,,
375,5000001425,2017,1,1,0,0,0,101,,BLUEPAINT,MI00,RM00,,,,,,125136,,,0,0,,S,USD,980.00,0,980.00,,0,,83,L,83,L,83,L,4500000431,10,,,0,,,0,X,,,,,,NA00,,,,,,,,,,,,2017,,,US00,,0,,0,0,0,,0,2,,,,,,,,,B,,,,0,,,,,0,0,0,,,,,0,,0,0,0,,,,,0,,,,0,0,0,,,,98,L,,125136,0,0,,0,,0,0,,,,,BLUEPAINT,,ME01,WE01,X,X,"1,493","14,930.00",S,,,0,,,0,,,,1,0,,,,,,,,,0,,,,,,,,,F,,,0,,WE,2/20/17,2/20/17,6:57:34 PM,GBI-009,,MIGO_GR,,0,,,,,,,12:00:00 AM,,,,,,,,,,,0,,,,,
375,5000001426,2017,1,1,0,0,0,101,,BLUEPAINT,MI00,RM00,,,,,,125132,,,0,0,,S,USD,960.00,0,960.00,,0,,846,L,846,L,846,L,4500000429,10,,,0,,,0,X,,,,,,NA00,,,,,,,,,,,,2017,,,US00,,0,,0,0,0,,0,2,,,,,,,,,B,,,,0,,,,,0,0,0,,,,,0,,0,0,0,,,,,0,,,,0,0,0,,,,96,L,,125132,0,0,,0,,0,0,,,,,BLUEPAINT,,ME01,WE01,X,X,"1,591","15,910.00",S,,,0,,,0,,,,1,0,,,,,,,,,0,,,,,,,,,F,,,0,,WE,2/20/17,2/20/17,6:57:51 PM,GBI-053,,MIGO_GR,,0,,,,,,,12:00:00 AM,,,,,,,,,,,0,,,,,
375,5000001427,2017,1,1,0,0,0,101,,BLUEPAINT,MI00,RM00,,,,,,125133,,,0,0,,S,USD,1020.00,0,1020.00,,0,,500,L,500,L,500,L,4500000446,10,,,0,,,0,X,,,,,,NA00,,,,,,,,,,,,2017,,,US00,,0,,0,0,0,,0,2,,,,,,,,,B,,,,0,,,,,0,0,0,,,,,0,,0,0,0,,,,,0,,,,0,0,0,,,,102,L,,125133,0,0,,0,,0,0,,,,,BLUEPAINT,,ME01,WE01,X,X,"1,687","16,870.00",S,,,0,,,0,,,,1,0,,,,,,,,,0,,,,,,,,,F,,,0,,WE,2/20/17,2/20/17,6:58:25 PM,GBI-044,,MIGO_GR,,0,,,,,,,12:00:00 AM,,,,,,,,,,,0,,,,,
375,5000001428,2017,1,1,0,0,0,101,,BLUEPAINT,MI00,RM00,,,,,,125135,,,0,0,,S,USD,970.00,0,970.00,,0,,912,L,912,L,912,L,4500000441,10,,,0,,,0,X,,,,,,NA00,,,,,,,,,,,,2017,,,US00,,0,,0,0,0,,0,2,,,,,,,,,B,,,,0,,,,,0,0,0,,,,,0,,0,0,0,,,,,0,,,,0,0,0,,,,97,L,,125135,0,0,,0,,0,0,,,,,BLUEPAINT,,ME01,WE01,X,X,"1,789","17,890.00",S,,,0,,,0,,,,1,0,,,,,,,,,0,,,,,,,,,F,,,0,,WE,2/20/17,2/20/17,6:58:29 PM,GBI-054,,MIGO_GR,,0,,,,,,,12:00:00 AM,,,,,,,,,,,0,,,,,
375,5000001429,2017,1,1,0,0,0,101,,BLUEPAINT,MI00,RM00,,,,,,125135,,,0,0,,S,USD,990.00,0,990.00,,0,,1030,L,1030,L,1030,L,4500000444,10,,,0,,,0,X,,,,,,NA00,,,,,,,,,,,,2017,,,US00,,0,,0,0,0,,0,2,,,,,,,,,B,,,,0,,,,,0,0,0,,,,,0,,0,0,0,,,,,0,,,,0,0,0,,,,99,L,,125135,0,0,,0,,0,0,,,,,BLUEPAINT,,ME01,WE01,X,X,"1,886","18,860.00",S,,,0,,,0,,,,1,0,,,,,,,,,0,,,,,,,,,F,,,0,,WE,2/20/17,2/20/17,6:59:25 PM,GBI-054,,MIGO_GR,,0,,,,,,,12:00:00 AM,,,,,,,,,,,0,,,,,
375,5000001430,2017,1,1,0,0,0,101,,BLUEPAINT,MI00,RM00,,,,,,125133,,,0,0,,S,USD,980.00,0,980.00,,0,,337,L,337,L,337,L,4500000447,10,,,0,,,0,X,,,,,,NA00,,,,,,,,,,,,2017,,,US00,,0,,0,0,0,,0,2,,,,,,,,,B,,,,0,,,,,0,0,0,,,,,0,,0,0,0,,,,,0,,,,0,0,0,,,,98,L,,125133,0,0,,0,,0,0,,,,,BLUEPAINT,,ME01,WE01,X,X,"1,985","19,850.00",S,,,0,,,0,,,,1,0,,,,,,,,,0,,,,,,,,,F,,,0,,WE,2/20/17,2/20/17,6:59:42 PM,GBI-044,,MIGO_GR,,0,,,,,,,12:00:00 AM,,,,,,,,,,,0,,,,,
375,5000001431,2017,1,1,0,0,0,101,,BLUEPAINT,MI00,RM00,,,,,,125105,,,0,0,,S,USD,62500.00,0,62500.00,,0,,800,L,800,L,800,L,4500000464,10,2017,1000000060,1,,,0,,,,,,,NA00,BI00,,NAIS1000,,,,,,,,,2017,,,US00,,0,,0,0,0,,0,2,,,,,,,,,B,V,,,0,,,,,0,0,0,,,,,0,,0,1,0,,,,,0,,,,0,0,0,,,770000,1,AU,,,0,0,,1,,0,0,,,,,,,ME02,WE06,,,0,0,,,,0,,,0,,,,1,0,,,,,,,,,0,,,,,,,,,F,,,0,,WE,2/20/17,2/20/17,7:37:42 PM,GBI-034,,ML81N,,0,,,,,,,12:00:00 AM,,,,,,,,,,,0,,,,,
375,5000001432,2017,1,1,0,0,0,101,,BLUEPAINT,MI00,RM00,,,,,,125107,,,0,0,,S,USD,111000.00,0,111000.00,,0,,1014,L,1014,L,1014,L,4500000465,10,2017,1000000062,1,,,0,,,,,,,NA00,BI00,,NAIS1000,,,,,,,,,2017,,,US00,,0,,0,0,0,,0,2,,,,,,,,,B,V,,,0,,,,,0,0,0,,,,,0,,0,1,0,,,,,0,,,,0,0,0,,,770000,1,AU,,,0,0,,1,,0,0,,,,,,,ME02,WE06,,,0,0,,,,0,,,0,,,,1,0,,,,,,,,,0,,,,,,,,,F,,,0,,WE,2/20/17,2/20/17,7:54:29 PM,GBI-049,,ML81N,,0,,,,,,,12:00:00 AM,,,,,,,,,,,0,,,,,
375,5000001433,2017,1,1,0,0,0,101,,BLUEPAINT,MI00,RM00,,,,,,125107,,,0,0,,S,USD,74750.00,0,74750.00,,0,,422,L,422,L,422,L,4500000466,10,2017,1000000061,1,,,0,,,,,,,NA00,BI00,,NAIS1000,,,,,,,,,2017,,,US00,,0,,0,0,0,,0,2,,,,,,,,,B,V,,,0,,,,,0,0,0,,,,,0,,0,1,0,,,,,0,,,,0,0,0,,,770000,1,AU,,,0,0,,1,,0,0,,,,,,,ME02,WE06,,,0,0,,,,0,,,0,,,,1,0,,,,,,,,,0,,,,,,,,,F,,,0,,WE,2/20/17,2/20/17,7:55:08 PM,GBI-034,,ML81N,,0,,,,,,,12:00:00 AM,,,,,,,,,,,0,,,,,
375,5000001434,2017,1,1,0,0,0,101,,BLUEPAINT,MI00,RM00,,,,,,125107,,,0,0,,S,USD,48000.00,0,48000.00,,0,,346,L,346,L,346,L,4500000468,10,2017,1000000063,1,,,0,,,,,,,NA00,BI00,,NAIS1000,,,,,,,,,2017,,,US00,,0,,0,0,0,,0,2,,,,,,,,,B,V,,,0,,,,,0,0,0,,,,,0,,0,1,0,,,,,0,,,,0,0,0,,,770000,1,AU,,,0,0,,1,,0,0,,,,,,,ME02,WE06,,,0,0,,,,0,,,0,,,,1,0,,,,,,,,,0,,,,,,,,,F,,,0,,WE,2/20/17,2/20/17,8:22:37 PM,GBI-049,,ML81N,,0,,,,,,,12:00:00 AM,,,,,,,,,,,0,,,,,
375,5000001435,2017,1,1,0,0,0,101,,BLUEPAINT,MI00,RM00,,,,,,125107,,,0,0,,S,USD,66000.00,0,66000.00,,0,,875,L,875,L,875,L,4500000475,10,2017,1000000064,1,,,0,,,,,,,NA00,BI00,,NAIS1000,,,,,,,,,2017,,,US00,,0,,0,0,0,,0,2,,,,,,,,,B,V,,,0,,,,,0,0,0,,,,,0,,0,1,0,,,,,0,,,,0,0,0,,,770000,1,AU,,,0,0,,1,,0,0,,,,,,,ME02,WE06,,,0,0,,,,0,,,0,,,,1,0,,,,,,,,,0,,,,,,,,,F,,,0,,WE,2/20/17,2/20/17,8:33:50 PM,GBI-049,,ML81N,,0,,,,,,,12:00:00 AM,,,,,,,,,,,0,,,,,
375,5000001436,2017,1,1,0,0,0,101,,BLUEPAINT,MI00,RM00,,,,,,125107,,,0,0,,S,USD,87750.00,0,87750.00,,0,,919,L,919,L,919,L,4500000482,10,2017,1000000065,1,,,0,,,,,,,NA00,BI00,,NAIS1000,,,,,,,,,2017,,,US00,,0,,0,0,0,,0,2,,,,,,,,,B,V,,,0,,,,,0,0,0,,,,,0,,0,1,0,,,,,0,,,,0,0,0,,,770000,1,AU,,,0,0,,1,,0,0,,,,,,,ME02,WE06,,,0,0,,,,0,,,0,,,,1,0,,,,,,,,,0,,,,,,,,,F,,,0,,WE,2/20/17,2/20/17,8:46:38 PM,GBI-049,,ML81N,,0,,,,,,,12:00:00 AM,,,,,,,,,,,0,,,,,
375,5000001437,2017,1,1,0,0,0,101,,AAA LUBE,MI00,RM00,,,,,,125021,,,0,0,,S,USD,75000.00,0,75000.00,,0,,23,DR,23,DR,23,DR,4500000484,10,,,0,,,0,X,,,,,,NA00,,,,,,,,,,,,2017,,,US00,,0,,0,0,0,,0,2,,,,,,,,,B,,,,0,,,,,0,0,0,,,,,0,,0,0,0,,,,,0,,,,0,0,0,,,,5,DR,,125021,0,0,,0,,0,0,,,,,AAA LUBE,,ME01,WE01,X,X,0,0,S,,,0,,,0,,,,1,0,,,,,,,,,0,,,,,,,,,F,,,0,,WE,2/20/17,2/20/17,10:42:51 PM,GBI-041,,MIGO_GR,,0,,,,,,,12:00:00 AM,,,,,,,,,,,0,,,,,
375,5000001438,2017,1,1,0,0,0,101,,AAA LUBE,MI00,RM00,,,,,,125021,,,0,0,,S,USD,45000.00,0,45000.00,,0,,24,DR,24,DR,24,DR,4500000483,10,,,0,,,0,X,,,,,,NA00,,,,,,,,,,,,2017,,,US00,,0,,0,0,0,,0,2,,,,,,,,,B,,,,0,,,,,0,0,0,,,,,0,,0,0,0,,,,,0,,,,0,0,0,,,,3,DR,,125021,0,0,,0,,0,0,,,,,AAA LUBE,,ME01,WE01,X,X,5,"75,000.00",S,,,0,,,0,,,,1,0,,,,,,,,,0,,,,,,,,,F,,,0,,WE,2/20/17,2/20/17,10:43:23 PM,GBI-047,,MIGO_GR,,0,,,,,,,12:00:00 AM,,,,,,,,,,,0,,,,,
375,5000001439,2017,1,1,0,0,0,101,,AAA LUBE,MI00,RM00,,,,,,125021,,,0,0,,S,USD,90000.00,0,90000.00,,0,,22,DR,22,DR,22,DR,4500000467,10,,,0,,,0,X,,,,,,NA00,,,,,,,,,,,,2017,,,US00,,0,,0,0,0,,0,2,,,,,,,,,B,,,,0,,,,,0,0,0,,,,,0,,0,0,0,,,,,0,,,,0,0,0,,,,6,DR,,125021,0,0,,0,,0,0,,,,,AAA LUBE,,ME01,WE01,X,X,8,"120,000.00",S,,,0,,,0,,,,1,0,,,,,,,,,0,,,,,,,,,2,,,0,,WE,2/20/17,2/20/17,10:43:25 PM,GBI-052,,MIGO_GR,,0,,,,,,,12:00:00 AM,,,,,,,,,,,0,,,,,
375,5000001440,2017,1,1,0,0,0,101,,AAA LUBE,SC00,RM00,,,,,,125021,,,0,0,,S,USD,150000.00,0,150000.00,,0,,19,DR,19,DR,19,DR,4500000503,10,,,0,,,0,X,,,,,,NA00,,,,,,,,,,,,2017,,,US00,,0,,0,0,0,,0,2,,,,,,,,,B,,,,0,,,,,0,0,0,,,,,0,,0,0,0,,,,,0,,,,0,0,0,,,,10,DR,,125021,0,0,,0,,0,0,,,,,AAA LUBE,,ME01,WE01,X,X,153,"2,295,000.00",S,,,0,,,0,,,,1,0,,,,,,,,,0,,,,,,,,,F,,,0,,WE,2/23/17,2/23/17,2:48:38 PM,GBI-052,,MIGO_GR,,0,,,,,,,12:00:00 AM,,,,,,,,,,,0,,,,,
375,5000001441,2017,1,1,0,0,0,101,,KRYPTONITE,SC00,RM00,,,,,,125000,,,0,0,,S,USD,100000.00,0,106854.73,,0,,4867,LB,4867,LB,4867,LB,4500000002,10,,,0,,,0,X,,,,,,NA00,,,,,,,,,,,,2017,,,US00,,0,,0,0,0,,0,2,,,,,,,,,B,,,,0,,,,,0,0,0,,,,,0,,0,0,0,,,,,0,,,,0,0,0,,,,100,LB,,125000,0,0,,0,,0,0,,,,,KRYPTONITE,,ME01,WE01,X,X,0,0,S,,,0,,,0,,,,1,0,,,,,,,,,0,,,,,,,,,F,,,0,,WE,1/24/17,1/24/17,10:07:38 AM,GBI-085,,MIGO_GR,,0,,,,,,,12:00:00 AM,,,,,,,,,,,0,,,,,
375,5000001442,2017,1,1,0,0,0,101,,KRYPTONITE,SC00,RM00,,,,,,125000,,,0,0,,S,USD,100000.00,0,106855.00,,0,,6489,LB,6489,LB,6489,LB,4500000003,10,,,0,,,0,X,,,,,,NA00,,,,,,,,,,,,2017,,,US00,,0,,0,0,0,,0,2,,,,,,,,,B,,,,0,,,,,0,0,0,,,,,0,,0,0,0,,,,,0,,,,0,0,0,,,,100,LB,,125000,0,0,,0,,0,0,,,,,KRYPTONITE,,ME01,WE01,X,X,100,"100,000.00",S,,,0,,,0,,,,1,0,,,,,,,,,0,,,,,,,,,F,,,0,,WE,1/24/17,1/24/17,10:10:20 AM,GBI-085,,MIGO_GR,,0,,,,,,,12:00:00 AM,,,,,,,,,,,0,,,,,
375,5000001443,2017,1,1,0,0,0,101,,KRYPTONITE,SC00,RM00,,,,,,125000,,,0,0,,S,USD,200000.00,0,213710.00,,0,,3214,LB,3214,LB,3214,LB,4500000005,10,,,0,,,0,X,,,,,,NA00,,,,,,,,,,,,2017,,,US00,,0,,0,0,0,,0,2,,,,,,,,,B,,,,0,,,,,0,0,0,,,,,0,,0,0,0,,,,,0,,,,0,0,0,,,,200,LB,,125000,0,0,,0,,0,0,,,,,KRYPTONITE,,ME01,WE01,X,X,200,"200,000.00",S,,,0,,,0,,,,1,0,,,,,,,,,0,,,,,,,,,F,,,0,,WE,1/24/17,1/24/17,10:11:53 AM,GBI-085,,MIGO_GR,,0,,,,,,,12:00:00 AM,,,,,,,,,,,0,,,,,
375,5000001444,2017,1,1,0,0,0,101,,KRYPTONITE,SC00,RM00,,,,,,125000,,,0,0,,S,USD,1000000.00,0,1068550.00,,0,,14440,LB,14440,LB,14440,LB,4500000006,10,,,0,,,0,X,,,,,,NA00,,,,,,,,,,,,2017,,,US00,,0,,0,0,0,,0,2,,,,,,,,,B,,,,0,,,,,0,0,0,,,,,0,,0,0,0,,,,,0,,,,0,0,0,,,,"1,000",LB,,125000,0,0,,0,,0,0,,,,,KRYPTONITE,,ME01,WE01,X,X,400,"400,000.00",S,,,0,,,0,,,,1,0,,,,,,,,,0,,,,,,,,,F,,,0,,WE,1/24/17,1/24/17,10:30:26 AM,GBI-085,,MIGO_GR,,0,,,,,,,12:00:00 AM,,,,,,,,,,,0,,,,,
375,5000001445,2017,1,1,0,0,0,101,,ICAN HEADMASK,SC00,RM00,,,,,,125001,,,0,0,,S,USD,1000000.00,0,1399730.11,,0,,920,EA,920,EA,920,EA,4500000007,10,,,0,,,0,X,,,,,,NA00,,,,,,,,,,,,2017,,,US00,,0,,0,0,0,,0,2,,,,,,,,,B,,,,0,,,,,0,0,0,,,,,0,,0,0,0,,,,,0,,,,0,0,0,,,,"1,000",EA,,125001,0,0,,0,,0,0,,,,,ICAN HEADMASK,,ME01,WE01,X,X,0,0,S,,,0,,,0,,,,1,0,,,,,,,,,0,,,,,,,,,F,,,0,,WE,1/24/17,1/24/17,11:50:30 AM,GBI-085,,MIGO_GR,,0,,,,,,,12:00:00 AM,,,,,,,,,,,0,,,,,
375,5000001446,2017,1,1,0,0,0,101,,KRYPTONITE,SC00,RM00,,,,,,125000,,,0,0,,S,USD,100000.00,0,106855.00,,0,,3724,LB,3724,LB,3724,LB,4500000009,10,,,0,,,0,X,,,,,,NA00,,,,,,,,,,,,2017,,,US00,,0,,0,0,0,,0,2,,,,,,,,,B,,,,0,,,,,0,0,0,,,,,0,,0,0,0,,,,,0,,,,0,0,0,,,,100,LB,,125000,0,0,,0,,0,0,,,,,KRYPTONITE,,ME01,WE01,X,X,"1,400","1,400,000.00",S,,,0,,,0,,,,1,0,,,,,,,,,0,,,,,,,,,F,,,0,,WE,1/24/17,1/24/17,3:37:46 PM,GBIFAC-01,,MIGO_GR,,0,,,,,,,12:00:00 AM,,,,,,,,,,,0,,,,,
375,5000001447,2017,1,1,0,0,0,101,,BOLT1000,SC00,RM00,,,,,,125002,,,0,0,,S,USD,1050.00,0,1050.00,,0,,735,EA,735,EA,735,EA,4500000010,10,,,0,,,0,X,,,,,BI00,NA00,BI00,,,,,,,,,,,2017,,,US00,,0,,0,0,0,,0,2,,,,,,,,,B,,,,0,,,,,0,0,0,,,,,0,,0,0,0,,,,,0,,,,0,0,0,,,,10,EA,,125002,0,0,,0,,0,0,,,,,BOLT1000,,ME01,WE01,X,X,30,3,V,,,0,,,0,,,,1,0,,,,,,,,,0,,,,,,,,,F,,,0,,WE,1/24/17,1/24/17,6:51:53 PM,GBI-022,,MIGO_GR,,0,,,,,,,12:00:00 AM,,,,,,,,,,,0,,,,,
375,5000001448,2017,1,1,0,0,0,101,,DIAMOND,SC00,RM00,,,,,,125003,,,0,0,,S,USD,30000.00,0,30300.00,,0,,12600,LB,12600,LB,12600,LB,4500000012,10,,,0,,,0,X,,,,,,NA00,,,,,,,,,,,,2017,,,US00,,0,,0,0,0,,0,2,,,,,,,,,B,,,,0,,,,,0,0,0,,,,,0,,0,0,0,,,,,0,,,,0,0,0,,,,20,LB,,125003,0,0,,0,,0,0,,,,,DIAMOND-032,,ME01,WE01,X,X,0,0,S,,,0,,,0,,,,1,0,,,,,,,,,0,,,,,,,,,F,,,0,,WE,1/25/17,1/25/17,2:37:52 PM,GBI-032,,MIGO_GR,,0,,,,,,,12:00:00 AM,,,,,,,,,,,0,,,,,
375,5000001449,2017,1,1,0,0,0,101,,KRYPTONITE,SC00,RM00,,,,,,125004,,,0,0,,S,USD,10000.00,0,20000.00,,0,,13248,LB,13248,LB,13248,LB,4500000013,10,,,0,,,0,X,,,,,,NA00,,,,,,,,,,,,2017,,,US00,,0,,0,0,0,,0,2,,,,,,,,,B,,,,0,,,,,0,0,0,,,,,0,,0,0,0,,,,,0,,,,0,0,0,,,,10,LB,,125004,0,0,,0,,0,0,,,,,KRYPTONITE-005,,ME01,WE01,X,X,0,0,S,,,0,,,0,,,,1,0,,,,,,,,,0,,,,,,,,,F,,,0,,WE,1/25/17,1/25/17,2:53:51 PM,GBI-005,,MIGO_GR,,0,,,,,,,12:00:00 AM,,,,,,,,,,,0,,,,,
375,5000001450,2017,1,1,0,0,0,101,,KRYPTONITE,SC00,RM00,,,,,,125005,,,0,0,,S,USD,100000.00,0,20000.00,,0,,5491,LB,5491,LB,5491,LB,4500000014,10,,,0,,,0,X,,,,,,NA00,,,,,,,,,,,,2017,,,US00,,0,,0,0,0,,0,2,,,,,,,,,B,,,,0,,,,,0,0,0,,,,,0,,0,0,0,,,,,0,,,,0,0,0,,,,100,LB,,125005,0,0,,0,,0,0,,,,,KRYPTONITE-057,,ME01,WE01,X,X,0,0,S,,,0,,,0,,,,1,0,,,,,,,,,0,,,,,,,,,F,,,0,,WE,1/26/17,1/26/17,2:28:37 PM,GBI-057,,MIGO_GR,,0,,,,,,,12:00:00 AM,,,,,,,,,,,0,,,,,
375,5000001451,2017,1,1,0,0,0,101,,KRYPTONITE,SC00,RM00,,,,,,125000,,,0,0,,S,USD,100000.00,0,106855.00,,0,,2369,LB,2369,LB,2369,LB,4500000011,10,,,0,,,0,X,,,,,,NA00,,,,,,,,,,,,2017,,,US00,,0,,0,0,0,,0,2,,,,,,,,,B,,,,0,,,,,0,0,0,,,,,0,,0,0,0,,,,,0,,,,0,0,0,,,,100,LB,,125000,0,0,,0,,0,0,,,,,KRYPTONITE,,ME01,WE01,X,X,"1,500","1,500,000.00",S,,,0,,,0,,,,1,0,,,,,,,,,0,,,,,,,,,F,,,0,,WE,1/26/17,1/26/17,5:54:10 PM,GBIFAC-01,,MIGO_GR,,0,,,,,,,12:00:00 AM,,,,,,,,,,,0,,,,,
375,5000001452,2017,1,1,0,0,0,101,,ADAMANTIUM,SC00,RM00,,,,,,125008,,,0,0,,S,USD,50000.00,0,505000.00,,0,,5138,LB,5138,LB,5138,LB,4500000015,10,,,0,,,0,X,,,,,,NA00,,,,,,,,,,,,2017,,,US00,,0,,0,0,0,,0,2,,,,,,,,,B,,,,0,,,,,0,0,0,,,,,0,,0,0,0,,,,,0,,,,0,0,0,,,,100,LB,,125008,0,0,,0,,0,0,,,,,ADAMANTIUM-055,,ME01,WE01,X,X,0,0,S,,,0,,,0,,,,1,0,,,,,,,,,0,,,,,,,,,F,,,0,,WE,1/26/17,1/26/17,7:49:37 PM,GBI-055,,MIGO_GR,,0,,,,,,,12:00:00 AM,,,,,,,,,,,0,,,,,
375,5000001453,2017,1,1,0,0,0,101,,ICAN HEADMASK,SC00,RM00,,,,,,125001,,,0,0,,S,USD,1000000.00,0,1399730.11,,0,,865,EA,865,EA,865,EA,4500000008,10,,,0,,,0,X,,,,,,NA00,,,,,,,,,,,,2017,,,US00,,0,,0,0,0,,0,2,,,,,,,,,B,,,,0,,,,,0,0,0,,,,,0,,0,0,0,,,,,0,,,,0,0,0,,,,"1,000",EA,,125001,0,0,,0,,0,0,,,,,ICAN HEADMASK,,ME01,WE01,X,X,"1,000","1,000,000.00",S,,,0,,,0,,,,1,0,,,,,,,,,0,,,,,,,,,F,,,0,,WE,1/27/17,1/27/17,6:23:10 PM,GBI-016,,MIGO_GR,,0,,,,,,,12:00:00 AM,,,,,,,,,,,0,,,,,
375,5000001454,2017,1,1,0,0,0,101,,KRYPTONITE,SC00,RM00,,,,,,125016,,,0,0,,S,USD,100000.00,0,92470.63,,0,,1987,LB,1987,LB,1987,LB,4500000019,10,,,0,,,0,X,,,,,,NA00,,,,,,,,,,,,2017,,,US00,,0,,0,0,0,,0,2,,,,,,,,,B,,,,0,,,,,0,0,0,,,,,0,,0,0,0,,,,,0,,,,0,0,0,,,,100,LB,,125016,0,0,,0,,0,0,,,,,KRYTONITE-029,,ME01,WE01,X,X,0,0,S,,,0,,,0,,,,1,0,,,,,,,,,0,,,,,,,,,F,,,0,,WE,1/27/17,1/27/17,10:52:27 PM,GBI-029,,MIGO_GR,,0,,,,,,,12:00:00 AM,,,,,,,,,,,0,,,,,
375,5000001455,2017,1,1,0,0,0,101,,KRYPTONITE,SC00,RM00,,,,,,125017,,,0,0,,S,USD,100000.00,0,20000.00,,0,,17766,LB,17766,LB,17766,LB,4500000020,10,,,0,,,0,X,,,,,,NA00,,,,,,,,,,,,2017,,,US00,,0,,0,0,0,,0,2,,,,,,,,,B,,,,0,,,,,0,0,0,,,,,0,,0,0,0,,,,,0,,,,0,0,0,,,,100,LB,,125017,0,0,,0,,0,0,,,,,KRYPTONITE-046,,ME01,WE01,X,X,0,0,S,,,0,,,0,,,,1,0,,,,,,,,,0,,,,,,,,,F,,,0,,WE,1/28/17,1/28/17,12:47:55 AM,GBI-046,,MIGO_GR,,0,,,,,,,12:00:00 AM,,,,,,,,,,,0,,,,,
375,5000001456,2017,1,1,0,0,0,101,,KRYPTONITE,SC00,RM00,,,,,,125014,,,0,0,,S,USD,100000.00,0,12345.68,,0,,8042,LB,8042,LB,8042,LB,4500000021,10,,,0,,,0,X,,,,,,NA00,,,,,,,,,,,,2017,,,US00,,0,,0,0,0,,0,2,,,,,,,,,B,,,,0,,,,,0,0,0,,,,,0,,0,0,0,,,,,0,,,,0,0,0,,,,100,LB,,125014,0,0,,0,,0,0,,,,,KRYPTONITE GBI-039,,ME01,WE01,X,X,0,0,S,,,0,,,0,,,,1,0,,,,,,,,,0,,,,,,,,,F,,,0,,WE,1/28/17,1/28/17,10:27:28 AM,GBI-039,,MIGO_GR,,0,,,,,,,12:00:00 AM,,,,,,,,,,,0,,,,,
375,5000001457,2017,1,1,0,0,0,101,,KRYPTONITE,SC00,RM00,,,,,,125020,,,0,0,,S,USD,10000.00,0,10100.00,,0,,19759,LB,19759,LB,19759,LB,4500000023,10,,,0,,,0,X,,,,,,NA00,,,,,,,,,,,,2017,,,US00,,0,,0,0,0,,0,2,,,,,,,,,B,,,,0,,,,,0,0,0,,,,,0,,0,0,0,,,,,0,,,,0,0,0,,,,10,LB,,125020,0,0,,0,,0,0,,,,,KRYPTONITE-019,,ME01,WE01,X,X,0,0,S,,,0,,,0,,,,1,0,,,,,,,,,0,,,,,,,,,F,,,0,,WE,1/28/17,1/28/17,3:57:05 PM,GBI-019,,MIGO_GR,,0,,,,,,,12:00:00 AM,,,,,,,,,,,0,,,,,
375,5000001458,2017,1,1,0,0,0,101,,KRYPTONITE,SC00,RM00,,,,,,125019,,,0,0,,S,USD,1000.00,0,1010.00,,0,,14377,LB,14377,LB,14377,LB,4500000022,10,,,0,,,0,X,,,,,,NA00,,,,,,,,,,,,2017,,,US00,,0,,0,0,0,,0,2,,,,,,,,,B,,,,0,,,,,0,0,0,,,,,0,,0,0,0,,,,,0,,,,0,0,0,,,,1,LB,,125019,0,0,,0,,0,0,,,,,KRYPTONITE-018,,ME01,WE01,X,X,0,0,S,,,0,,,0,,,,1,0,,,,,,,,,0,,,,,,,,,F,,,0,,WE,1/28/17,1/28/17,3:57:13 PM,GBI-018,,MIGO_GR,,0,,,,,,,12:00:00 AM,,,,,,,,,,,0,,,,,
375,5000001459,2017,1,1,0,0,0,101,,KRYPTONITE,SC00,RM00,,,,,,125018,,,0,0,,S,USD,1000000.00,0,949400.00,,0,,8821,LB,8821,LB,8821,LB,4500000024,10,,,0,,,0,X,,,,,,NA00,,,,,,,,,,,,2017,,,US00,,0,,0,0,0,,0,2,,,,,,,,,B,,,,0,,,,,0,0,0,,,,,0,,0,0,0,,,,,0,,,,0,0,0,,,,"1,000",LB,,125018,0,0,,0,,0,0,,,,,KRYPTONITE-017,,ME01,WE01,X,X,0,0,S,,,0,,,0,,,,1,0,,,,,,,,,0,,,,,,,,,F,,,0,,WE,1/28/17,1/28/17,7:01:10 PM,GBI-017,,MIGO_GR,,0,,,,,,,12:00:00 AM,,,,,,,,,,,0,,,,,
375,5000001460,2017,1,1,0,0,0,101,,KRYPTONITE,SC00,RM00,,,,,,125012,,,0,0,,S,USD,1000000.00,0,687070.58,,0,,18922,LB,18922,LB,18922,LB,4500000027,10,,,0,,,0,X,,,,,,NA00,,,,,,,,,,,,2017,,,US00,,0,,0,0,0,,0,2,,,,,,,,,B,,,,0,,,,,0,0,0,,,,,0,,0,0,0,,,,,0,,,,0,0,0,,,,"1,000",LB,,125012,0,0,,0,,0,0,,,,,KRYPTONITE-024,,ME01,WE01,X,X,0,0,S,,,0,,,0,,,,1,0,,,,,,,,,0,,,,,,,,,F,,,0,,WE,1/29/17,1/29/17,12:58:59 PM,GBI-024,,MIGO_GR,,0,,,,,,,12:00:00 AM,,,,,,,,,,,0,,,,,
375,5000001461,2017,1,1,0,0,0,101,,CHRONIUM,SC00,RM00,,,,,,125022,,,0,0,,S,USD,5000.00,0,8400.00,,0,,15286,LB,15286,LB,15286,LB,4500000028,10,,,0,,,0,X,,,,,,NA00,,,,,,,,,,,,2017,,,US00,,0,,0,0,0,,0,2,,,,,,,,,B,,,,0,,,,,0,0,0,,,,,0,,0,0,0,,,,,0,,,,0,0,0,,,,100,LB,,125022,0,0,,0,,0,0,,,,,CHRONIUM-015,,ME01,WE01,X,X,0,0,S,,,0,,,0,,,,1,0,,,,,,,,,0,,,,,,,,,F,,,0,,WE,1/29/17,1/29/17,6:37:14 PM,GBI-015,,MIGO_GR,,0,,,,,,,12:00:00 AM,,,,,,,,,,,0,,,,,
375,5000001462,2017,1,4,0,0,0,101,,CHRONIUM,SC00,RM00,,,,,,125022,,,0,0,,S,USD,5000.00,0,3360.00,,0,,12914,LB,12914,LB,12914,LB,4500000030,10,,,0,,,0,X,,,,,,NA00,,,,,,,,,,,,2017,,,US00,,0,,0,0,0,,0,2,,,,,,,,,B,,,,0,,,,,0,0,0,,,,,0,,0,0,0,,,,,0,,,,0,0,0,,,,100,LB,,125022,0,0,,0,,0,0,,,,,CHRONIUM-015,,ME01,WE01,X,X,100,"5,000.00",S,,,0,,,0,,,,1,0,,,,,,,,,0,,,,,,,,,F,,,0,,WE,1/29/17,1/29/17,8:47:17 PM,GBI-015,,MIGO_GR,,0,,,,,,,12:00:00 AM,,,,,,,,,,,0,,,,,
375,5000001463,2017,1,1,0,0,0,101,,KRYPTONITE,SC00,RM00,,,,,,125024,,,0,0,,S,USD,1000.00,0,1020.00,,0,,15222,LB,15222,LB,15222,LB,4500000031,10,,,0,,,0,X,,,,,,NA00,,,,,,,,,,,,2017,,,US00,,0,,0,0,0,,0,2,,,,,,,,,B,,,,0,,,,,0,0,0,,,,,0,,0,0,0,,,,,0,,,,0,0,0,,,,1,LB,,125024,0,0,,0,,0,0,,,,,KRYPTONITE-010,,ME01,WE01,X,X,0,0,S,,,0,,,0,,,,1,0,,,,,,,,,0,,,,,,,,,F,,,0,,WE,1/29/17,1/29/17,8:56:54 PM,GBI-010,,MIGO_GR,,0,,,,,,,12:00:00 AM,,,,,,,,,,,0,,,,,
375,5000001464,2017,1,1,0,0,0,101,,KRYPTONITE,SC00,RM00,,,,,,125011,,,0,0,,S,USD,100000.00,0,24154.59,,0,,5962,LB,5962,LB,5962,LB,4500000017,10,,,0,,,0,X,,,,,,NA00,,,,,,,,,,,,2017,,,US00,,0,,0,0,0,,0,2,,,,,,,,,B,,,,0,,,,,0,0,0,,,,,0,,0,0,0,,,,,0,,,,0,0,0,,,,100,LB,,125011,0,0,,0,,0,0,,,,,KRYPTONITE-011,,ME01,WE01,X,X,0,0,S,,,0,,,0,,,,1,0,,,,,,,,,0,,,,,,,,,F,,,0,,WE,1/29/17,1/29/17,8:59:19 PM,GBI-011,,MIGO_GR,,0,,,,,,,12:00:00 AM,,,,,,,,,,,0,,,,,
375,5000001465,2017,1,1,0,0,0,101,,KRYPTONITE,SC00,RM00,,,,,,125007,,,0,0,,S,USD,20000.00,0,22000.00,,0,,5835,LB,5835,LB,5835,LB,4500000029,10,,,0,,,0,X,,,,,,NA00,,,,,,,,,,,,2017,,,US00,,0,,0,0,0,,0,2,,,,,,,,,B,,,,0,,,,,0,0,0,,,,,0,,0,0,0,,,,,0,,,,0,0,0,,,,20,LB,,125007,0,0,,0,,0,0,,,,,KRYPTONITE-040,,ME01,WE01,X,X,0,0,S,,,0,,,0,,,,1,0,,,,,,,,,0,,,,,,,,,F,,,0,,WE,1/30/17,1/30/17,3:33:28 PM,GBI-040,,MIGO_GR,,0,,,,,,,12:00:00 AM,,,,,,,,,,,0,,,,,
375,5000001466,2017,1,1,0,0,0,101,,KRYPTONITE,SC00,RM00,,,,,,125028,,,0,0,,S,USD,10000.00,0,10000.00,,0,,3778,LB,3778,LB,3778,LB,4500000033,10,,,0,,,0,X,,,,,,NA00,,,,,,,,,,,,2017,,,US00,,0,,0,0,0,,0,2,,,,,,,,,B,,,,0,,,,,0,0,0,,,,,0,,0,0,0,,,,,0,,,,0,0,0,,,,10,LB,,125028,0,0,,0,,0,0,,,,,KRYPTONITE-050,,ME01,WE01,X,X,0,0,S,,,0,,,0,,,,1,0,,,,,,,,,0,,,,,,,,,F,,,0,,WE,1/31/17,1/31/17,1:46:08 PM,GBI-050,,MIGO_GR,,0,,,,,,,12:00:00 AM,,,,,,,,,,,0,,,,,
375,5000001467,2017,1,1,0,0,0,101,,PALLADIUM,SC00,RM00,,,,,,125006,,,0,0,,S,USD,1000.00,0,32.13,,0,,526,G,526,G,526,G,4500000034,10,,,0,,,0,X,,,,,,NA00,,,,,,,,,,,,2017,,,US00,,0,,0,0,0,,0,2,,,,,,,,,B,,,,0,,,,,0,0,0,,,,,0,,0,0,0,,,,,0,,,,0,0,0,,,,10,G,,125006,0,0,,0,,0,0,,,,,PALLADIUM-035,,ME01,WE01,X,X,0,0,S,,,0,,,0,,,,1,0,,,,,,,,,0,,,,,,,,,F,,,0,,WE,1/31/17,1/31/17,3:57:10 PM,GBI-035,,MIGO_GR,,0,,,,,,,12:00:00 AM,,,,,,,,,,,0,,,,,
375,5000001468,2017,1,1,0,0,0,101,,KRYPTONITE,SC00,RM00,,,,,,125010,,,0,0,,S,USD,100000.00,0,107089.31,,0,,15132,LB,15132,LB,15132,LB,4500000035,10,,,0,,,0,X,,,,,,NA00,,,,,,,,,,,,2017,,,US00,,0,,0,0,0,,0,2,,,,,,,,,B,,,,0,,,,,0,0,0,,,,,0,,0,0,0,,,,,0,,,,0,0,0,,,,100,LB,,125010,0,0,,0,,0,0,,,,,KRYPTONITE-027,,ME01,WE01,X,X,0,0,S,,,0,,,0,,,,1,0,,,,,,,,,0,,,,,,,,,F,,,0,,WE,1/31/17,1/31/17,4:13:45 PM,GBI-027,,MIGO_GR,,0,,,,,,,12:00:00 AM,,,,,,,,,,,0,,,,,
375,5000001469,2017,1,1,0,0,0,101,,KRYPTONITE,SC00,RM00,,,,,,125027,,,0,0,,S,USD,10000.00,0,110.00,,0,,7947,LB,7947,LB,7947,LB,4500000037,10,,,0,,,0,X,,,,,,NA00,,,,,,,,,,,,2017,,,US00,,0,,0,0,0,,0,2,,,,,,,,,B,,,,0,,,,,0,0,0,,,,,0,,0,0,0,,,,,0,,,,0,0,0,,,,10,LB,,125027,0,0,,0,,0,0,,,,,KRYPTONITE-020,,ME01,WE01,X,X,0,0,S,,,0,,,0,,,,1,0,,,,,,,,,0,,,,,,,,,F,,,0,,WE,1/31/17,1/31/17,5:02:34 PM,GBI-020,,MIGO_GR,,0,,,,,,,12:00:00 AM,,,,,,,,,,,0,,,,,
375,5000001470,2017,1,1,0,0,0,101,,KRYPTONITE,SC00,RM00,,,,,,125025,,,0,0,,S,USD,10000000.00,0,10000000.00,,0,,6087,LB,6087,LB,6087,LB,4500000038,10,,,0,,,0,X,,,,,,NA00,,,,,,,,,,,,2017,,,US00,,0,,0,0,0,,0,2,,,,,,,,,B,,,,0,,,,,0,0,0,,,,,0,,0,0,0,,,,,0,,,,0,0,0,,,,"10,000",LB,,125025,0,0,,0,,0,0,,,,,KRYTONITE-014,,ME01,WE01,X,X,0,0,S,,,0,,,0,,,,1,0,,,,,,,,,0,,,,,,,,,F,,,0,,WE,1/31/17,1/31/17,5:42:18 PM,GBI-014,,MIGO_GR,,0,,,,,,,12:00:00 AM,,,,,,,,,,,0,,,,,
375,5000001471,2017,1,1,0,0,0,101,,KRYPTONITE,SC00,RM00,,,,,,125032,,,0,0,,S,USD,12000.00,0,15000.00,,0,,17566,LB,17566,LB,17566,LB,4500000039,10,,,0,,,0,X,,,,,,NA00,,,,,,,,,,,,2017,,,US00,,0,,0,0,0,,0,2,,,,,,,,,B,,,,0,,,,,0,0,0,,,,,0,,0,0,0,,,,,0,,,,0,0,0,,,,10,LB,,125032,0,0,,0,,0,0,,,,,KRYPTONITE-MOHIT,,ME01,WE01,X,X,0,0,S,,,0,,,0,,,,1,0,,,,,,,,,0,,,,,,,,,F,,,0,,WE,1/31/17,1/31/17,6:43:16 PM,GBI-050,,MIGO_GR,,0,,,,,,,12:00:00 AM,,,,,,,,,,,0,,,,,
375,5000001472,2017,1,1,0,0,0,101,,KRYPTONITE,SC00,RM00,,,,,,125039,,,0,0,,S,USD,1000000.00,0,1200000.00,,0,,4181,LB,4181,LB,4181,LB,4500000041,10,,,0,,,0,X,,,,,,NA00,,,,,,,,,,,,2017,,,US00,,0,,0,0,0,,0,2,,,,,,,,,B,,,,0,,,,,0,0,0,,,,,0,,0,0,0,,,,,0,,,,0,0,0,,,,"1,000",LB,,125039,0,0,,0,,0,0,,,,,KRYPTONITE-021,,ME01,WE01,X,X,0,0,S,,,0,,,0,,,,1,0,,,,,,,,,0,,,,,,,,,F,,,0,,WE,1/31/17,1/31/17,11:02:36 PM,GBI-021,,MIGO_GR,,0,,,,,,,12:00:00 AM,,,,,,,,,,,0,,,,,
375,5000001473,2017,1,1,0,0,0,101,,KRYPTONITE,SC00,RM00,,,,,,125041,,,0,0,,S,USD,10000.00,0,120000.00,,0,,11095,LB,11095,LB,11095,LB,4500000042,10,,,0,,,0,X,,,,,,NA00,,,,,,,,,,,,2017,,,US00,,0,,0,0,0,,0,2,,,,,,,,,B,,,,0,,,,,0,0,0,,,,,0,,0,0,0,,,,,0,,,,0,0,0,,,,10,OZ,,125041,0,0,,0,,0,0,,,,,KRYPTONITE-012,,ME01,WE01,X,X,0,0,S,,,0,,,0,,,,1,0,,,,,,,,,0,,,,,,,,,F,,,0,,WE,1/31/17,1/31/17,11:19:11 PM,GBI-012,,MIGO_GR,,0,,,,,,,12:00:00 AM,,,,,,,,,,,0,,,,,
375,5000001474,2017,1,1,0,0,0,101,,KRYPTONITE,SC00,RM00,,,,,,125035,,,0,0,,S,USD,100000.00,0,120000.00,,0,,13600,LB,13600,LB,13600,LB,4500000046,10,,,0,,,0,X,,,,,,NA00,,,,,,,,,,,,2017,,,US00,,0,,0,0,0,,0,2,,,,,,,,,B,,,,0,,,,,0,0,0,,,,,0,,0,0,0,,,,,0,,,,0,0,0,,,,100,LB,,125035,0,0,,0,,0,0,,,,,KRYPTONITE GBI-034,,ME01,WE01,X,X,0,0,S,,,0,,,0,,,,1,0,,,,,,,,,0,,,,,,,,,F,,,0,,WE,2/1/17,2/1/17,1:20:17 PM,GBI-034,,MIGO_GR,,0,,,,,,,12:00:00 AM,,,,,,,,,,,0,,,,,
375,5000001475,2017,1,1,0,0,0,101,,ADAMANTIUM,SC00,RM00,,,,,,125037,,,0,0,,S,USD,6172500.00,0,18517500.00,,0,,15101,LB,15101,LB,15101,LB,4500000047,10,,,0,,,0,X,,,,,,NA00,,,,,,,,,,,,2017,,,US00,,0,,0,0,0,,0,2,,,,,,,,,B,,,,0,,,,,0,0,0,,,,,0,,0,0,0,,,,,0,,,,0,0,0,,,,"12,345",LB,,125037,0,0,,0,,0,0,,,,,ADAMANTIUM-055,,ME01,WE01,X,X,100,"50,000.00",S,,,0,,,0,,,,1,0,,,,,,,,,0,,,,,,,,,F,,,0,,WE,2/1/17,2/1/17,1:29:12 PM,GBI-025,,MIGO_GR,,0,,,,,,,12:00:00 AM,,,,,,,,,,,0,,,,,
375,5000001476,2017,1,1,0,0,0,101,,KRYPTONITE,SC00,RM00,,,,,,125043,,,0,0,,S,USD,100000.00,0,10100000.00,,0,,5267,LB,5267,LB,5267,LB,4500000048,10,,,0,,,0,X,,,,,,NA00,,,,,,,,,,,,2017,,,US00,,0,,0,0,0,,0,2,,,,,,,,,B,,,,0,,,,,0,0,0,,,,,0,,0,0,0,,,,,0,,,,0,0,0,,,,100,LB,,125043,0,0,,0,,0,0,,,,,KRYPTONITE-059,,ME01,WE01,X,X,0,0,S,,,0,,,0,,,,1,0,,,,,,,,,0,,,,,,,,,F,,,0,,WE,2/1/17,2/1/17,1:35:54 PM,GBI-059,,MIGO_GR,,0,,,,,,,12:00:00 AM,,,,,,,,,,,0,,,,,
375,5000001477,2017,1,1,0,0,0,101,,KRYPTONITE,SC00,RM00,,,,,,125043,,,0,0,,S,USD,100000.00,0,10100000.00,,0,,2380,LB,2380,LB,2380,LB,4500000049,10,,,0,,,0,X,,,,,,NA00,,,,,,,,,,,,2017,,,US00,,0,,0,0,0,,0,2,,,,,,,,,B,,,,0,,,,,0,0,0,,,,,0,,0,0,0,,,,,0,,,,0,0,0,,,,100,LB,,125043,0,0,,0,,0,0,,,,,KRYPTONITE-059,,ME01,WE01,X,X,100,"100,000.00",S,,,0,,,0,,,,1,0,,,,,,,,,0,,,,,,,,,F,,,0,,WE,2/1/17,2/1/17,2:03:11 PM,GBI-059,,MIGO_GR,,0,,,,,,,12:00:00 AM,,,,,,,,,,,0,,,,,
375,5000001478,2017,1,2,0,0,0,101,,KRYPTONITE,SC00,RM00,,,,,,125044,,,0,0,,S,USD,200000.00,0,388000.00,,0,,8072,LB,8072,LB,8072,LB,4500000050,10,,,0,,,0,X,,,,,,NA00,,,,,,,,,,,,2017,,,US00,,0,,0,0,0,,0,2,,,,,,,,,B,,,,0,,,,,0,0,0,,,,,0,,0,0,0,,,,,0,,,,0,0,0,,,,200,LB,,125044,0,0,,0,,0,0,,,,,KRYPTONITE-062,,ME01,WE01,X,X,0,0,S,,,0,,,0,,,,1,0,,,,,,,,,0,,,,,,,,,F,,,0,,WE,2/1/17,2/1/17,2:25:49 PM,GBI-062,,MIGO_GR,,0,,,,,,,12:00:00 AM,,,,,,,,,,,0,,,,,
375,5000001479,2017,1,1,0,0,0,101,,KRYPTONITE,SC00,RM00,,,,,,125010,,,0,0,,S,USD,100000.00,0,107089.31,,0,,17211,LB,17211,LB,17211,LB,4500000051,10,,,0,,,0,X,,,,,,NA00,,,,,,,,,,,,2017,,,US00,,0,,0,0,0,,0,2,,,,,,,,,B,,,,0,,,,,0,0,0,,,,,0,,0,0,0,,,,,0,,,,0,0,0,,,,100,LB,,125010,0,0,,0,,0,0,,,,,KRYPTONITE-027,,ME01,WE01,X,X,100,"100,000.00",S,,,0,,,0,,,,1,0,,,,,,,,,0,,,,,,,,,F,,,0,,WE,2/1/17,2/1/17,2:53:06 PM,GBI-027,,MIGO_GR,,0,,,,,,,12:00:00 AM,,,,,,,,,,,0,,,,,
375,5000001480,2017,1,1,0,0,0,101,,IRON,SC00,RM00,,,,,,125040,,,0,0,,S,USD,10000.00,0,2141.79,,0,,9133,LB,9133,LB,9133,LB,4500000052,10,,,0,,,0,X,,,,,,NA00,,,,,,,,,,,,2017,,,US00,,0,,0,0,0,,0,2,,,,,,,,,B,,,,0,,,,,0,0,0,,,,,0,,0,0,0,,,,,0,,,,0,0,0,,,,100,LB,,125040,0,0,,0,,0,0,,,,,IRON-085,,ME01,WE01,X,X,0,0,S,,,0,,,0,,,,1,0,,,,,,,,,0,,,,,,,,,F,,,0,,WE,2/1/17,2/1/17,3:49:34 PM,GBI-058,,MIGO_GR,,0,,,,,,,12:00:00 AM,,,,,,,,,,,0,,,,,
375,5000001481,2017,1,1,0,0,0,101,,KRYPTONITE,SC00,RM00,,,,,,125048,,,0,0,,S,USD,100000.00,0,100000.00,,0,,9280,LB,9280,LB,9280,LB,4500000053,10,,,0,,,0,X,,,,,,NA00,,,,,,,,,,,,2017,,,US00,,0,,0,0,0,,0,2,,,,,,,,,B,,,,0,,,,,0,0,0,,,,,0,,0,0,0,,,,,0,,,,0,0,0,,,,100,LB,,125048,0,0,,0,,0,0,,,,,KRYPTONITE-036,,ME01,WE01,X,X,0,0,S,,,0,,,0,,,,1,0,,,,,,,,,0,,,,,,,,,F,,,0,,WE,2/1/17,2/1/17,4:47:53 PM,GBI-036,,MIGO_GR,,0,,,,,,,12:00:00 AM,,,,,,,,,,,0,,,,,
375,5000001482,2017,1,1,0,0,0,101,,KRYPTONITE,SC00,RM00,,,,,,125045,,,0,0,,S,USD,10000.00,0,1000000.00,,0,,4191,LB,4191,LB,4191,LB,4500000054,10,,,0,,,0,X,,,,,,NA00,,,,,,,,,,,,2017,,,US00,,0,,0,0,0,,0,2,,,,,,,,,B,,,,0,,,,,0,0,0,,,,,0,,0,0,0,,,,,0,,,,0,0,0,,,,10,KG,,125045,0,0,,0,,0,0,,,,,KRYPTONITE-064,,ME01,WE01,X,X,0,0,S,,,0,,,0,,,,1,0,,,,,,,,,0,,,,,,,,,F,,,0,,WE,2/1/17,2/1/17,4:52:26 PM,GBI-064,,MIGO_GR,,0,,,,,,,12:00:00 AM,,,,,,,,,,,0,,,,,
375,5000001483,2017,1,1,0,0,0,101,,KRYPTONITE,SC00,RM00,,,,,,125047,,,0,0,,S,USD,100000.00,0,10000000.00,,0,,16326,LB,16326,LB,16326,LB,4500000058,10,,,0,,,0,X,,,,,,NA00,,,,,,,,,,,,2017,,,US00,,0,,0,0,0,,0,2,,,,,,,,,B,,,,0,,,,,0,0,0,,,,,0,,0,0,0,,,,,0,,,,0,0,0,,,,100,LB,,125047,0,0,,0,,0,0,,,,,KRYPTONITE-065,,ME01,WE01,X,X,0,0,S,,,0,,,0,,,,1,0,,,,,,,,,0,,,,,,,,,F,,,0,,WE,2/1/17,2/1/17,5:55:39 PM,GBI-065,,MIGO_GR,,0,,,,,,,12:00:00 AM,,,,,,,,,,,0,,,,,
375,5000001484,2017,1,1,0,0,0,101,,IRON,SC00,RM00,,,,,,125040,,,0,0,,S,USD,10000.00,0,214178.62,,0,,17662,LB,17662,LB,17662,LB,4500000059,10,,,0,,,0,X,,,,,,NA00,,,,,,,,,,,,2017,,,US00,,0,,0,0,0,,0,2,,,,,,,,,B,,,,0,,,,,0,0,0,,,,,0,,0,0,0,,,,,0,,,,0,0,0,,,,100,LB,,125040,0,0,,0,,0,0,,,,,IRON-085,,ME01,WE01,X,X,100,"10,000.00",S,,,0,,,0,,,,1,0,,,,,,,,,0,,,,,,,,,F,,,0,,WE,2/1/17,2/1/17,6:08:07 PM,GBI-058,,MIGO_GR,,0,,,,,,,12:00:00 AM,,,,,,,,,,,0,,,,,
375,5000001485,2017,1,1,0,0,0,101,,KRYPTONITE,SC00,RM00,,,,,,125052,,,0,0,,S,USD,10000.00,0,10100.00,,0,,9944,LB,9944,LB,9944,LB,4500000057,10,,,0,,,0,X,,,,,,NA00,,,,,,,,,,,,2017,,,US00,,0,,0,0,0,,0,2,,,,,,,,,B,,,,0,,,,,0,0,0,,,,,0,,0,0,0,,,,,0,,,,0,0,0,,,,10,LB,,125052,0,0,,0,,0,0,,,,,KRYPTONITE-041,,ME01,WE01,X,X,0,0,S,,,0,,,0,,,,1,0,,,,,,,,,0,,,,,,,,,F,,,0,,WE,2/1/17,2/1/17,6:15:10 PM,GBI-041,,MIGO_GR,,0,,,,,,,12:00:00 AM,,,,,,,,,,,0,,,,,
375,5000001486,2017,1,1,0,0,0,101,,KRYPTONITE,SC00,RM00,,,,,,125047,,,0,0,,S,USD,100000.00,0,100000.00,,0,,16800,LB,16800,LB,16800,LB,4500000060,10,,,0,,,0,X,,,,,,NA00,,,,,,,,,,,,2017,,,US00,,0,,0,0,0,,0,2,,,,,,,,,B,,,,0,,,,,0,0,0,,,,,0,,0,0,0,,,,,0,,,,0,0,0,,,,100,LB,,125047,0,0,,0,,0,0,,,,,KRYPTONITE-065,,ME01,WE01,X,X,100,"100,000.00",S,,,0,,,0,,,,1,0,,,,,,,,,0,,,,,,,,,F,,,0,,WE,2/1/17,2/1/17,6:48:08 PM,GBI-065,,MIGO_GR,,0,,,,,,,12:00:00 AM,,,,,,,,,,,0,,,,,
375,5000001487,2017,1,1,0,0,0,101,,KRYPTONITE,SC00,RM00,,,,,,125051,,,0,0,,S,USD,1000.00,0,940.00,,0,,6817,LB,6817,LB,6817,LB,4500000056,10,,,0,,,0,X,,,,,,NA00,,,,,,,,,,,,2017,,,US00,,0,,0,0,0,,0,2,,,,,,,,,B,,,,0,,,,,0,0,0,,,,,0,,0,0,0,,,,,0,,,,0,0,0,,,,1,LB,,125051,0,0,,0,,0,0,,,,,KRYPTONITE-047,,ME01,WE01,X,X,0,0,S,,,0,,,0,,,,1,0,,,,,,,,,0,,,,,,,,,F,,,0,,WE,2/1/17,2/1/17,7:33:49 PM,GBI-047,,MIGO_GR,,0,,,,,,,12:00:00 AM,,,,,,,,,,,0,,,,,
375,5000001488,2017,1,1,0,0,0,101,,KRYPTONITE,SC00,RM00,,,,,,125037,,,0,0,,S,USD,100000.00,0,150000.00,,0,,3360,LB,3360,LB,3360,LB,4500000061,10,,,0,,,0,X,,,,,,NA00,,,,,,,,,,,,2017,,,US00,,0,,0,0,0,,0,2,,,,,,,,,B,,,,0,,,,,0,0,0,,,,,0,,0,0,0,,,,,0,,,,0,0,0,,,,100,LB,,125037,0,0,,0,,0,0,,,,,KRYPTONITE,,ME01,WE01,X,X,"1,600","1,600,000.00",S,,,0,,,0,,,,1,0,,,,,,,,,0,,,,,,,,,F,,,0,,WE,2/1/17,2/1/17,8:08:05 PM,GBI-025,,MIGO_GR,,0,,,,,,,12:00:00 AM,,,,,,,,,,,0,,,,,
375,5000001489,2017,1,1,0,0,0,101,,PAPER,SC00,RM00,,,,,,125058,,,0,0,,S,USD,35.00,0,65.80,,0,,13961,LB,13961,LB,13961,LB,4500000062,10,,,0,,,0,X,,,,,,NA00,,,,,,,,,,,,2017,,,US00,,0,,0,0,0,,0,2,,,,,,,,,B,,,,0,,,,,0,0,0,,,,,0,,0,0,0,,,,,0,,,,0,0,0,,,,7,LB,,125058,0,0,,0,,0,0,,,,,PAPER-056,,ME01,WE01,X,X,0,0,S,,,0,,,0,,,,1,0,,,,,,,,,0,,,,,,,,,F,,,0,,WE,2/1/17,2/1/17,8:11:26 PM,GBI-056,,MIGO_GR,,0,,,,,,,12:00:00 AM,,,,,,,,,,,0,,,,,
375,5000001490,2017,1,1,0,0,0,101,,KRYPTONITE,SC00,RM00,,,,,,125021,,,0,0,,S,USD,100000.00,0,600000.00,,0,,10424,LB,10424,LB,10424,LB,4500000045,10,,,0,,,0,X,,,,,,NA00,,,,,,,,,,,,2017,,,US00,,0,,0,0,0,,0,2,,,,,,,,,B,,,,0,,,,,0,0,0,,,,,0,,0,0,0,,,,,0,,,,0,0,0,,,,100,LB,,125021,0,0,,0,,0,0,,,,,KRYPTONITE-030,,ME01,WE01,X,X,0,0,S,,,0,,,0,,,,1,0,,,,,,,,,0,,,,,,,,,F,,,0,,WE,2/1/17,2/1/17,8:12:51 PM,GBI-030,,MIGO_GR,,0,,,,,,,12:00:00 AM,,,,,,,,,,,0,,,,,
375,5000001491,2017,1,1,0,0,0,101,,KRYPTONITE,SC00,RM00,,,,,,125033,,,0,0,,S,USD,100000.00,0,20500.00,,0,,5807,LB,5807,LB,5807,LB,4500000063,10,,,0,,,0,X,,,,,,NA00,,,,,,,,,,,,2017,,,US00,,0,,0,0,0,,0,2,,,,,,,,,B,,,,0,,,,,0,0,0,,,,,0,,0,0,0,,,,,0,,,,0,0,0,,,,100,LB,,125033,0,0,,0,,0,0,,,,,KRYPTONITE-016,,ME01,WE01,X,X,0,0,S,,,0,,,0,,,,1,0,,,,,,,,,0,,,,,,,,,F,,,0,,WE,2/1/17,2/1/17,8:12:58 PM,GBI-052,,MIGO_GR,,0,,,,,,,12:00:00 AM,,,,,,,,,,,0,,,,,
375,5000001492,2017,1,1,0,0,0,101,,KRYPTONITE,SC00,RM00,,,,,,125055,,,0,0,,S,USD,50000.00,0,28140.00,,0,,13630,LB,13630,LB,13630,LB,4500000065,10,,,0,,,0,X,,,,,,NA00,,,,,,,,,,,,2017,,,US00,,0,,0,0,0,,0,2,,,,,,,,,B,,,,0,,,,,0,0,0,,,,,0,,0,0,0,,,,,0,,,,0,0,0,,,,50,LB,,125055,0,0,,0,,0,0,,,,,KRYPTONITE-044,,ME01,WE01,X,X,0,0,S,,,0,,,0,,,,1,0,,,,,,,,,0,,,,,,,,,F,,,0,,WE,2/1/17,2/1/17,8:24:27 PM,GBI-044,,MIGO_GR,,0,,,,,,,12:00:00 AM,,,,,,,,,,,0,,,,,
375,5000001493,2017,1,1,0,0,0,101,,KRYPTONITE,SC00,RM00,,,,,,125026,,,0,0,,S,USD,100000.00,0,12820.51,,0,,1464,LB,1464,LB,1464,LB,4500000032,10,,,0,,,0,X,,,,,,NA00,,,,,,,,,,,,2017,,,US00,,0,,0,0,0,,0,2,,,,,,,,,B,,,,0,,,,,0,0,0,,,,,0,,0,0,0,,,,,0,,,,0,0,0,,,,100,LB,,125026,0,0,,0,,0,0,,,,,KRYPTONITE-023,,ME01,WE01,X,X,0,0,S,,,0,,,0,,,,1,0,,,,,,,,,0,,,,,,,,,F,,,0,,WE,2/1/17,2/1/17,8:54:24 PM,GBI-023,,MIGO_GR,,0,,,,,,,12:00:00 AM,,,,,,,,,,,0,,,,,
375,5000001494,2017,1,1,0,0,0,101,,KRYPTONITE,SC00,RM00,,,,,,125060,,,0,0,,S,USD,100000.00,0,175000.00,,0,,3403,LB,3403,LB,3403,LB,4500000066,10,,,0,,,0,X,,,,,,NA00,,,,,,,,,,,,2017,,,US00,,0,,0,0,0,,0,2,,,,,,,,,B,,,,0,,,,,0,0,0,,,,,0,,0,0,0,,,,,0,,,,0,0,0,,,,10,OZ,,125060,0,0,,0,,0,0,,,,,KRYPTONITE-051,,ME01,WE01,X,X,0,0,S,,,0,,,0,,,,1,0,,,,,,,,,0,,,,,,,,,F,,,0,,WE,2/1/17,2/1/17,9:12:40 PM,GBI-051,,MIGO_GR,,0,,,,,,,12:00:00 AM,,,,,,,,,,,0,,,,,
375,5000001495,2017,1,1,0,0,0,101,,KRYPTONITE,SC00,RM00,,,,,,125029,,,0,0,,S,USD,5000.00,0,25000.00,,0,,2778,LB,2778,LB,2778,LB,4500000067,10,,,0,,,0,X,,,,,,NA00,,,,,,,,,,,,2017,,,US00,,0,,0,0,0,,0,2,,,,,,,,,B,,,,0,,,,,0,0,0,,,,,0,,0,0,0,,,,,0,,,,0,0,0,,,,5,LB,,125029,0,0,,0,,0,0,,,,,KRYPTONITE-049,,ME01,WE01,X,X,0,0,S,,,0,,,0,,,,1,0,,,,,,,,,0,,,,,,,,,F,,,0,,WE,2/1/17,2/1/17,9:16:33 PM,GBI-049,,MIGO_GR,,0,,,,,,,12:00:00 AM,,,,,,,,,,,0,,,,,
375,5000001496,2017,1,1,0,0,0,101,,CARBONITE,SC00,RM00,,,,,,125062,,,0,0,,S,USD,75000.00,0,75000.00,,0,,949,G,949,G,949,G,4500000068,10,,,0,,,0,X,,,,,,NA00,,,,,,,,,,,,2017,,,US00,,0,,0,0,0,,0,2,,,,,,,,,B,,,,0,,,,,0,0,0,,,,,0,,0,0,0,,,,,0,,,,0,0,0,,,,50,G,,125062,0,0,,0,,0,0,,,,,CARBONITE-042,,ME01,WE01,X,X,0,0,S,,,0,,,0,,,,1,0,,,,,,,,,0,,,,,,,,,F,,,0,,WE,2/1/17,2/1/17,10:11:01 PM,GBI-042,,MIGO_GR,,0,,,,,,,12:00:00 AM,,,,,,,,,,,0,,,,,
375,5000001497,2017,1,1,0,0,0,101,,LIQUID,SC00,RM00,,,,,,125038,,,0,0,,S,USD,200.00,0,209.15,,0,,18,FOZ,18,FOZ,18,FOZ,4500000069,10,,,0,,,0,X,,,,,,NA00,,,,,,,,,,,,2017,,,US00,,0,,0,0,0,,0,2,,,,,,,,,B,,,,0,,,,,0,0,0,,,,,0,,0,0,0,,,,,0,,,,0,0,0,,,,1,FOZ,,125038,0,0,,0,,0,0,,,,,LIQUID-054,,ME01,WE01,X,X,0,0,S,,,0,,,0,,,,1,0,,,,,,,,,0,,,,,,,,,F,,,0,,WE,2/1/17,2/1/17,10:51:17 PM,GBI-054,,MIGO_GR,,0,,,,,,,12:00:00 AM,,,,,,,,,,,0,,,,,
375,5000001498,2017,2,2,0,0,0,101,,LIQUID,SC00,RM00,,,,,,125038,,,0,0,,S,USD,20000.00,0,26143.79,,0,,1,FOZ,1,FOZ,1,FOZ,4500000069,20,,,0,,,0,X,,,,,,NA00,,,,,,,,,,,,2017,,,US00,,0,,0,0,0,,0,2,,,,,,,,,B,,,,0,,,,,0,0,0,,,,,0,,0,0,0,,,,,0,,,,0,0,0,,,,100,FOZ,,125038,0,0,,0,,0,0,,,,,LIQUID-054,,ME01,WE01,X,X,0,0,S,,,0,,,0,,,,2,0,,,,,,,,,0,,,,,,,,,F,,,0,,WE,2/1/17,2/1/17,10:51:17 PM,GBI-054,,MIGO_GR,,0,,,,,,,12:00:00 AM,,,,,,,,,,,0,,,,,
375,5000001499,2017,1,1,0,0,0,101,,MAGICDUST,SC00,RM00,,,,,,125068,,,0,0,,S,USD,150000.00,0,150500.00,,0,,3929,LB,3929,LB,3929,LB,4500000072,10,,,0,,,0,X,,,,,,NA00,,,,,,,,,,,,2017,,,US00,,0,,0,0,0,,0,2,,,,,,,,,B,,,,0,,,,,0,0,0,,,,,0,,0,0,0,,,,,0,,,,0,0,0,,,,100,LB,,125068,0,0,,0,,0,0,,,,,MAGICDUST-037,,ME01,WE01,X,X,0,0,S,,,0,,,0,,,,1,0,,,,,,,,,0,,,,,,,,,F,,,0,,WE,2/1/17,2/1/17,11:25:16 PM,GBI-037,,MIGO_GR,,0,,,,,,,12:00:00 AM,,,,,,,,,,,0,,,,,
375,5000001500,2017,1,1,0,0,0,101,,KRYPTONITE,SC00,RM00,,,,,,125030,,,0,0,,S,USD,10000.00,0,110000.00,,0,,2763,LB,2763,LB,2763,LB,4500000043,10,,,0,,,0,X,,,,,,NA00,,,,,,,,,,,,2017,,,US00,,0,,0,0,0,,0,2,,,,,,,,,B,,,,0,,,,,0,0,0,,,,,0,,0,0,0,,,,,0,,,,0,0,0,,,,10,LB,,125030,0,0,,0,,0,0,,,,,KRYPTONITE-008,,ME01,WE01,X,X,0,0,S,,,0,,,0,,,,1,0,,,,,,,,,0,,,,,,,,,F,,,0,,WE,2/1/17,2/1/17,11:37:02 PM,GBI-008,,MIGO_GR,,0,,,,,,,12:00:00 AM,,,,,,,,,,,0,,,,,
375,5000001501,2017,1,1,0,0,0,101,,ADAMANTIUM,SC00,RM00,,,,,,125057,,,0,0,,S,USD,100000.00,0,60000.00,,0,,319,LB,319,LB,319,LB,4500000073,10,,,0,,,0,X,,,,,,NA00,,,,,,,,,,,,2017,,,US00,,0,,0,0,0,,0,2,,,,,,,,,B,,,,0,,,,,0,0,0,,,,,0,,0,0,0,,,,,0,,,,0,0,0,,,,100,LB,,125057,0,0,,0,,0,0,,,,,ADAMANTIUM-038,,ME01,WE01,X,X,0,0,S,,,0,,,0,,,,1,0,,,,,,,,,0,,,,,,,,,F,,,0,,WE,2/2/17,2/2/17,12:28:07 AM,GBI-038,,MIGO_GR,,0,,,,,,,12:00:00 AM,,,,,,,,,,,0,,,,,
375,5000001502,2017,1,1,0,0,0,101,,SILVER,SC00,RM00,,,,,,125071,,,0,0,,S,USD,100000.00,0,200000.00,,0,,4415,LB,4415,LB,4415,LB,4500000074,10,,,0,,,0,X,,,,,,NA00,,,,,,,,,,,,2017,,,US00,,0,,0,0,0,,0,2,,,,,,,,,B,,,,0,,,,,0,0,0,,,,,0,,0,0,0,,,,,0,,,,0,0,0,,,,100,LB,,125071,0,0,,0,,0,0,,,,,SILVER-061,,ME01,WE01,X,X,0,0,S,,,0,,,0,,,,1,0,,,,,,,,,0,,,,,,,,,F,,,0,,WE,2/2/17,2/2/17,1:07:54 AM,GBI-061,,MIGO_GR,,0,,,,,,,12:00:00 AM,,,,,,,,,,,0,,,,,
375,5000001503,2017,1,1,0,0,0,101,,IRON,SC00,RM00,,,,,,125040,,,0,0,,S,USD,1000.00,0,2143.93,,0,,2908,LB,2908,LB,2908,LB,4500000075,10,,,0,,,0,X,,,,,,NA00,,,,,,,,,,,,2017,,,US00,,0,,0,0,0,,0,2,,,,,,,,,B,,,,0,,,,,0,0,0,,,,,0,,0,0,0,,,,,0,,,,0,0,0,,,,10,LB,,125040,0,0,,0,,0,0,,,,,IRON-085,,ME01,WE01,X,X,200,"20,000.00",S,,,0,,,0,,,,1,0,,,,,,,,,0,,,,,,,,,F,,,0,,WE,2/2/17,2/2/17,1:20:37 AM,GBI-058,,MIGO_GR,,0,,,,,,,12:00:00 AM,,,,,,,,,,,0,,,,,
375,5000001504,2017,1,1,0,0,0,101,,MAGICDUST,SC00,RM00,,,,,,125074,,,0,0,,S,USD,150000.00,0,150500.00,,0,,2317,LB,2317,LB,2317,LB,4500000078,10,,,0,,,0,X,,,,,,NA00,,,,,,,,,,,,2017,,,US00,,0,,0,0,0,,0,2,,,,,,,,,B,,,,0,,,,,0,0,0,,,,,0,,0,0,0,,,,,0,,,,0,0,0,,,,100,LB,,125074,0,0,,0,,0,0,,,,,MAGICDUST2-037,,ME01,WE01,X,X,0,0,S,,,0,,,0,,,,1,0,,,,,,,,,0,,,,,,,,,F,,,0,,WE,2/2/17,2/2/17,4:06:40 AM,GBI-037,,MIGO_GR,,0,,,,,,,12:00:00 AM,,,,,,,,,,,0,,,,,
375,5000001505,2017,1,1,0,0,0,101,,KRYPTONITE,SC00,RM00,,,,,,125042,,,0,0,,S,USD,100000.00,0,100000.00,,0,,9272,LB,9272,LB,9272,LB,4500000044,10,,,0,,,0,X,,,,,,NA00,,,,,,,,,,,,2017,,,US00,,0,,0,0,0,,0,2,,,,,,,,,B,,,,0,,,,,0,0,0,,,,,0,,0,0,0,,,,,0,,,,0,0,0,,,,100,LB,,125042,0,0,,0,,0,0,,,,,KRYPTONITE-043,,ME01,WE01,X,X,0,0,S,,,0,,,0,,,,1,0,,,,,,,,,0,,,,,,,,,F,,,0,,WE,2/2/17,2/2/17,9:33:16 AM,GBI-043,,MIGO_GR,,0,,,,,,,12:00:00 AM,,,,,,,,,,,0,,,,,
375,5000001506,2017,1,1,0,0,0,101,,GOLD,SC00,RM00,,,,,,125070,,,0,0,,S,USD,80.00,0,100.80,,0,,642,G,642,G,642,G,4500000079,10,,,0,,,0,X,,,,,,NA00,,,,,,,,,,,,2017,,,US00,,0,,0,0,0,,0,2,,,,,,,,,B,,,,0,,,,,0,0,0,,,,,0,,0,0,0,,,,,0,,,,0,0,0,,,,2,G,,125070,0,0,,0,,0,0,,,,,GOLD-026,,ME01,WE01,X,X,0,0,S,,,0,,,0,,,,1,0,,,,,,,,,0,,,,,,,,,F,,,0,,WE,2/2/17,2/2/17,10:29:15 AM,GBI-026,,MIGO_GR,,0,,,,,,,12:00:00 AM,,,,,,,,,,,0,,,,,
375,5000001507,2017,1,1,0,0,0,101,,WALLET,SC00,RM00,,,,,,125075,,,0,0,,S,USD,200.00,0,2020.00,,0,,14256,LB,14256,LB,14256,LB,4500000081,10,,,0,,,0,X,,,,,,NA00,,,,,,,,,,,,2017,,,US00,,0,,0,0,0,,0,2,,,,,,,,,B,,,,0,,,,,0,0,0,,,,,0,,0,0,0,,,,,0,,,,0,0,0,,,,10,LB,,125075,0,0,,0,,0,0,,,,,WALLET-031,,ME01,WE01,X,X,0,0,S,,,0,,,0,,,,1,0,,,,,,,,,0,,,,,,,,,F,,,0,,WE,2/2/17,2/2/17,10:35:45 AM,GBI-031,,MIGO_GR,,0,,,,,,,12:00:00 AM,,,,,,,,,,,0,,,,,
375,5000001508,2017,1,1,0,0,0,101,,KRYPTONITE,SC00,RM00,,,,,,125036,,,0,0,,S,USD,4000.00,0,40.00,,0,,2297,LB,2297,LB,2297,LB,4500000080,10,,,0,,,0,X,,,,,,NA00,,,,,,,,,,,,2017,,,US00,,0,,0,0,0,,0,2,,,,,,,,,B,,,,0,,,,,0,0,0,,,,,0,,0,0,0,,,,,0,,,,0,0,0,,,,2,KG,,125036,0,0,,0,,0,0,,,,,KRYPTONITE-053,,ME01,WE01,X,X,0,0,S,,,0,,,0,,,,1,0,,,,,,,,,0,,,,,,,,,F,,,0,,WE,2/2/17,2/2/17,10:39:17 AM,GBI-053,,MIGO_GR,,0,,,,,,,12:00:00 AM,,,,,,,,,,,0,,,,,
375,5000001509,2017,1,1,0,0,0,101,,KRYPTONITE,SC00,RM00,,,,,,125053,,,0,0,,S,USD,5000.00,0,5100.00,,0,,3813,LB,3813,LB,3813,LB,4500000082,10,,,0,,,0,X,,,,,,NA00,,,,,,,,,,,,2017,,,US00,,0,,0,0,0,,0,2,,,,,,,,,B,,,,0,,,,,0,0,0,,,,,0,,0,0,0,,,,,0,,,,0,0,0,,,,10,KG,,125053,0,0,,0,,0,0,,,,,KRYPTONITE-013,,ME01,WE01,X,X,0,0,S,,,0,,,0,,,,1,0,,,,,,,,,0,,,,,,,,,F,,,0,,WE,2/2/17,2/2/17,10:49:29 AM,GBI-013,,MIGO_GR,,0,,,,,,,12:00:00 AM,,,,,,,,,,,0,,,,,
375,5000001510,2017,1,1,0,0,0,101,,KRYPTONITE,SC00,RM00,,,,,,125078,,,0,0,,S,USD,2000.00,0,4000.00,,0,,1615,LB,1615,LB,1615,LB,4500000083,10,,,0,,,0,X,,,,,,NA00,,,,,,,,,,,,2017,,,US00,,0,,0,0,0,,0,2,,,,,,,,,B,,,,0,,,,,0,0,0,,,,,0,,0,0,0,,,,,0,,,,0,0,0,,,,2,GAL,,125078,0,0,,0,,0,0,,,,,KRYPTONITE-GBI048V,,ME01,WE01,X,X,0,0,S,,,0,,,0,,,,1,0,,,,,,,,,0,,,,,,,,,F,,,0,,WE,2/2/17,2/2/17,11:09:09 AM,GBI-048,,MIGO_GR,,0,,,,,,,12:00:00 AM,,,,,,,,,,,0,,,,,
375,5000001511,2017,1,1,0,0,0,101,,RUBY,SC00,RM00,,,,,,125046,,,0,0,,S,USD,30000.00,0,32000.00,,0,,92,G,92,G,92,G,4500000086,20,,,0,,,0,X,,,,,,NA00,,,,,,,,,,,,2017,,,US00,,0,,0,0,0,,0,2,,,,,,,,,B,,,,0,,,,,0,0,0,,,,,0,,0,0,0,,,,,0,,,,0,0,0,,,,200,G,,125046,0,0,,0,,0,0,,,,,RUBY-045,,ME01,WE01,X,X,0,0,S,,,0,,,0,,,,1,0,,,,,,,,,0,,,,,,,,,F,,,0,,WE,2/2/17,2/2/17,4:26:43 PM,GBI-045,,MIGO_GR,,0,,,,,,,12:00:00 AM,,,,,,,,,,,0,,,,,
375,5000001512,2017,1,1,0,0,0,101,,KRYPTONITE,SC00,RM00,,,,,,125054,,,0,0,,S,USD,100000.00,0,89743.59,,0,,8284,LB,8284,LB,8284,LB,4500000064,20,,,0,,,0,X,,,,,,NA00,,,,,,,,,,,,2017,,,US00,,0,,0,0,0,,0,2,,,,,,,,,B,,,,0,,,,,0,0,0,,,,,0,,0,0,0,,,,,0,,,,0,0,0,,,,100,LB,,125054,0,0,,0,,0,0,,,,,KRYPTONITE-033,,ME01,WE01,X,X,0,0,S,,,0,,,0,,,,1,0,,,,,,,,,0,,,,,,,,,F,,,0,,WE,2/2/17,2/2/17,4:27:13 PM,GBI-033,,MIGO_GR,,0,,,,,,,12:00:00 AM,,,,,,,,,,,0,,,,,
375,5000001513,2017,1,1,0,0,0,101,,KRYPTONITE,SC00,RM00,,,,,,125080,,,0,0,,S,USD,9000.00,0,9040.14,,0,,16732,LB,16732,LB,16732,LB,4500000088,10,,,0,,,0,X,,,,,,NA00,,,,,,,,,,,,2017,,,US00,,0,,0,0,0,,0,2,,,,,,,,,B,,,,0,,,,,0,0,0,,,,,0,,0,0,0,,,,,0,,,,0,0,0,,,,3,LB,,125080,0,0,,0,,0,0,,,,,KRYPTONITE-060,,ME01,WE01,X,X,0,0,S,,,0,,,0,,,,1,0,,,,,,,,,0,,,,,,,,,F,,,0,,WE,2/3/17,2/3/17,12:22:55 AM,GBI-060,,MIGO_GR,,0,,,,,,,12:00:00 AM,,,,,,,,,,,0,,,,,
375,5000001514,2017,1,1,0,0,0,101,,KRYPTONITE,SC00,RM00,,,,,,125016,,,0,0,,S,USD,100000.00,0,92470.63,,0,,1239,LB,1239,LB,1239,LB,4500000091,10,,,0,,,0,X,,,,,,NA00,,,,,,,,,,,,2017,,,US00,,0,,0,0,0,,0,2,,,,,,,,,B,,,,0,,,,,0,0,0,,,,,0,,0,0,0,,,,,0,,,,0,0,0,,,,100,LB,,125016,0,0,,0,,0,0,,,,,KRYTONITE-029,,ME01,WE01,X,X,100,"100,000.00",S,,,0,,,0,,,,1,0,,,,,,,,,0,,,,,,,,,F,,,0,,WE,2/4/17,2/4/17,7:14:17 PM,GBI-029,,MIGO_GR,,0,,,,,,,12:00:00 AM,,,,,,,,,,,0,,,,,
375,5000001515,2017,1,1,0,0,0,101,,KRYPTONITE,SC00,RM00,,,,,,125081,,,0,0,,S,USD,100000.00,0,15447.99,,0,,12906,LB,12906,LB,12906,LB,4500000096,10,,,0,,,0,X,,,,,,NA00,,,,,,,,,,,,2017,,,US00,,0,,0,0,0,,0,2,,,,,,,,,B,,,,0,,,,,0,0,0,,,,,0,,0,0,0,,,,,0,,,,0,0,0,,,,100,G,,125081,0,0,,0,,0,0,,,,,KRYPTONITE-009,,ME01,WE01,X,X,0,0,S,,,0,,,0,,,,1,0,,,,,,,,,0,,,,,,,,,F,,,0,,WE,2/6/17,2/6/17,2:47:23 PM,GBI-009,,MIGO_GR,,0,,,,,,,12:00:00 AM,,,,,,,,,,,0,,,,,
375,5000001516,2017,1,1,0,0,0,101,,KRYPTONITE,SC00,RM00,,,,,,125011,,,0,0,,S,USD,100000.00,0,24154.59,,0,,2471,LB,2471,LB,2471,LB,4500000094,10,,,0,,,0,X,,,,,,NA00,,,,,,,,,,,,2017,,,US00,,0,,0,0,0,,0,2,,,,,,,,,B,,,,0,,,,,0,0,0,,,,,0,,0,0,0,,,,,0,,,,0,0,0,,,,100,LB,,125011,0,0,,0,,0,0,,,,,KRYPTONITE-011,,ME01,WE01,X,X,100,"100,000.00",S,,,0,,,0,,,,1,0,,,,,,,,,0,,,,,,,,,F,,,0,,WE,2/6/17,2/6/17,5:00:12 PM,GBI-011,,MIGO_GR,,0,,,,,,,12:00:00 AM,,,,,,,,,,,0,,,,,
375,5000001517,2017,1,1,0,0,0,101,,KRYPTONITE,SC00,RM00,,,,,,125053,,,0,0,,S,USD,5000.00,0,5000.00,,0,,4312,LB,4312,LB,4312,LB,4500000098,10,,,0,,,0,X,,,,,,NA00,,,,,,,,,,,,2017,,,US00,,0,,0,0,0,,0,2,,,,,,,,,B,,,,0,,,,,0,0,0,,,,,0,,0,0,0,,,,,0,,,,0,0,0,,,,10,KG,,125053,0,0,,0,,0,0,,,,,KRYPTONITE-013,,ME01,WE01,X,X,10,"5,000.00",S,,,0,,,0,,,,1,0,,,,,,,,,0,,,,,,,,,F,,,0,,WE,2/6/17,2/6/17,10:26:43 PM,GBI-013,,MIGO_GR,,0,,,,,,,12:00:00 AM,,,,,,,,,,,0,,,,,
375,5000001518,2017,1,1,0,0,0,101,,KRYPTONITE,SC00,RM00,,,,,,125031,,,0,0,,S,USD,500000.00,0,2000000.00,,0,,661,LB,661,LB,661,LB,4500000099,10,,,0,,,0,X,,,,,,NA00,,,,,,,,,,,,2017,,,US00,,0,,0,0,0,,0,2,,,,,,,,,B,,,,0,,,,,0,0,0,,,,,0,,0,0,0,,,,,0,,,,0,0,0,,,,500,LB,,125031,0,0,,0,,0,0,,,,,KRYPTONITE-006,,ME01,WE01,X,X,0,0,S,,,0,,,0,,,,1,0,,,,,,,,,0,,,,,,,,,F,,,0,,WE,2/7/17,2/7/17,10:29:37 AM,GBI-006,,MIGO_GR,,0,,,,,,,12:00:00 AM,,,,,,,,,,,0,,,,,
375,5000001519,2017,1,1,0,0,0,101,,ADAMANTIUM,SC00,RM00,,,,,,125008,,,0,0,,S,USD,25000.00,0,250000.00,,0,,3876,LB,3876,LB,3876,LB,4500000104,10,,,0,,,0,X,,,,,,NA00,,,,,,,,,,,,2017,,,US00,,0,,0,0,0,,0,2,,,,,,,,,B,,,,0,,,,,0,0,0,,,,,0,,0,0,0,,,,,0,,,,0,0,0,,,,50,LB,,125008,0,0,,0,,0,0,,,,,ADAMANTIUM-055,,ME01,WE01,X,X,"12,445","6,222,500.00",S,,,0,,,0,,,,1,0,,,,,,,,,0,,,,,,,,,F,,,0,,WE,2/7/17,2/7/17,9:06:38 PM,GBI-055,,MIGO_GR,,0,,,,,,,12:00:00 AM,,,,,,,,,,,0,,,,,
375,5000001520,2017,1,1,0,0,0,101,,IRON,SC00,RM00,,,,,,125040,,,0,0,,S,USD,2000.00,0,4285.71,,0,,15608,LB,15608,LB,15608,LB,4500000109,10,,,0,,,0,X,,,,,,NA00,,,,,,,,,,,,2017,,,US00,,0,,0,0,0,,0,2,,,,,,,,,B,,,,0,,,,,0,0,0,,,,,0,,0,0,0,,,,,0,,,,0,0,0,,,,20,LB,,125040,0,0,,0,,0,0,,,,,IRON-085,,ME01,WE01,X,X,210,"21,000.00",S,,,0,,,0,,,,1,0,,,,,,,,,0,,,,,,,,,F,,,0,,WE,2/7/17,2/7/17,10:36:42 PM,GBI-058,,MIGO_GR,,0,,,,,,,12:00:00 AM,,,,,,,,,,,0,,,,,
375,5000001521,2017,1,1,0,0,0,101,,KRYPTONITE,SC00,RM00,,,,,,125043,,,0,0,,S,USD,200000.00,0,20200000.00,,0,,3707,LB,3707,LB,3707,LB,4500000110,10,,,0,,,0,X,,,,,,NA00,,,,,,,,,,,,2017,,,US00,,0,,0,0,0,,0,2,,,,,,,,,B,,,,0,,,,,0,0,0,,,,,0,,0,0,0,,,,,0,,,,0,0,0,,,,200,LB,,125043,0,0,,0,,0,0,,,,,KRYPTONITE-059,,ME01,WE01,X,X,200,"200,000.00",S,,,0,,,0,,,,1,0,,,,,,,,,0,,,,,,,,,F,,,0,,WE,2/7/17,2/7/17,10:45:51 PM,GBI-059,,MIGO_GR,,0,,,,,,,12:00:00 AM,,,,,,,,,,,0,,,,,
375,5000001522,2017,1,1,0,0,0,101,,KRYPTONITE,SC00,RM00,,,,,,125010,,,0,0,,S,USD,100000.00,0,107089.31,,0,,9955,LB,9955,LB,9955,LB,4500000111,10,,,0,,,0,X,,,,,,NA00,,,,,,,,,,,,2017,,,US00,,0,,0,0,0,,0,2,,,,,,,,,B,,,,0,,,,,0,0,0,,,,,0,,0,0,0,,,,,0,,,,0,0,0,,,,100,LB,,125010,0,0,,0,,0,0,,,,,KRYPTONITE-027,,ME01,WE01,X,X,200,"200,000.00",S,,,0,,,0,,,,1,0,,,,,,,,,0,,,,,,,,,F,,,0,,WE,2/7/17,2/7/17,10:46:12 PM,GBI-027,,MIGO_GR,,0,,,,,,,12:00:00 AM,,,,,,,,,,,0,,,,,
375,5000001523,2017,1,1,0,0,0,101,,MAGICDUST,SC00,RM00,,,,,,125074,,,0,0,,S,USD,150000.00,0,150000.00,,0,,6677,LB,6677,LB,6677,LB,4500000112,10,,,0,,,0,X,,,,,,NA00,,,,,,,,,,,,2017,,,US00,,0,,0,0,0,,0,2,,,,,,,,,B,,,,0,,,,,0,0,0,,,,,0,,0,0,0,,,,,0,,,,0,0,0,,,,100,LB,,125074,0,0,,0,,0,0,,,,,MAGICDUST-037,,ME01,WE01,X,X,100,"150,000.00",S,,,0,,,0,,,,1,0,,,,,,,,,0,,,,,,,,,F,,,0,,WE,2/8/17,2/8/17,4:16:19 AM,GBI-037,,MIGO_GR,,0,,,,,,,12:00:00 AM,,,,,,,,,,,0,,,,,
375,5000001524,2017,1,1,0,0,0,101,,SILVER,SC00,RM00,,,,,,125071,,,0,0,,S,USD,100000.00,0,100000.00,,0,,5739,LB,5739,LB,5739,LB,4500000113,10,,,0,,,0,X,,,,,,NA00,,,,,,,,,,,,2017,,,US00,,0,,0,0,0,,0,2,,,,,,,,,B,,,,0,,,,,0,0,0,,,,,0,,0,0,0,,,,,0,,,,0,0,0,,,,100,LB,,125071,0,0,,0,,0,0,,,,,SILVER-061,,ME01,WE01,X,X,100,"100,000.00",S,,,0,,,0,,,,1,0,,,,,,,,,0,,,,,,,,,F,,,0,,WE,2/8/17,2/8/17,10:54:35 AM,GBI-061,,MIGO_GR,,0,,,,,,,12:00:00 AM,,,,,,,,,,,0,,,,,
375,5000001525,2017,1,1,0,0,0,101,,KRYPTONITE,SC00,RM00,,,,,,125017,,,0,0,,S,USD,20000.00,0,4000.00,,0,,19,LB,19,LB,19,LB,4500000114,10,,,0,,,0,X,,,,,,NA00,,,,,,,,,,,,2017,,,US00,,0,,0,0,0,,0,2,,,,,,,,,B,,,,0,,,,,0,0,0,,,,,0,,0,0,0,,,,,0,,,,0,0,0,,,,20,LB,,125017,0,0,,0,,0,0,,,,,KRYPTONITE-046,,ME01,WE01,X,X,100,"100,000.00",S,,,0,,,0,,,,1,0,,,,,,,,,0,,,,,,,,,F,,,0,,WE,2/8/17,2/8/17,2:01:34 PM,GBI-046,,MIGO_GR,,0,,,,,,,12:00:00 AM,,,,,,,,,,,0,,,,,
375,5000001526,2017,1,1,0,0,0,101,,KRYPTONITE,SC00,RM00,,,,,,125035,,,0,0,,S,USD,140000.00,0,168000.00,,0,,7223,LB,7223,LB,7223,LB,4500000115,10,,,0,,,0,X,,,,,,NA00,,,,,,,,,,,,2017,,,US00,,0,,0,0,0,,0,2,,,,,,,,,B,,,,0,,,,,0,0,0,,,,,0,,0,0,0,,,,,0,,,,0,0,0,,,,140,LB,,125035,0,0,,0,,0,0,,,,,KRYPTONITE GBI-034,,ME01,WE01,X,X,100,"100,000.00",S,,,0,,,0,,,,1,0,,,,,,,,,0,,,,,,,,,F,,,0,,WE,2/8/17,2/8/17,2:25:22 PM,GBI-034,,MIGO_GR,,0,,,,,,,12:00:00 AM,,,,,,,,,,,0,,,,,
375,5000001527,2017,1,1,0,0,0,101,,KRYPTONITE,SC00,RM00,,,,,,125035,,,0,0,,S,USD,180000.00,0,216000.00,,0,,1919,LB,1919,LB,1919,LB,4500000123,10,,,0,,,0,X,,,,,,NA00,,,,,,,,,,,,2017,,,US00,,0,,0,0,0,,0,2,,,,,,,,,B,,,,0,,,,,0,0,0,,,,,0,,0,0,0,,,,,0,,,,0,0,0,,,,180,LB,,125035,0,0,,0,,0,0,,,,,KRYPTONITE GBI-034,,ME01,WE01,X,X,240,"240,000.00",S,,,0,,,0,,,,1,0,,,,,,,,,0,,,,,,,,,F,,,0,,WE,2/8/17,2/8/17,2:47:29 PM,GBI-034,,MIGO_GR,,0,,,,,,,12:00:00 AM,,,,,,,,,,,0,,,,,
375,5000001528,2017,1,1,0,0,0,101,,DIAMOND,SC00,RM00,,,,,,125003,,,0,0,,S,USD,150000.00,0,150000.00,,0,,16390,LB,16390,LB,16390,LB,4500000122,10,,,0,,,0,X,,,,,,NA00,,,,,,,,,,,,2017,,,US00,,0,,0,0,0,,0,2,,,,,,,,,B,,,,0,,,,,0,0,0,,,,,0,,0,0,0,,,,,0,,,,0,0,0,,,,100,LB,,125003,0,0,,0,,0,0,,,,,DIAMOND-032,,ME01,WE01,X,X,20,"30,000.00",S,,,0,,,0,,,,1,0,,,,,,,,,0,,,,,,,,,F,,,0,,WE,2/8/17,2/8/17,2:47:31 PM,GBI-032,,MIGO_GR,,0,,,,,,,12:00:00 AM,,,,,,,,,,,0,,,,,
375,5000001529,2017,1,1,0,0,0,101,,KRYPTONITE,SC00,RM00,,,,,,125007,,,0,0,,S,USD,20000.00,0,22000.00,,0,,8849,LB,8849,LB,8849,LB,4500000128,10,,,0,,,0,X,,,,,,NA00,,,,,,,,,,,,2017,,,US00,,0,,0,0,0,,0,2,,,,,,,,,B,,,,0,,,,,0,0,0,,,,,0,,0,0,0,,,,,0,,,,0,0,0,,,,20,LB,,125007,0,0,,0,,0,0,,,,,KRYPTONITE-040,,ME01,WE01,X,X,20,"20,000.00",S,,,0,,,0,,,,1,0,,,,,,,,,0,,,,,,,,,F,,,0,,WE,2/8/17,2/8/17,5:00:36 PM,GBI-040,,MIGO_GR,,0,,,,,,,12:00:00 AM,,,,,,,,,,,0,,,,,
375,5000001530,2017,1,1,0,0,0,101,,KRYPTONITE,SC00,RM00,,,,,,125027,,,0,0,,S,USD,100000.00,0,1000.00,,0,,7987,LB,7987,LB,7987,LB,4500000100,10,,,0,,,0,X,,,,,,NA00,,,,,,,,,,,,2017,,,US00,,0,,0,0,0,,0,2,,,,,,,,,B,,,,0,,,,,0,0,0,,,,,0,,0,0,0,,,,,0,,,,0,0,0,,,,100,LB,,125027,0,0,,0,,0,0,,,,,KRYPTONITE-020,,ME01,WE01,X,X,10,"10,000.00",S,,,0,,,0,,,,1,0,,,,,,,,,0,,,,,,,,,F,,,0,,WE,2/8/17,2/8/17,7:30:32 PM,GBI-020,,MIGO_GR,,0,,,,,,,12:00:00 AM,,,,,,,,,,,0,,,,,
375,5000001531,2017,1,1,0,0,0,101,,KRYPTONITE,SC00,RM00,,,,,,125024,,,0,0,,S,USD,1000.00,0,1000.00,,0,,14529,LB,14529,LB,14529,LB,4500000132,10,,,0,,,0,X,,,,,,NA00,,,,,,,,,,,,2017,,,US00,,0,,0,0,0,,0,2,,,,,,,,,B,,,,0,,,,,0,0,0,,,,,0,,0,0,0,,,,,0,,,,0,0,0,,,,1,LB,,125024,0,0,,0,,0,0,,,,,KRYPTONITE-010,,ME01,WE01,X,X,1,"1,000.00",S,,,0,,,0,,,,1,0,,,,,,,,,0,,,,,,,,,F,,,0,,WE,2/8/17,2/8/17,7:54:31 PM,GBI-010,,MIGO_GR,,0,,,,,,,12:00:00 AM,,,,,,,,,,,0,,,,,
375,5000001532,2017,1,1,0,0,0,101,,LIQUID,SC00,RM00,,,,,,125038,,,0,0,,S,USD,200.00,0,217.86,,0,,51,FOZ,51,FOZ,51,FOZ,4500000138,10,,,0,,,0,X,,,,,,NA00,,,,,,,,,,,,2017,,,US00,,0,,0,0,0,,0,2,,,,,,,,,B,,,,0,,,,,0,0,0,,,,,0,,0,0,0,,,,,0,,,,0,0,0,,,,1,FOZ,,125038,0,0,,0,,0,0,,,,,LIQUID-054,,ME01,WE01,X,X,101,"20,200.00",S,,,0,,,0,,,,1,0,,,,,,,,,0,,,,,,,,,F,,,0,,WE,2/8/17,2/8/17,8:54:34 PM,GBI-054,,MIGO_GR,,0,,,,,,,12:00:00 AM,,,,,,,,,,,0,,,,,
375,5000001533,2017,1,1,0,0,0,101,,KRYPTONITE,SC00,RM00,,,,,,125036,,,0,0,,S,USD,4000.00,0,40.00,,0,,6543,LB,6543,LB,6543,LB,4500000137,10,,,0,,,0,X,,,,,,NA00,,,,,,,,,,,,2017,,,US00,,0,,0,0,0,,0,2,,,,,,,,,B,,,,0,,,,,0,0,0,,,,,0,,0,0,0,,,,,0,,,,0,0,0,,,,2,KG,,125036,0,0,,0,,0,0,,,,,KRYPTONITE-053,,ME01,WE01,X,X,2,"4,000.00",S,,,0,,,0,,,,1,0,,,,,,,,,0,,,,,,,,,F,,,0,,WE,2/8/17,2/8/17,8:55:09 PM,GBI-053,,MIGO_GR,,0,,,,,,,12:00:00 AM,,,,,,,,,,,0,,,,,
375,5000001534,2017,1,1,0,0,0,101,,KRYPTONITE,SC00,RM00,,,,,,125078,,,0,0,,S,USD,10000.00,0,20000.00,,0,,10377,LB,10377,LB,10377,LB,4500000142,10,,,0,,,0,X,,,,,,NA00,,,,,,,,,,,,2017,,,US00,,0,,0,0,0,,0,2,,,,,,,,,B,,,,0,,,,,0,0,0,,,,,0,,0,0,0,,,,,0,,,,0,0,0,,,,10,GAL,,125078,0,0,,0,,0,0,,,,,KRYPTONITE-GBI048V,,ME01,WE01,X,X,2,"2,000.00",S,,,0,,,0,,,,1,0,,,,,,,,,0,,,,,,,,,F,,,0,,WE,2/8/17,2/8/17,10:03:31 PM,GBI-048,,MIGO_GR,,0,,,,,,,12:00:00 AM,,,,,,,,,,,0,,,,,
375,5000001535,2017,1,1,0,0,0,101,,KRYPTONITE,SC00,RM00,,,,,,125018,,,0,0,,S,USD,1000000.00,0,949400.00,,0,,14380,LB,14380,LB,14380,LB,4500000117,10,,,0,,,0,X,,,,,,NA00,,,,,,,,,,,,2017,,,US00,,0,,0,0,0,,0,2,,,,,,,,,B,,,,0,,,,,0,0,0,,,,,0,,0,0,0,,,,,0,,,,0,0,0,,,,"1,000",LB,,125018,0,0,,0,,0,0,,,,,KRYPTONITE-017,,ME01,WE01,X,X,"1,000","1,000,000.00",S,,,0,,,0,,,,1,0,,,,,,,,,0,,,,,,,,,F,,,0,,WE,2/8/17,2/8/17,10:03:58 PM,GBI-017,,MIGO_GR,,0,,,,,,,12:00:00 AM,,,,,,,,,,,0,,,,,
375,5000001536,2017,1,1,0,0,0,101,,KRYPTONITE,SC00,RM00,,,,,,125032,,,0,0,,S,USD,12000.00,0,12000.00,,0,,18354,LB,18354,LB,18354,LB,4500000143,10,,,0,,,0,X,,,,,,NA00,,,,,,,,,,,,2017,,,US00,,0,,0,0,0,,0,2,,,,,,,,,B,,,,0,,,,,0,0,0,,,,,0,,0,0,0,,,,,0,,,,0,0,0,,,,10,LB,,125032,0,0,,0,,0,0,,,,,KRYPTONITE-MOHIT,,ME01,WE01,X,X,10,"12,000.00",S,,,0,,,0,,,,1,0,,,,,,,,,0,,,,,,,,,F,,,0,,WE,2/8/17,2/8/17,10:16:27 PM,GBI-050,,MIGO_GR,,0,,,,,,,12:00:00 AM,,,,,,,,,,,0,,,,,
375,5000001537,2017,1,1,0,0,0,101,,KRYPTONITE,SC00,RM00,,,,,,125039,,,0,0,,S,USD,1000000.00,0,1200000.00,,0,,8627,LB,8627,LB,8627,LB,4500000139,10,,,0,,,0,X,,,,,,NA00,,,,,,,,,,,,2017,,,US00,,0,,0,0,0,,0,2,,,,,,,,,B,,,,0,,,,,0,0,0,,,,,0,,0,0,0,,,,,0,,,,0,0,0,,,,"1,000",LB,,125039,0,0,,0,,0,0,,,,,KRYPTONITE-021,,ME01,WE01,X,X,"1,000","1,000,000.00",S,,,0,,,0,,,,1,0,,,,,,,,,0,,,,,,,,,F,,,0,,WE,2/8/17,2/8/17,10:34:33 PM,GBI-021,,MIGO_GR,,0,,,,,,,12:00:00 AM,,,,,,,,,,,0,,,,,
375,5000001538,2017,1,1,0,0,0,101,,KRYPTONITE,SC00,RM00,,,,,,125080,,,0,0,,S,USD,30000.00,0,30133.80,,0,,4235,LB,4235,LB,4235,LB,4500000141,10,,,0,,,0,X,,,,,,NA00,,,,,,,,,,,,2017,,,US00,,0,,0,0,0,,0,2,,,,,,,,,B,,,,0,,,,,0,0,0,,,,,0,,0,0,0,,,,,0,,,,0,0,0,,,,10,LB,,125080,0,0,,0,,0,0,,,,,KRYPTONITE-060,,ME01,WE01,X,X,3,"9,000.00",S,,,0,,,0,,,,1,0,,,,,,,,,0,,,,,,,,,F,,,0,,WE,2/8/17,2/8/17,10:48:52 PM,GBI-060,,MIGO_GR,,0,,,,,,,12:00:00 AM,,,,,,,,,,,0,,,,,
375,5000001539,2017,1,1,0,0,0,101,,KRYPTONITE,SC00,RM00,,,,,,125060,,,0,0,,S,USD,10000.00,0,10000.00,,0,,12641,LB,12641,LB,12641,LB,4500000147,10,,,0,,,0,X,,,,,,NA00,,,,,,,,,,,,2017,,,US00,,0,,0,0,0,,0,2,,,,,,,,,B,,,,0,,,,,0,0,0,,,,,0,,0,0,0,,,,,0,,,,0,0,0,,,,10,LB,,125060,0,0,,0,,0,0,,,,,KRYPTONITE,,ME01,WE01,X,X,"1,700","1,700,000.00",S,,,0,,,0,,,,1,0,,,,,,,,,0,,,,,,,,,F,,,0,,WE,2/8/17,2/8/17,10:58:15 PM,GBI-051,,MIGO_GR,,0,,,,,,,12:00:00 AM,,,,,,,,,,,0,,,,,
375,5000001540,2017,1,1,0,0,0,101,,KRYPTONITE,SC00,RM00,,,,,,125080,,,0,0,,S,USD,30000.00,0,30000.00,,0,,18195,LB,18195,LB,18195,LB,4500000148,10,,,0,,,0,X,,,,,,NA00,,,,,,,,,,,,2017,,,US00,,0,,0,0,0,,0,2,,,,,,,,,B,,,,0,,,,,0,0,0,,,,,0,,0,0,0,,,,,0,,,,0,0,0,,,,10,LB,,125080,0,0,,0,,0,0,,,,,KRYPTONITE-060,,ME01,WE01,X,X,13,"39,000.00",S,,,0,,,0,,,,1,0,,,,,,,,,0,,,,,,,,,F,,,0,,WE,2/8/17,2/8/17,11:01:23 PM,GBI-060,,MIGO_GR,,0,,,,,,,12:00:00 AM,,,,,,,,,,,0,,,,,
375,5000001541,2017,1,1,0,0,0,101,,KRYPTONITE,SC00,RM00,,,,,,125026,,,0,0,,S,USD,10000.00,0,1282.05,,0,,8947,LB,8947,LB,8947,LB,4500000149,10,,,0,,,0,X,,,,,,NA00,,,,,,,,,,,,2017,,,US00,,0,,0,0,0,,0,2,,,,,,,,,B,,,,0,,,,,0,0,0,,,,,0,,0,0,0,,,,,0,,,,0,0,0,,,,10,LB,,125026,0,0,,0,,0,0,,,,,KRYPTONITE-023,,ME01,WE01,X,X,100,"100,000.00",S,,,0,,,0,,,,1,0,,,,,,,,,0,,,,,,,,,F,,,0,,WE,2/8/17,2/8/17,11:12:06 PM,GBI-023,,MIGO_GR,,0,,,,,,,12:00:00 AM,,,,,,,,,,,0,,,,,
375,5000001542,2017,1,1,0,0,0,101,,KRYPTONITE,SC00,RM00,,,,,,125018,,,0,0,,S,USD,1000000.00,0,940000.00,,0,,17961,LB,17961,LB,17961,LB,4500000150,10,,,0,,,0,X,,,,,,NA00,,,,,,,,,,,,2017,,,US00,,0,,0,0,0,,0,2,,,,,,,,,B,,,,0,,,,,0,0,0,,,,,0,,0,0,0,,,,,0,,,,0,0,0,,,,"1,000",LB,,125018,0,0,,0,,0,0,,,,,KRYPTONITE-017,,ME01,WE01,X,X,"2,000","2,000,000.00",S,,,0,,,0,,,,1,0,,,,,,,,,0,,,,,,,,,F,,,0,,WE,2/8/17,2/8/17,11:17:44 PM,GBI-017,,MIGO_GR,,0,,,,,,,12:00:00 AM,,,,,,,,,,,0,,,,,
375,5000001543,2017,1,1,0,0,0,101,,KRYPTONITE,SC00,RM00,,,,,,125018,,,0,0,,S,USD,1000000.00,0,940000.00,,0,,3341,LB,3341,LB,3341,LB,4500000151,10,,,0,,,0,X,,,,,,NA00,,,,,,,,,,,,2017,,,US00,,0,,0,0,0,,0,2,,,,,,,,,B,,,,0,,,,,0,0,0,,,,,0,,0,0,0,,,,,0,,,,0,0,0,,,,"1,000",LB,,125018,0,0,,0,,0,0,,,,,KRYPTONITE-017,,ME01,WE01,X,X,"3,000","3,000,000.00",S,,,0,,,0,,,,1,0,,,,,,,,,0,,,,,,,,,F,,,0,,WE,2/8/17,2/8/17,11:28:41 PM,GBI-017,,MIGO_GR,,0,,,,,,,12:00:00 AM,,,,,,,,,,,0,,,,,
375,5000001544,2017,1,1,0,0,0,101,,KRYPTONITE,SC00,RM00,,,,,,125083,,,0,0,,S,USD,10000.00,0,10100.00,,0,,42,LB,42,LB,42,LB,4500000153,10,,,0,,,0,X,,,,,,NA00,,,,,,,,,,,,2017,,,US00,,0,,0,0,0,,0,2,,,,,,,,,B,,,,0,,,,,0,0,0,,,,,0,,0,0,0,,,,,0,,,,0,0,0,,,,10,LB,,125083,0,0,,0,,0,0,,,,,KRYPTONITE-031,,ME01,WE01,X,X,0,0,S,,,0,,,0,,,,1,0,,,,,,,,,0,,,,,,,,,F,,,0,,WE,2/9/17,2/9/17,2:03:44 AM,GBI-031,,MIGO_GR,,0,,,,,,,12:00:00 AM,,,,,,,,,,,0,,,,,
375,5000001545,2017,1,1,0,0,0,101,,RUBY,SC00,RM00,,,,,,125046,,,0,0,,S,USD,45000.00,0,48000.00,,0,,37,G,37,G,37,G,4500000155,10,,,0,,,0,X,,,,,,NA00,,,,,,,,,,,,2017,,,US00,,0,,0,0,0,,0,2,,,,,,,,,B,,,,0,,,,,0,0,0,,,,,0,,0,0,0,,,,,0,,,,0,0,0,,,,300,G,,125046,0,0,,0,,0,0,,,,,RUBY-045,,ME01,WE01,X,X,200,"30,000.00",S,,,0,,,0,,,,1,0,,,,,,,,,0,,,,,,,,,F,,,0,,WE,2/9/17,2/9/17,9:07:32 AM,GBI-045,,MIGO_GR,,0,,,,,,,12:00:00 AM,,,,,,,,,,,0,,,,,
375,5000001546,2017,1,1,0,0,0,101,,KRYPTONITE,SC00,RM00,,,,,,125042,,,0,0,,S,USD,50000.00,0,50000.00,,0,,19298,LB,19298,LB,19298,LB,4500000157,10,,,0,,,0,X,,,,,,NA00,,,,,,,,,,,,2017,,,US00,,0,,0,0,0,,0,2,,,,,,,,,B,,,,0,,,,,0,0,0,,,,,0,,0,0,0,,,,,0,,,,0,0,0,,,,50,LB,,125042,0,0,,0,,0,0,,,,,KRYPTONITE-043,,ME01,WE01,X,X,100,"100,000.00",S,,,0,,,0,,,,1,0,,,,,,,,,0,,,,,,,,,F,,,0,,WE,2/9/17,2/9/17,9:49:03 AM,GBI-043,,MIGO_GR,,0,,,,,,,12:00:00 AM,,,,,,,,,,,0,,,,,
375,5000001547,2017,1,1,0,0,0,101,,PALLADIUM,SC00,RM00,,,,,,125006,,,0,0,,S,USD,4000.00,0,128.51,,0,,526,G,526,G,526,G,4500000131,10,,,0,,,0,X,,,,,,NA00,,,,,,,,,,,,2017,,,US00,,0,,0,0,0,,0,2,,,,,,,,,B,,,,0,,,,,0,0,0,,,,,0,,0,0,0,,,,,0,,,,0,0,0,,,,40,G,,125006,0,0,,0,,0,0,,,,,PALLADIUM-035,,ME01,WE01,X,X,10,"1,000.00",S,,,0,,,0,,,,1,0,,,,,,,,,0,,,,,,,,,F,,,0,,WE,2/9/17,2/9/17,10:34:28 AM,GBI-035,,MIGO_GR,,0,,,,,,,12:00:00 AM,,,,,,,,,,,0,,,,,
375,5000001548,2017,1,1,0,0,0,101,,KRYPTONITE,SC00,RM00,,,,,,125029,,,0,0,,S,USD,2000.00,0,400.00,,0,,3938,LB,3938,LB,3938,LB,4500000158,10,,,0,,,0,X,,,,,,NA00,,,,,,,,,,,,2017,,,US00,,0,,0,0,0,,0,2,,,,,,,,,B,,,,0,,,,,0,0,0,,,,,0,,0,0,0,,,,,0,,,,0,0,0,,,,2,LB,,125029,0,0,,0,,0,0,,,,,KRYPTONITE-049,,ME01,WE01,X,X,5,"5,000.00",S,,,0,,,0,,,,1,0,,,,,,,,,0,,,,,,,,,F,,,0,,WE,2/9/17,2/9/17,11:14:50 AM,GBI-049,,MIGO_GR,,0,,,,,,,12:00:00 AM,,,,,,,,,,,0,,,,,
375,5000001549,2017,1,1,0,0,0,101,,PALLADIUM,SC00,RM00,,,,,,125006,,,0,0,,S,USD,5000.00,0,160.63,,0,,917,G,917,G,917,G,4500000160,10,,,0,,,0,X,,,,,,NA00,,,,,,,,,,,,2017,,,US00,,0,,0,0,0,,0,2,,,,,,,,,B,,,,0,,,,,0,0,0,,,,,0,,0,0,0,,,,,0,,,,0,0,0,,,,50,G,,125006,0,0,,0,,0,0,,,,,PALLADIUM-035,,ME01,WE01,X,X,50,"5,000.00",S,,,0,,,0,,,,1,0,,,,,,,,,0,,,,,,,,,F,,,0,,WE,2/9/17,2/9/17,11:19:32 AM,GBI-035,,MIGO_GR,,0,,,,,,,12:00:00 AM,,,,,,,,,,,0,,,,,
375,5000001550,2017,1,1,0,0,0,101,,KRYPTONITE,SC00,RM00,,,,,,125082,,,0,0,,S,USD,100000.00,0,100000.00,,0,,7253,LB,7253,LB,7253,LB,4500000101,10,,,0,,,0,X,,,,,,NA00,,,,,,,,,,,,2017,,,US00,,0,,0,0,0,,0,2,,,,,,,,,B,,,,0,,,,,0,0,0,,,,,0,,0,0,0,,,,,0,,,,0,0,0,,,,100,LB,,125082,0,0,,0,,0,0,,,,,KRYPTONITE,,ME01,WE01,X,X,"1,710","1,710,000.00",S,,,0,,,0,,,,1,0,,,,,,,,,0,,,,,,,,,F,,,0,,WE,2/10/17,2/10/17,6:28:30 PM,GBI-039,,MIGO_GR,,0,,,,,,,12:00:00 AM,,,,,,,,,,,0,,,,,
375,5000001551,2017,1,1,0,0,0,101,,TEST,SC00,RM00,,,,,,125047,,,0,0,,S,USD,9000.00,0,900000.00,,0,,15629,LB,15629,LB,15629,LB,4500000171,10,,,0,,,0,X,,,,,,NA00,,,,,,,,,,,,2017,,,US00,,0,,0,0,0,,0,2,,,,,,,,,B,,,,0,,,,,0,0,0,,,,,0,,0,0,0,,,,,0,,,,0,0,0,,,,90,LB,,125047,0,0,,0,,0,0,,,,,TEST1,,ME01,WE01,X,X,0,0,S,,,0,,,90,LB,,,1,0,,,,,,,,,0,,,,,,,,,F,,,0,,WE,2/13/17,2/13/17,3:03:38 PM,GBI-065,,MIGO_GR,,0,,,,,,,12:00:00 AM,,,,,,,,,,,0,,,,,
375,5000001552,2017,1,1,0,0,0,101,,TEST,SC00,RM00,,,,,,125047,,,0,0,,S,USD,8000.00,0,800000.00,,0,,17306,LB,17306,LB,17306,LB,4500000172,10,,,0,,,0,,,,,,,NA00,,,,,,,,,,,,2017,,,US00,,0,,0,0,0,,0,2,,,,,,,,,B,,,,0,,,,,0,0,0,,,,,0,,0,0,0,,,,,0,,,,0,0,0,,,,80,LB,,125047,0,0,,0,,0,0,,,,,TEST1,,ME01,WE01,X,X,90,"9,000.00",S,,,0,,,0,,,,1,0,,,,,,,,,0,,,,,,,,,F,,,0,,WE,2/13/17,2/13/17,3:21:16 PM,GBI-065,,MIGO_GR,,0,,,,,,,12:00:00 AM,,,,,,,,,,,0,,,,,
375,5000001553,2017,1,1,0,0,0,101,,KRYPTONITE,SC00,RM00,,,,,,125000,,,0,0,,S,USD,98000.00,0,2617.58,,0,,11437,LB,11437,LB,11437,LB,4500000173,10,,,0,,,0,,,,,,,NA00,,,,,,,,,,,,2017,,,US00,,0,,0,0,0,,0,2,,,,,,,,,B,,,,0,,,,,0,0,0,,,,,0,,0,0,0,,,,,0,,,,0,0,0,,,,98,LB,,125000,0,0,,0,,0,0,,,,,KRYPTONITE,,ME01,WE01,X,X,"1,810","1,810,000.00",S,,,0,,,0,,,,1,0,,,,,,,,,0,,,,,,,,,F,,,0,,WE,2/13/17,2/13/17,3:41:36 PM,GBIFAC-01,,MIGO_GR,,0,,,,,,,12:00:00 AM,,,,,,,,,,,0,,,,,
375,5000001554,2017,1,1,0,0,0,101,,KRYPTONITE,SC00,RM00,,,,,,125000,,,0,0,,S,USD,98000.00,0,2617.58,,0,,141,LB,141,LB,141,LB,4500000174,10,,,0,,,0,X,,,,,,NA00,,,,,,,,,,,,2017,,,US00,,0,,0,0,0,,0,2,,,,,,,,,B,,,,0,,,,,0,0,0,,,,,0,,0,0,0,,,,,0,,,,0,0,0,,,,98,LB,,125000,0,0,,0,,0,0,,,,,KRYPTONITE,,ME01,WE01,X,X,"1,908","1,908,000.00",S,,,0,,,0,,,,1,0,,,,,,,,,0,,,,,,,,,F,,,0,,WE,2/13/17,2/13/17,3:55:25 PM,GBIFAC-01,,MIGO_GR,,0,,,,,,,12:00:00 AM,,,,,,,,,,,0,,,,,
375,5000001555,2017,1,1,0,0,0,101,,KRYPTONITE,SC00,RM00,,,,,,125000,,,0,0,,S,USD,50000.00,0,1335.50,,0,,13189,LB,13189,LB,13189,LB,4500000175,10,,,0,,,0,X,,,,,,NA00,,,,,,,,,,,,2017,,,US00,,0,,0,0,0,,0,2,,,,,,,,,B,,,,0,,,,,0,0,0,,,,,0,,0,0,0,,,,,0,,,,0,0,0,,,,50,LB,,125000,0,0,,0,,0,0,,,,,KRYPTONITE,,ME01,WE01,X,X,"2,006","2,006,000.00",S,,,0,,,0,,,,1,0,,,,,,,,,0,,,,,,,,,F,,,0,,WE,2/13/17,2/13/17,3:59:49 PM,GBIFAC-01,,MIGO_GR,,0,,,,,,,12:00:00 AM,,,,,,,,,,,0,,,,,
375,5000001556,2017,1,1,0,0,0,101,,KRYPTONITE,SC00,RM00,,,,,,125000,,,0,0,,S,USD,98000.00,0,2617.58,,0,,6350,LB,6350,LB,6350,LB,4500000185,10,,,0,,,0,X,,,,,,NA00,,,,,,,,,,,,2017,,,US00,,0,,0,0,0,,0,2,,,,,,,,,B,,,,0,,,,,0,0,0,,,,,0,,0,0,0,,,,,0,,,,0,0,0,,,,98,LB,,125000,0,0,,0,,0,0,,,,,KRYPTONITE,,ME01,WE01,X,X,"2,056","2,056,000.00",S,,,0,,,0,,,,1,0,,,,,,,,,0,,,,,,,,,F,,,0,,WE,2/14/17,2/14/17,7:19:13 PM,GBIFAC-01,,MIGO_GR,,0,,,,,,,12:00:00 AM,,,,,,,,,,,0,,,,,
375,5000001557,2017,1,1,0,0,0,101,,HEXNT,SC00,RM00,,,,,,125094,,,0,0,,S,USD,12300.00,0,12200.00,,0,,14909,LB,14909,LB,14909,LB,4500000186,10,,,0,,,0,X,,,,,,NA00,,,,,,,,,,,,2017,,,US00,,0,,0,0,0,,0,2,,,,,,,,,B,,,,0,,,,,0,0,0,,,,,0,,0,0,0,,,,,0,,,,0,0,0,,,,"10,000",LB,,125094,0,0,,0,,0,0,,,,,HEXNT-01,,ME01,WE01,X,X,0,0,S,,,0,,,0,,,,1,0,,,,,,,,,0,,,,,,,,,F,,,0,,WE,2/14/17,2/14/17,7:58:17 PM,GBI-050,,MIGO_GR,,0,,,,,,,12:00:00 AM,,,,,,,,,,,0,,,,,
375,5000001558,2017,1,1,0,0,0,101,,HEXNT,SC00,RM00,,,,,,125094,,,0,0,,S,USD,12300.00,0,12300.00,,0,,16714,LB,16714,LB,16714,LB,4500000187,10,,,0,,,0,X,,,,,,NA00,,,,,,,,,,,,2017,,,US00,,0,,0,0,0,,0,2,,,,,,,,,B,,,,0,,,,,0,0,0,,,,,0,,0,0,0,,,,,0,,,,0,0,0,,,,"10,000",LB,,125094,0,0,,0,,0,0,,,,,HEXNT-01,,ME01,WE01,X,X,"10,000","12,300.00",S,,,0,,,0,,,,1,0,,,,,,,,,0,,,,,,,,,F,,,0,,WE,2/14/17,2/14/17,8:00:11 PM,GBI-050,,MIGO_GR,,0,,,,,,,12:00:00 AM,,,,,,,,,,,0,,,,,
375,5000001559,2017,1,1,0,0,0,101,,HEXNT,SC00,RM00,,,,,,125094,,,0,0,,S,USD,12300.00,0,12300.00,,0,,2765,LB,2765,LB,2765,LB,4500000188,10,,,0,,,0,X,,,,,,NA00,,,,,,,,,,,,2017,,,US00,,0,,0,0,0,,0,2,,,,,,,,,B,,,,0,,,,,0,0,0,,,,,0,,0,0,0,,,,,0,,,,0,0,0,,,,"10,000",LB,,125094,0,0,,0,,0,0,,,,,HEXNT-01,,ME01,WE01,X,X,"20,000","24,600.00",S,,,0,,,0,,,,1,0,,,,,,,,,0,,,,,,,,,F,,,0,,WE,2/14/17,2/14/17,8:00:47 PM,GBI-050,,MIGO_GR,,0,,,,,,,12:00:00 AM,,,,,,,,,,,0,,,,,
375,5000001560,2017,1,1,0,0,0,101,,HEXNT,SC00,RM00,,,,,,125094,,,0,0,,S,USD,12300.00,0,12300.00,,0,,8692,LB,8692,LB,8692,LB,4500000189,10,,,0,,,0,X,,,,,,NA00,,,,,,,,,,,,2017,,,US00,,0,,0,0,0,,0,2,,,,,,,,,B,,,,0,,,,,0,0,0,,,,,0,,0,0,0,,,,,0,,,,0,0,0,,,,"10,000",LB,,125094,0,0,,0,,0,0,,,,,HEXNT-01,,ME01,WE01,X,X,"30,000","36,900.00",S,,,0,,,0,,,,1,0,,,,,,,,,0,,,,,,,,,F,,,0,,WE,2/14/17,2/14/17,8:01:15 PM,GBI-050,,MIGO_GR,,0,,,,,,,12:00:00 AM,,,,,,,,,,,0,,,,,
375,5000001561,2017,1,1,0,0,0,101,,HEXNT,SC00,RM00,,,,,,125094,,,0,0,,S,USD,12300.00,0,12400.00,,0,,1037,LB,1037,LB,1037,LB,4500000190,10,,,0,,,0,X,,,,,,NA00,,,,,,,,,,,,2017,,,US00,,0,,0,0,0,,0,2,,,,,,,,,B,,,,0,,,,,0,0,0,,,,,0,,0,0,0,,,,,0,,,,0,0,0,,,,"10,000",LB,,125094,0,0,,0,,0,0,,,,,HEXNT-01,,ME01,WE01,X,X,"40,000","49,200.00",S,,,0,,,0,,,,1,0,,,,,,,,,0,,,,,,,,,F,,,0,,WE,2/14/17,2/14/17,8:01:43 PM,GBI-050,,MIGO_GR,,0,,,,,,,12:00:00 AM,,,,,,,,,,,0,,,,,
375,5000001562,2017,1,1,0,0,0,101,,HEXNT,SC00,RM00,,,,,,125094,,,0,0,,S,USD,12300.00,0,12200.00,,0,,8249,LB,8249,LB,8249,LB,4500000191,10,,,0,,,0,X,,,,,,NA00,,,,,,,,,,,,2017,,,US00,,0,,0,0,0,,0,2,,,,,,,,,B,,,,0,,,,,0,0,0,,,,,0,,0,0,0,,,,,0,,,,0,0,0,,,,"10,000",LB,,125094,0,0,,0,,0,0,,,,,HEXNT-01,,ME01,WE01,X,X,"50,000","61,500.00",S,,,0,,,0,,,,1,0,,,,,,,,,0,,,,,,,,,F,,,0,,WE,2/14/17,2/14/17,8:02:08 PM,GBI-050,,MIGO_GR,,0,,,,,,,12:00:00 AM,,,,,,,,,,,0,,,,,
375,5000001563,2017,1,3,0,0,0,101,,GOLD,SC00,RM00,,,,,,125070,,,0,0,,S,USD,800.00,0,1008.00,,0,,578,G,578,G,578,G,4500000121,10,,,0,,,0,X,,,,,,NA00,,,,,,,,,,,,2017,,,US00,,0,,0,0,0,,0,2,,,,,,,,,B,,,,0,,,,,0,0,0,,,,,0,,0,0,0,,,,,0,,,,0,0,0,,,,20,G,,125070,0,0,,0,,0,0,,,,,GOLD-026,,ME01,WE01,X,X,2,80,S,,,0,,,0,,,,1,0,,,,,,,,,0,,,,,,,,,F,,,0,,WE,2/14/17,2/14/17,9:45:16 PM,GBI-026,,MIGO_GR,,0,,,,,,,12:00:00 AM,,,,,,,,,,,0,,,,,
375,5000001564,2017,1,1,0,0,0,101,,HEXNT,SC00,RM00,,,,,,125094,,,0,0,,S,USD,12300.00,0,12300.00,,0,,14903,LB,14903,LB,14903,LB,4500000192,10,,,0,,,0,X,,,,,,NA00,,,,,,,,,,,,2017,,,US00,,0,,0,0,0,,0,2,,,,,,,,,B,,,,0,,,,,0,0,0,,,,,0,,0,0,0,,,,,0,,,,0,0,0,,,,"10,000",LB,,125094,0,0,,0,,0,0,,,,,HEXNT-01,,ME01,WE01,X,X,"60,000","73,800.00",S,,,0,,,0,,,,1,0,,,,,,,,,0,,,,,,,,,F,,,0,,WE,2/14/17,2/14/17,10:13:28 PM,GBI-046,,MIGO_GR,,0,,,,,,,12:00:00 AM,,,,,,,,,,,0,,,,,
375,5000001565,2017,1,1,0,0,0,101,,HEXNT,SC00,RM00,,,,,,125094,,,0,0,,S,USD,12300.00,0,12300.00,,0,,13681,LB,13681,LB,13681,LB,4500000193,10,,,0,,,0,X,,,,,,NA00,,,,,,,,,,,,2017,,,US00,,0,,0,0,0,,0,2,,,,,,,,,B,,,,0,,,,,0,0,0,,,,,0,,0,0,0,,,,,0,,,,0,0,0,,,,"10,000",LB,,125094,0,0,,0,,0,0,,,,,HEXNT-01,,ME01,WE01,X,X,"70,000","86,100.00",S,,,0,,,0,,,,1,0,,,,,,,,,0,,,,,,,,,F,,,0,,WE,2/14/17,2/14/17,10:14:24 PM,GBI-046,,MIGO_GR,,0,,,,,,,12:00:00 AM,,,,,,,,,,,0,,,,,
375,5000001566,2017,1,1,0,0,0,101,,HEXNT,SC00,RM00,,,,,,125094,,,0,0,,S,USD,12300.00,0,12200.00,,0,,12380,LB,12380,LB,12380,LB,4500000194,10,,,0,,,0,X,,,,,,NA00,,,,,,,,,,,,2017,,,US00,,0,,0,0,0,,0,2,,,,,,,,,B,,,,0,,,,,0,0,0,,,,,0,,0,0,0,,,,,0,,,,0,0,0,,,,"10,000",LB,,125094,0,0,,0,,0,0,,,,,HEXNT-01,,ME01,WE01,X,X,"80,000","98,400.00",S,,,0,,,0,,,,1,0,,,,,,,,,0,,,,,,,,,F,,,0,,WE,2/14/17,2/14/17,10:14:59 PM,GBI-046,,MIGO_GR,,0,,,,,,,12:00:00 AM,,,,,,,,,,,0,,,,,
375,5000001567,2017,1,1,0,0,0,101,,HEXNT,SC00,RM00,,,,,,125094,,,0,0,,S,USD,12300.00,0,12200.00,,0,,17275,LB,17275,LB,17275,LB,4500000195,10,,,0,,,0,X,,,,,,NA00,,,,,,,,,,,,2017,,,US00,,0,,0,0,0,,0,2,,,,,,,,,B,,,,0,,,,,0,0,0,,,,,0,,0,0,0,,,,,0,,,,0,0,0,,,,"10,000",LB,,125094,0,0,,0,,0,0,,,,,HEXNT-01,,ME01,WE01,X,X,"90,000","110,700.00",S,,,0,,,0,,,,1,0,,,,,,,,,0,,,,,,,,,F,,,0,,WE,2/14/17,2/14/17,10:15:25 PM,GBI-046,,MIGO_GR,,0,,,,,,,12:00:00 AM,,,,,,,,,,,0,,,,,
375,5000001568,2017,1,1,0,0,0,101,,HEXNT,SC00,RM00,,,,,,125094,,,0,0,,S,USD,12300.00,0,12300.00,,0,,6776,LB,6776,LB,6776,LB,4500000196,10,,,0,,,0,X,,,,,,NA00,,,,,,,,,,,,2017,,,US00,,0,,0,0,0,,0,2,,,,,,,,,B,,,,0,,,,,0,0,0,,,,,0,,0,0,0,,,,,0,,,,0,0,0,,,,"10,000",LB,,125094,0,0,,0,,0,0,,,,,HEXNT-01,,ME01,WE01,X,X,"100,000","123,000.00",S,,,0,,,0,,,,1,0,,,,,,,,,0,,,,,,,,,F,,,0,,WE,2/14/17,2/14/17,10:15:47 PM,GBI-046,,MIGO_GR,,0,,,,,,,12:00:00 AM,,,,,,,,,,,0,,,,,
375,5000001569,2017,1,1,0,0,0,101,,HEXNT,SC00,RM00,,,,,,125094,,,0,0,,S,USD,12300.00,0,12200.00,,0,,16616,LB,16616,LB,16616,LB,4500000197,10,,,0,,,0,X,,,,,,NA00,,,,,,,,,,,,2017,,,US00,,0,,0,0,0,,0,2,,,,,,,,,B,,,,0,,,,,0,0,0,,,,,0,,0,0,0,,,,,0,,,,0,0,0,,,,"10,000",LB,,125094,0,0,,0,,0,0,,,,,HEXNT-01,,ME01,WE01,X,X,"110,000","135,300.00",S,,,0,,,0,,,,1,0,,,,,,,,,0,,,,,,,,,F,,,0,,WE,2/14/17,2/14/17,10:16:09 PM,GBI-046,,MIGO_GR,,0,,,,,,,12:00:00 AM,,,,,,,,,,,0,,,,,
375,5000001570,2017,1,1,0,0,0,101,,HEXNT,SC00,RM00,,,,,,125094,,,0,0,,S,USD,12300.00,0,12300.00,,0,,17449,LB,17449,LB,17449,LB,4500000199,10,,,0,,,0,X,,,,,,NA00,,,,,,,,,,,,2017,,,US00,,0,,0,0,0,,0,2,,,,,,,,,B,,,,0,,,,,0,0,0,,,,,0,,0,0,0,,,,,0,,,,0,0,0,,,,"10,000",LB,,125094,0,0,,0,,0,0,,,,,HEXNT-01,,ME01,WE01,X,X,"120,000","147,600.00",S,,,0,,,0,,,,1,0,,,,,,,,,0,,,,,,,,,F,,,0,,WE,2/14/17,2/14/17,11:01:06 PM,GBI-058,,MIGO_GR,,0,,,,,,,12:00:00 AM,,,,,,,,,,,0,,,,,
375,5000001571,2017,1,1,0,0,0,101,,HEXNT,SC00,RM00,,,,,,125094,,,0,0,,S,USD,12300.00,0,12300.00,,0,,12007,LB,12007,LB,12007,LB,4500000200,10,,,0,,,0,X,,,,,,NA00,,,,,,,,,,,,2017,,,US00,,0,,0,0,0,,0,2,,,,,,,,,B,,,,0,,,,,0,0,0,,,,,0,,0,0,0,,,,,0,,,,0,0,0,,,,"10,000",LB,,125094,0,0,,0,,0,0,,,,,HEXNT-01,,ME01,WE01,X,X,"130,000","159,900.00",S,,,0,,,0,,,,1,0,,,,,,,,,0,,,,,,,,,F,,,0,,WE,2/14/17,2/14/17,11:01:58 PM,GBI-058,,MIGO_GR,,0,,,,,,,12:00:00 AM,,,,,,,,,,,0,,,,,
375,5000001572,2017,1,1,0,0,0,101,,HEXNT,SC00,RM00,,,,,,125094,,,0,0,,S,USD,12300.00,0,12400.00,,0,,380,LB,380,LB,380,LB,4500000201,10,,,0,,,0,X,,,,,,NA00,,,,,,,,,,,,2017,,,US00,,0,,0,0,0,,0,2,,,,,,,,,B,,,,0,,,,,0,0,0,,,,,0,,0,0,0,,,,,0,,,,0,0,0,,,,"10,000",LB,,125094,0,0,,0,,0,0,,,,,HEXNT-01,,ME01,WE01,X,X,"140,000","172,200.00",S,,,0,,,0,,,,1,0,,,,,,,,,0,,,,,,,,,F,,,0,,WE,2/14/17,2/14/17,11:02:35 PM,GBI-058,,MIGO_GR,,0,,,,,,,12:00:00 AM,,,,,,,,,,,0,,,,,
375,5000001573,2017,1,1,0,0,0,101,,HEXNT,SC00,RM00,,,,,,125094,,,0,0,,S,USD,12300.00,0,12300.00,,0,,6151,LB,6151,LB,6151,LB,4500000202,10,,,0,,,0,X,,,,,,NA00,,,,,,,,,,,,2017,,,US00,,0,,0,0,0,,0,2,,,,,,,,,B,,,,0,,,,,0,0,0,,,,,0,,0,0,0,,,,,0,,,,0,0,0,,,,"10,000",LB,,125094,0,0,,0,,0,0,,,,,HEXNT-01,,ME01,WE01,X,X,"150,000","184,500.00",S,,,0,,,0,,,,1,0,,,,,,,,,0,,,,,,,,,F,,,0,,WE,2/14/17,2/14/17,11:03:32 PM,GBI-058,,MIGO_GR,,0,,,,,,,12:00:00 AM,,,,,,,,,,,0,,,,,
375,5000001574,2017,1,1,0,0,0,101,,HEXNT,SC00,RM00,,,,,,125094,,,0,0,,S,USD,12300.00,0,12400.00,,0,,18459,LB,18459,LB,18459,LB,4500000203,10,,,0,,,0,X,,,,,,NA00,,,,,,,,,,,,2017,,,US00,,0,,0,0,0,,0,2,,,,,,,,,B,,,,0,,,,,0,0,0,,,,,0,,0,0,0,,,,,0,,,,0,0,0,,,,"10,000",LB,,125094,0,0,,0,,0,0,,,,,HEXNT-01,,ME01,WE01,X,X,"160,000","196,800.00",S,,,0,,,0,,,,1,0,,,,,,,,,0,,,,,,,,,F,,,0,,WE,2/14/17,2/14/17,11:04:02 PM,GBI-058,,MIGO_GR,,0,,,,,,,12:00:00 AM,,,,,,,,,,,0,,,,,
375,5000001575,2017,1,1,0,0,0,101,,HEXNT,SC00,RM00,,,,,,125094,,,0,0,,S,USD,12300.00,0,12200.00,,0,,4810,LB,4810,LB,4810,LB,4500000204,10,,,0,,,0,X,,,,,,NA00,,,,,,,,,,,,2017,,,US00,,0,,0,0,0,,0,2,,,,,,,,,B,,,,0,,,,,0,0,0,,,,,0,,0,0,0,,,,,0,,,,0,0,0,,,,"10,000",LB,,125094,0,0,,0,,0,0,,,,,HEXNT-01,,ME01,WE01,X,X,"170,000","209,100.00",S,,,0,,,0,,,,1,0,,,,,,,,,0,,,,,,,,,F,,,0,,WE,2/14/17,2/14/17,11:04:45 PM,GBI-058,,MIGO_GR,,0,,,,,,,12:00:00 AM,,,,,,,,,,,0,,,,,
375,5000001576,2017,1,1,0,0,0,101,,TEST,SC00,RM00,,,,,,125045,,,0,0,,S,USD,9000.00,0,90000.00,,0,,54,FT3,54,FT3,54,FT3,4500000205,10,,,0,,,0,X,,,,,,NA00,,,,,,,,,,,,2017,,,US00,,0,,0,0,0,,0,2,,,,,,,,,B,,,,0,,,,,0,0,0,,,,,0,,0,0,0,,,,,0,,,,0,0,0,,,,9,FT3,,125045,0,0,,0,,0,0,,,,,TEST11,,ME01,WE01,X,X,0,0,S,,,0,,,0,,,,1,0,,,,,,,,,0,,,,,,,,,F,,,0,,WE,2/15/17,2/15/17,12:23:06 AM,GBI-064,,MIGO_GR,,0,,,,,,,12:00:00 AM,,,,,,,,,,,0,,,,,
375,5000001577,2017,1,1,0,0,0,101,,TEST,SC00,RM00,,,,,,125045,,,0,0,,S,USD,91000.00,0,91000.00,,0,,128,FT3,128,FT3,128,FT3,4500000206,10,,,0,,,0,X,,,,,,NA00,,,,,,,,,,,,2017,,,US00,,0,,0,0,0,,0,2,,,,,,,,,B,,,,0,,,,,0,0,0,,,,,0,,0,0,0,,,,,0,,,,0,0,0,,,,91,FT3,,125045,0,0,,0,,0,0,,,,,TEST11,,ME01,WE01,X,X,9,"9,000.00",S,,,0,,,0,,,,1,0,,,,,,,,,0,,,,,,,,,F,,,0,,WE,2/15/17,2/15/17,12:47:07 AM,GBI-064,,MIGO_GR,,0,,,,,,,12:00:00 AM,,,,,,,,,,,0,,,,,
375,5000001578,2017,1,1,0,0,0,101,,TEST,SC00,RM00,,,,,,125045,,,0,0,,S,USD,97000.00,0,97000.00,,0,,52,FT3,52,FT3,52,FT3,4500000207,10,,,0,,,0,X,,,,,,NA00,,,,,,,,,,,,2017,,,US00,,0,,0,0,0,,0,2,,,,,,,,,B,,,,0,,,,,0,0,0,,,,,0,,0,0,0,,,,,0,,,,0,0,0,,,,97,FT3,,125045,0,0,,0,,0,0,,,,,TEST11,,ME01,WE01,X,X,100,"100,000.00",S,,,0,,,0,,,,1,0,,,,,,,,,0,,,,,,,,,F,,,0,,WE,2/15/17,2/15/17,12:53:45 AM,GBI-064,,MIGO_GR,,0,,,,,,,12:00:00 AM,,,,,,,,,,,0,,,,,
375,5000001579,2017,1,1,0,0,0,101,,HEXNT,SC00,RM00,,,,,,125094,,,0,0,,S,USD,12300.00,0,12400.00,,0,,4869,LB,4869,LB,4869,LB,4500000208,10,,,0,,,0,X,,,,,,NA00,,,,,,,,,,,,2017,,,US00,,0,,0,0,0,,0,2,,,,,,,,,B,,,,0,,,,,0,0,0,,,,,0,,0,0,0,,,,,0,,,,0,0,0,,,,"10,000",LB,,125094,0,0,,0,,0,0,,,,,HEXNT-01,,ME01,WE01,X,X,"180,000","221,400.00",S,,,0,,,0,,,,1,0,,,,,,,,,0,,,,,,,,,F,,,0,,WE,2/15/17,2/15/17,12:08:26 PM,GBI-027,,MIGO_GR,,0,,,,,,,12:00:00 AM,,,,,,,,,,,0,,,,,
375,5000001580,2017,1,1,0,0,0,101,,HEXNT,SC00,RM00,,,,,,125094,,,0,0,,S,USD,12300.00,0,12400.00,,0,,6751,LB,6751,LB,6751,LB,4500000209,10,,,0,,,0,X,,,,,,NA00,,,,,,,,,,,,2017,,,US00,,0,,0,0,0,,0,2,,,,,,,,,B,,,,0,,,,,0,0,0,,,,,0,,0,0,0,,,,,0,,,,0,0,0,,,,"10,000",LB,,125094,0,0,,0,,0,0,,,,,HEXNT-01,,ME01,WE01,X,X,"190,000","233,700.00",S,,,0,,,0,,,,1,0,,,,,,,,,0,,,,,,,,,F,,,0,,WE,2/15/17,2/15/17,12:09:36 PM,GBI-027,,MIGO_GR,,0,,,,,,,12:00:00 AM,,,,,,,,,,,0,,,,,
375,5000001581,2017,1,1,0,0,0,101,,HEXNT,SC00,RM00,,,,,,125094,,,0,0,,S,USD,12300.00,0,12400.00,,0,,18664,LB,18664,LB,18664,LB,4500000210,10,,,0,,,0,X,,,,,,NA00,,,,,,,,,,,,2017,,,US00,,0,,0,0,0,,0,2,,,,,,,,,B,,,,0,,,,,0,0,0,,,,,0,,0,0,0,,,,,0,,,,0,0,0,,,,"10,000",LB,,125094,0,0,,0,,0,0,,,,,HEXNT-01,,ME01,WE01,X,X,"200,000","246,000.00",S,,,0,,,0,,,,1,0,,,,,,,,,0,,,,,,,,,F,,,0,,WE,2/15/17,2/15/17,12:10:15 PM,GBI-027,,MIGO_GR,,0,,,,,,,12:00:00 AM,,,,,,,,,,,0,,,,,
375,5000001582,2017,1,1,0,0,0,101,,HEXNT,SC00,RM00,,,,,,125094,,,0,0,,S,USD,12300.00,0,12400.00,,0,,11223,LB,11223,LB,11223,LB,4500000211,10,,,0,,,0,X,,,,,,NA00,,,,,,,,,,,,2017,,,US00,,0,,0,0,0,,0,2,,,,,,,,,B,,,,0,,,,,0,0,0,,,,,0,,0,0,0,,,,,0,,,,0,0,0,,,,"10,000",LB,,125094,0,0,,0,,0,0,,,,,HEXNT-01,,ME01,WE01,X,X,"210,000","258,300.00",S,,,0,,,0,,,,1,0,,,,,,,,,0,,,,,,,,,F,,,0,,WE,2/15/17,2/15/17,12:10:50 PM,GBI-027,,MIGO_GR,,0,,,,,,,12:00:00 AM,,,,,,,,,,,0,,,,,
375,5000001583,2017,1,1,0,0,0,101,,HEXNT,SC00,RM00,,,,,,125094,,,0,0,,S,USD,12300.00,0,12400.00,,0,,14637,LB,14637,LB,14637,LB,4500000212,10,,,0,,,0,X,,,,,,NA00,,,,,,,,,,,,2017,,,US00,,0,,0,0,0,,0,2,,,,,,,,,B,,,,0,,,,,0,0,0,,,,,0,,0,0,0,,,,,0,,,,0,0,0,,,,"10,000",LB,,125094,0,0,,0,,0,0,,,,,HEXNT-01,,ME01,WE01,X,X,"220,000","270,600.00",S,,,0,,,0,,,,1,0,,,,,,,,,0,,,,,,,,,F,,,0,,WE,2/15/17,2/15/17,12:11:26 PM,GBI-027,,MIGO_GR,,0,,,,,,,12:00:00 AM,,,,,,,,,,,0,,,,,
375,5000001584,2017,1,1,0,0,0,101,,HEXNT,SC00,RM00,,,,,,125094,,,0,0,,S,USD,12300.00,0,12400.00,,0,,382,LB,382,LB,382,LB,4500000213,10,,,0,,,0,X,,,,,,NA00,,,,,,,,,,,,2017,,,US00,,0,,0,0,0,,0,2,,,,,,,,,B,,,,0,,,,,0,0,0,,,,,0,,0,0,0,,,,,0,,,,0,0,0,,,,"10,000",LB,,125094,0,0,,0,,0,0,,,,,HEXNT-01,,ME01,WE01,X,X,"230,000","282,900.00",S,,,0,,,0,,,,1,0,,,,,,,,,0,,,,,,,,,F,,,0,,WE,2/15/17,2/15/17,12:11:59 PM,GBI-027,,MIGO_GR,,0,,,,,,,12:00:00 AM,,,,,,,,,,,0,,,,,
375,5000001585,2017,1,1,0,0,0,101,,HEXNT,SC00,RM00,,,,,,125094,,,0,0,,S,USD,12300.00,0,12200.00,,0,,12910,LB,12910,LB,12910,LB,4500000215,10,,,0,,,0,X,,,,,,NA00,,,,,,,,,,,,2017,,,US00,,0,,0,0,0,,0,2,,,,,,,,,B,,,,0,,,,,0,0,0,,,,,0,,0,0,0,,,,,0,,,,0,0,0,,,,"10,000",LB,,125094,0,0,,0,,0,0,,,,,HEXNT-01,,ME01,WE01,X,X,"240,000","295,200.00",S,,,0,,,0,,,,1,0,,,,,,,,,0,,,,,,,,,F,,,0,,WE,2/15/17,2/15/17,12:32:27 PM,GBI-027,,MIGO_GR,,0,,,,,,,12:00:00 AM,,,,,,,,,,,0,,,,,
375,5000001586,2017,1,1,0,0,0,101,,HEXNT,SC00,RM00,,,,,,125094,,,0,0,,S,USD,12300.00,0,12200.00,,0,,12893,LB,12893,LB,12893,LB,4500000217,10,,,0,,,0,X,,,,,,NA00,,,,,,,,,,,,2017,,,US00,,0,,0,0,0,,0,2,,,,,,,,,B,,,,0,,,,,0,0,0,,,,,0,,0,0,0,,,,,0,,,,0,0,0,,,,"10,000",LB,,125094,0,0,,0,,0,0,,,,,HEXNT-01,,ME01,WE01,X,X,"250,000","307,500.00",S,,,0,,,0,,,,1,0,,,,,,,,,0,,,,,,,,,F,,,0,,WE,2/15/17,2/15/17,12:40:36 PM,GBI-027,,MIGO_GR,,0,,,,,,,12:00:00 AM,,,,,,,,,,,0,,,,,
375,5000001587,2017,1,1,0,0,0,101,,HEXNT,SC00,RM00,,,,,,125094,,,0,0,,S,USD,12300.00,0,12200.00,,0,,897,LB,897,LB,897,LB,4500000218,10,,,0,,,0,X,,,,,,NA00,,,,,,,,,,,,2017,,,US00,,0,,0,0,0,,0,2,,,,,,,,,B,,,,0,,,,,0,0,0,,,,,0,,0,0,0,,,,,0,,,,0,0,0,,,,"10,000",LB,,125094,0,0,,0,,0,0,,,,,HEXNT-01,,ME01,WE01,X,X,"260,000","319,800.00",S,,,0,,,0,,,,1,0,,,,,,,,,0,,,,,,,,,F,,,0,,WE,2/15/17,2/15/17,12:44:59 PM,GBI-027,,MIGO_GR,,0,,,,,,,12:00:00 AM,,,,,,,,,,,0,,,,,
375,5000001588,2017,1,1,0,0,0,101,,HEXNT,SC00,RM00,,,,,,125094,,,0,0,,S,USD,12300.00,0,12300.00,,0,,804,LB,804,LB,804,LB,4500000219,10,,,0,,,0,X,,,,,,NA00,,,,,,,,,,,,2017,,,US00,,0,,0,0,0,,0,2,,,,,,,,,B,,,,0,,,,,0,0,0,,,,,0,,0,0,0,,,,,0,,,,0,0,0,,,,"10,000",LB,,125094,0,0,,0,,0,0,,,,,HEXNT-01,,ME01,WE01,X,X,"270,000","332,100.00",S,,,0,,,0,,,,1,0,,,,,,,,,0,,,,,,,,,F,,,0,,WE,2/15/17,2/15/17,12:52:28 PM,GBI-027,,MIGO_GR,,0,,,,,,,12:00:00 AM,,,,,,,,,,,0,,,,,
375,5000001589,2017,1,1,0,0,0,101,,KRYPTONITE,SC00,RM00,,,,,,125000,,,0,0,,S,USD,100000.00,0,2671.00,,0,,12214,LB,12214,LB,12214,LB,4500000220,10,,,0,,,0,X,,,,,,NA00,,,,,,,,,,,,2017,,,US00,,0,,0,0,0,,0,2,,,,,,,,,B,,,,0,,,,,0,0,0,,,,,0,,0,0,0,,,,,0,,,,0,0,0,,,,100,LB,,125000,0,0,,0,,0,0,,,,,KRYPTONITE,,ME01,WE01,X,X,"2,154","2,154,000.00",S,,,0,,,0,,,,1,0,,,,,,,,,0,,,,,,,,,F,,,0,,WE,2/15/17,2/15/17,12:57:18 PM,GBIFAC-01,,MIGO_GR,,0,,,,,,,12:00:00 AM,,,,,,,,,,,0,,,,,
375,5000001590,2017,1,1,0,0,0,101,,KRYPTONITE,SC00,RM00,,,,,,125000,,,0,0,,S,USD,98000.00,0,2617.58,,0,,15299,LB,15299,LB,15299,LB,4500000222,10,,,0,,,0,X,,,,,,NA00,,,,,,,,,,,,2017,,,US00,,0,,0,0,0,,0,2,,,,,,,,,B,,,,0,,,,,0,0,0,,,,,0,,0,0,0,,,,,0,,,,0,0,0,,,,98,LB,,125000,0,0,,0,,0,0,,,,,KRYPTONITE,,ME01,WE01,X,X,"2,254","2,254,000.00",S,,,0,,,0,,,,1,0,,,,,,,,,0,,,,,,,,,F,,,0,,WE,2/15/17,2/15/17,1:43:11 PM,GBIFAC-01,,MIGO_GR,,0,,,,,,,12:00:00 AM,,,,,,,,,,,0,,,,,
375,5000001591,2017,1,1,0,0,0,101,,HEXNT,SC00,RM00,,,,,,125094,,,0,0,,S,USD,12300.00,0,12800.00,,0,,11002,LB,11002,LB,11002,LB,4500000232,10,,,0,,,0,X,,,,,,NA00,,,,,,,,,,,,2017,,,US00,,0,,0,0,0,,0,2,,,,,,,,,B,,,,0,,,,,0,0,0,,,,,0,,0,0,0,,,,,0,,,,0,0,0,,,,"10,000",LB,,125094,0,0,,0,,0,0,,,,,HEXNT-01,,ME01,WE01,X,X,"280,000","344,400.00",S,,,0,,,0,,,,1,0,,,,,,,,,0,,,,,,,,,F,,,0,,WE,2/16/17,2/16/17,11:03:50 AM,GBI-035,,MIGO_GR,,0,,,,,,,12:00:00 AM,,,,,,,,,,,0,,,,,
375,5000001592,2017,1,1,0,0,0,101,,HEXNT,SC00,RM00,,,,,,125094,,,0,0,,S,USD,12300.00,0,12800.00,,0,,2244,LB,2244,LB,2244,LB,4500000233,10,,,0,,,0,X,,,,,,NA00,,,,,,,,,,,,2017,,,US00,,0,,0,0,0,,0,2,,,,,,,,,B,,,,0,,,,,0,0,0,,,,,0,,0,0,0,,,,,0,,,,0,0,0,,,,"10,000",LB,,125094,0,0,,0,,0,0,,,,,HEXNT-01,,ME01,WE01,X,X,"290,000","356,700.00",S,,,0,,,0,,,,1,0,,,,,,,,,0,,,,,,,,,F,,,0,,WE,2/16/17,2/16/17,11:41:25 AM,GBI-035,,MIGO_GR,,0,,,,,,,12:00:00 AM,,,,,,,,,,,0,,,,,
375,5000001593,2017,1,1,0,0,0,101,,HEXNT,SC00,RM00,,,,,,125094,,,0,0,,S,USD,12300.00,0,12800.00,,0,,2842,LB,2842,LB,2842,LB,4500000234,10,,,0,,,0,X,,,,,,NA00,,,,,,,,,,,,2017,,,US00,,0,,0,0,0,,0,2,,,,,,,,,B,,,,0,,,,,0,0,0,,,,,0,,0,0,0,,,,,0,,,,0,0,0,,,,"10,000",LB,,125094,0,0,,0,,0,0,,,,,HEXNT-01,,ME01,WE01,X,X,"300,000","369,000.00",S,,,0,,,0,,,,1,0,,,,,,,,,0,,,,,,,,,F,,,0,,WE,2/16/17,2/16/17,12:23:22 PM,GBI-035,,MIGO_GR,,0,,,,,,,12:00:00 AM,,,,,,,,,,,0,,,,,
375,5000001594,2017,1,1,0,0,0,101,,HEXNT,SC00,RM00,,,,,,125094,,,0,0,,S,USD,12300.00,0,12700.00,,0,,11982,LB,11982,LB,11982,LB,4500000235,10,,,0,,,0,X,,,,,,NA00,,,,,,,,,,,,2017,,,US00,,0,,0,0,0,,0,2,,,,,,,,,B,,,,0,,,,,0,0,0,,,,,0,,0,0,0,,,,,0,,,,0,0,0,,,,"10,000",LB,,125094,0,0,,0,,0,0,,,,,HEXNT-01,,ME01,WE01,X,X,"310,000","381,300.00",S,,,0,,,0,,,,1,0,,,,,,,,,0,,,,,,,,,F,,,0,,WE,2/16/17,2/16/17,12:30:26 PM,GBI-035,,MIGO_GR,,0,,,,,,,12:00:00 AM,,,,,,,,,,,0,,,,,
375,5000001595,2017,1,1,0,0,0,101,,HEXNT,SC00,RM00,,,,,,125094,,,0,0,,S,USD,12300.00,0,12200.00,,0,,746,LB,746,LB,746,LB,4500000236,10,,,0,,,0,X,,,,,,NA00,,,,,,,,,,,,2017,,,US00,,0,,0,0,0,,0,2,,,,,,,,,B,,,,0,,,,,0,0,0,,,,,0,,0,0,0,,,,,0,,,,0,0,0,,,,"10,000",LB,,125094,0,0,,0,,0,0,,,,,HEXNT-01,,ME01,WE01,X,X,"320,000","393,600.00",S,,,0,,,0,,,,1,0,,,,,,,,,0,,,,,,,,,F,,,0,,WE,2/16/17,2/16/17,12:34:26 PM,GBI-035,,MIGO_GR,,0,,,,,,,12:00:00 AM,,,,,,,,,,,0,,,,,
375,5000001596,2017,1,1,0,0,0,101,,HEXNT,SC00,RM00,,,,,,125094,,,0,0,,S,USD,12300.00,0,12200.00,,0,,12928,LB,12928,LB,12928,LB,4500000237,10,,,0,,,0,X,,,,,,NA00,,,,,,,,,,,,2017,,,US00,,0,,0,0,0,,0,2,,,,,,,,,B,,,,0,,,,,0,0,0,,,,,0,,0,0,0,,,,,0,,,,0,0,0,,,,"10,000",LB,,125094,0,0,,0,,0,0,,,,,HEXNT-01,,ME01,WE01,X,X,"330,000","405,900.00",S,,,0,,,0,,,,1,0,,,,,,,,,0,,,,,,,,,F,,,0,,WE,2/16/17,2/16/17,12:39:39 PM,GBI-035,,MIGO_GR,,0,,,,,,,12:00:00 AM,,,,,,,,,,,0,,,,,
375,5000001597,2017,1,1,0,0,0,101,,HEXNT,SC00,RM00,,,,,,125094,,,0,0,,S,USD,12300.00,0,12800.00,,0,,15389,LB,15389,LB,15389,LB,4500000238,10,,,0,,,0,X,,,,,,NA00,,,,,,,,,,,,2017,,,US00,,0,,0,0,0,,0,2,,,,,,,,,B,,,,0,,,,,0,0,0,,,,,0,,0,0,0,,,,,0,,,,0,0,0,,,,"10,000",LB,,125094,0,0,,0,,0,0,,,,,HEXNT-01,,ME01,WE01,X,X,"340,000","418,200.00",S,,,0,,,0,,,,1,0,,,,,,,,,0,,,,,,,,,F,,,0,,WE,2/16/17,2/16/17,12:46:24 PM,GBI-035,,MIGO_GR,,0,,,,,,,12:00:00 AM,,,,,,,,,,,0,,,,,
375,5000001598,2017,1,1,0,0,0,101,,HEXNT,SC00,RM00,,,,,,125094,,,0,0,,S,USD,12300.00,0,12800.00,,0,,13010,LB,13010,LB,13010,LB,4500000239,10,,,0,,,0,X,,,,,,NA00,,,,,,,,,,,,2017,,,US00,,0,,0,0,0,,0,2,,,,,,,,,B,,,,0,,,,,0,0,0,,,,,0,,0,0,0,,,,,0,,,,0,0,0,,,,"10,000",LB,,125094,0,0,,0,,0,0,,,,,HEXNT-01,,ME01,WE01,X,X,"350,000","430,500.00",S,,,0,,,0,,,,1,0,,,,,,,,,0,,,,,,,,,F,,,0,,WE,2/16/17,2/16/17,12:49:00 PM,GBI-035,,MIGO_GR,,0,,,,,,,12:00:00 AM,,,,,,,,,,,0,,,,,
375,5000001599,2017,1,1,0,0,0,101,,ROSE ESSENTIAL OIL,SC00,RM00,,,,,,125087,,,0,0,,S,USD,1590.00,0,1620.00,,0,,649,L,649,L,649,L,4500000176,10,,,0,,,0,X,,,,,,NA00,,,,,,,,,,,,2017,,,US00,,0,,0,0,0,,0,2,,,,,,,,,B,,,,0,,,,,0,0,0,,,,,0,,0,0,0,,,,,0,,,,0,0,0,,,,30,L,,125087,0,0,,0,,0,0,,,,,ROSE ESSENTIAL OIL,,ME01,WE01,X,X,0,0,S,,,0,,,0,,,,1,0,,,,,,,,,0,,,,,,,,,F,,,0,,WE,2/16/17,2/16/17,2:22:47 PM,GBI-057,,MIGO_GR,,0,,,,,,,12:00:00 AM,,,,,,,,,,,0,,,,,
375,5000001600,2017,1,1,0,0,0,101,,ROSE ESSENTIAL OIL,SC00,RM00,,,,,,125087,,,0,0,,S,USD,2650.00,0,2700.00,,0,,1035,L,1035,L,1035,L,4500000161,10,,,0,,,0,X,,,,,,NA00,,,,,,,,,,,,2017,,,US00,,0,,0,0,0,,0,2,,,,,,,,,B,,,,0,,,,,0,0,0,,,,,0,,0,0,0,,,,,0,,,,0,0,0,,,,50,L,,125087,0,0,,0,,0,0,,,,,ROSE ESSENTIAL OIL,,ME01,WE01,X,X,30,"1,590.00",S,,,0,,,0,,,,1,0,,,,,,,,,0,,,,,,,,,F,,,0,,WE,2/16/17,2/16/17,2:27:17 PM,GBI-057,,MIGO_GR,,0,,,,,,,12:00:00 AM,,,,,,,,,,,0,,,,,
375,5000001601,2017,1,1,0,0,0,101,,ROSE ESSENTIAL OIL,SC00,RM00,,,,,,125087,,,0,0,,S,USD,2120.00,0,2160.00,,0,,844,L,844,L,844,L,4500000177,10,,,0,,,0,X,,,,,,NA00,,,,,,,,,,,,2017,,,US00,,0,,0,0,0,,0,2,,,,,,,,,B,,,,0,,,,,0,0,0,,,,,0,,0,0,0,,,,,0,,,,0,0,0,,,,40,L,,125087,0,0,,0,,0,0,,,,,ROSE ESSENTIAL OIL,,ME01,WE01,X,X,80,"4,240.00",S,,,0,,,0,,,,1,0,,,,,,,,,0,,,,,,,,,F,,,0,,WE,2/16/17,2/16/17,2:28:04 PM,GBI-057,,MIGO_GR,,0,,,,,,,12:00:00 AM,,,,,,,,,,,0,,,,,
375,5000001602,2017,1,1,0,0,0,101,,ROSE ESSENTIAL OIL,SC00,RM00,,,,,,125087,,,0,0,,S,USD,1325.00,0,1350.00,,0,,982,L,982,L,982,L,4500000178,10,,,0,,,0,X,,,,,,NA00,,,,,,,,,,,,2017,,,US00,,0,,0,0,0,,0,2,,,,,,,,,B,,,,0,,,,,0,0,0,,,,,0,,0,0,0,,,,,0,,,,0,0,0,,,,25,L,,125087,0,0,,0,,0,0,,,,,ROSE ESSENTIAL OIL,,ME01,WE01,X,X,120,"6,360.00",S,,,0,,,0,,,,1,0,,,,,,,,,0,,,,,,,,,F,,,0,,WE,2/16/17,2/16/17,2:28:38 PM,GBI-057,,MIGO_GR,,0,,,,,,,12:00:00 AM,,,,,,,,,,,0,,,,,
375,5000001603,2017,1,1,0,0,0,101,,ROSE ESSENTIAL OIL,SC00,RM00,,,,,,125087,,,0,0,,S,USD,2385.00,0,2430.00,,0,,355,L,355,L,355,L,4500000179,10,,,0,,,0,X,,,,,,NA00,,,,,,,,,,,,2017,,,US00,,0,,0,0,0,,0,2,,,,,,,,,B,,,,0,,,,,0,0,0,,,,,0,,0,0,0,,,,,0,,,,0,0,0,,,,45,L,,125087,0,0,,0,,0,0,,,,,ROSE ESSENTIAL OIL,,ME01,WE01,X,X,145,"7,685.00",S,,,0,,,0,,,,1,0,,,,,,,,,0,,,,,,,,,F,,,0,,WE,2/16/17,2/16/17,2:29:04 PM,GBI-057,,MIGO_GR,,0,,,,,,,12:00:00 AM,,,,,,,,,,,0,,,,,
375,5000001604,2017,1,1,0,0,0,101,,ROSE ESSENTIAL OIL,SC00,RM00,,,,,,125085,,,0,0,,S,USD,530.00,0,530.00,,0,,700,L,700,L,700,L,4500000169,10,,,0,,,0,X,,,,,,NA00,,,,,,,,,,,,2017,,,US00,,0,,0,0,0,,0,2,,,,,,,,,B,,,,0,,,,,0,0,0,,,,,0,,0,0,0,,,,,0,,,,0,0,0,,,,10,L,,125085,0,0,,0,,0,0,,,,,ROSE ESSENTIAL OIL,,ME01,WE01,X,X,190,"10,070.00",S,,,0,,,0,,,,1,0,,,,,,,,,0,,,,,,,,,F,,,0,,WE,2/16/17,2/16/17,2:29:33 PM,GBI-057,,MIGO_GR,,0,,,,,,,12:00:00 AM,,,,,,,,,,,0,,,,,
375,5000001605,2017,1,1,0,0,0,101,,ROSE ESSENTIAL OIL,SC00,RM00,,,,,,125085,,,0,0,,S,USD,2120.00,0,2120.00,,0,,194,L,194,L,194,L,4500000168,10,,,0,,,0,X,,,,,,NA00,,,,,,,,,,,,2017,,,US00,,0,,0,0,0,,0,2,,,,,,,,,B,,,,0,,,,,0,0,0,,,,,0,,0,0,0,,,,,0,,,,0,0,0,,,,40,L,,125085,0,0,,0,,0,0,,,,,ROSE ESSENTIAL OIL,,ME01,WE01,X,X,200,"10,600.00",S,,,0,,,0,,,,1,0,,,,,,,,,0,,,,,,,,,F,,,0,,WE,2/16/17,2/16/17,2:29:56 PM,GBI-057,,MIGO_GR,,0,,,,,,,12:00:00 AM,,,,,,,,,,,0,,,,,
375,5000001606,2017,1,1,0,0,0,101,,ROSE ESSENTIAL OIL,SC00,RM00,,,,,,125085,,,0,0,,S,USD,2650.00,0,2750.00,,0,,995,L,995,L,995,L,4500000167,10,,,0,,,0,X,,,,,,NA00,,,,,,,,,,,,2017,,,US00,,0,,0,0,0,,0,2,,,,,,,,,B,,,,0,,,,,0,0,0,,,,,0,,0,0,0,,,,,0,,,,0,0,0,,,,50,L,,125085,0,0,,0,,0,0,,,,,ROSE ESSENTIAL OIL,,ME01,WE01,X,X,240,"12,720.00",S,,,0,,,0,,,,1,0,,,,,,,,,0,,,,,,,,,F,,,0,,WE,2/16/17,2/16/17,2:30:23 PM,GBI-057,,MIGO_GR,,0,,,,,,,12:00:00 AM,,,,,,,,,,,0,,,,,
375,5000001607,2017,1,1,0,0,0,101,,ROSE ESSENTIAL OIL,SC00,RM00,,,,,,125085,,,0,0,,S,USD,1590.00,0,1650.00,,0,,259,L,259,L,259,L,4500000164,10,,,0,,,0,X,,,,,,NA00,,,,,,,,,,,,2017,,,US00,,0,,0,0,0,,0,2,,,,,,,,,B,,,,0,,,,,0,0,0,,,,,0,,0,0,0,,,,,0,,,,0,0,0,,,,30,L,,125085,0,0,,0,,0,0,,,,,ROSE ESSENTIAL OIL,,ME01,WE01,X,X,290,"15,370.00",S,,,0,,,0,,,,1,0,,,,,,,,,0,,,,,,,,,F,,,0,,WE,2/16/17,2/16/17,2:30:45 PM,GBI-057,,MIGO_GR,,0,,,,,,,12:00:00 AM,,,,,,,,,,,0,,,,,
375,5000001608,2017,1,1,0,0,0,101,,ROSE ESSENTIAL OIL,SC00,RM00,,,,,,125085,,,0,0,,S,USD,2650.00,0,2750.00,,0,,938,L,938,L,938,L,4500000165,10,,,0,,,0,X,,,,,,NA00,,,,,,,,,,,,2017,,,US00,,0,,0,0,0,,0,2,,,,,,,,,B,,,,0,,,,,0,0,0,,,,,0,,0,0,0,,,,,0,,,,0,0,0,,,,50,L,,125085,0,0,,0,,0,0,,,,,ROSE ESSENTIAL OIL,,ME01,WE01,X,X,320,"16,960.00",S,,,0,,,0,,,,1,0,,,,,,,,,0,,,,,,,,,F,,,0,,WE,2/16/17,2/16/17,2:31:07 PM,GBI-057,,MIGO_GR,,0,,,,,,,12:00:00 AM,,,,,,,,,,,0,,,,,
375,5000001609,2017,1,1,0,0,0,101,,ROSE ESSENTIAL OIL,SC00,RM00,,,,,,125086,,,0,0,,S,USD,2650.00,0,2900.00,,0,,498,L,498,L,498,L,4500000180,10,,,0,,,0,X,,,,,,NA00,,,,,,,,,,,,2017,,,US00,,0,,0,0,0,,0,2,,,,,,,,,B,,,,0,,,,,0,0,0,,,,,0,,0,0,0,,,,,0,,,,0,0,0,,,,50,L,,125086,0,0,,0,,0,0,,,,,ROSE ESSENTIAL OIL,,ME01,WE01,X,X,370,"19,610.00",S,,,0,,,0,,,,1,0,,,,,,,,,0,,,,,,,,,F,,,0,,WE,2/16/17,2/16/17,2:31:39 PM,GBI-057,,MIGO_GR,,0,,,,,,,12:00:00 AM,,,,,,,,,,,0,,,,,
375,5000001610,2017,1,1,0,0,0,101,,ROSE ESSENTIAL OIL,SC00,RM00,,,,,,125086,,,0,0,,S,USD,2385.00,0,2619.00,,0,,389,L,389,L,389,L,4500000181,10,,,0,,,0,X,,,,,,NA00,,,,,,,,,,,,2017,,,US00,,0,,0,0,0,,0,2,,,,,,,,,B,,,,0,,,,,0,0,0,,,,,0,,0,0,0,,,,,0,,,,0,0,0,,,,45,L,,125086,0,0,,0,,0,0,,,,,ROSE ESSENTIAL OIL,,ME01,WE01,X,X,420,"22,260.00",S,,,0,,,0,,,,1,0,,,,,,,,,0,,,,,,,,,F,,,0,,WE,2/16/17,2/16/17,2:32:28 PM,GBI-057,,MIGO_GR,,0,,,,,,,12:00:00 AM,,,,,,,,,,,0,,,,,
375,5000001611,2017,1,1,0,0,0,101,,ROSE ESSENTIAL OIL,SC00,RM00,,,,,,125086,,,0,0,,S,USD,1855.00,0,2038.75,,0,,682,L,682,L,682,L,4500000182,10,,,0,,,0,X,,,,,,NA00,,,,,,,,,,,,2017,,,US00,,0,,0,0,0,,0,2,,,,,,,,,B,,,,0,,,,,0,0,0,,,,,0,,0,0,0,,,,,0,,,,0,0,0,,,,35,L,,125086,0,0,,0,,0,0,,,,,ROSE ESSENTIAL OIL,,ME01,WE01,X,X,465,"24,645.00",S,,,0,,,0,,,,1,0,,,,,,,,,0,,,,,,,,,F,,,0,,WE,2/16/17,2/16/17,2:32:58 PM,GBI-057,,MIGO_GR,,0,,,,,,,12:00:00 AM,,,,,,,,,,,0,,,,,
375,5000001612,2017,1,1,0,0,0,101,,ROSE ESSENTIAL OIL,SC00,RM00,,,,,,125086,,,0,0,,S,USD,3180.00,0,3483.00,,0,,710,L,710,L,710,L,4500000183,10,,,0,,,0,X,,,,,,NA00,,,,,,,,,,,,2017,,,US00,,0,,0,0,0,,0,2,,,,,,,,,B,,,,0,,,,,0,0,0,,,,,0,,0,0,0,,,,,0,,,,0,0,0,,,,60,L,,125086,0,0,,0,,0,0,,,,,ROSE ESSENTIAL OIL,,ME01,WE01,X,X,500,"26,500.00",S,,,0,,,0,,,,1,0,,,,,,,,,0,,,,,,,,,F,,,0,,WE,2/16/17,2/16/17,2:33:29 PM,GBI-057,,MIGO_GR,,0,,,,,,,12:00:00 AM,,,,,,,,,,,0,,,,,
375,5000001613,2017,1,1,0,0,0,101,,ROSE ESSENTIAL OIL,SC00,RM00,,,,,,125086,,,0,0,,S,USD,2120.00,0,2332.00,,0,,955,L,955,L,955,L,4500000184,10,,,0,,,0,X,,,,,,NA00,,,,,,,,,,,,2017,,,US00,,0,,0,0,0,,0,2,,,,,,,,,B,,,,0,,,,,0,0,0,,,,,0,,0,0,0,,,,,0,,,,0,0,0,,,,40,L,,125086,0,0,,0,,0,0,,,,,ROSE ESSENTIAL OIL,,ME01,WE01,X,X,560,"29,680.00",S,,,0,,,0,,,,1,0,,,,,,,,,0,,,,,,,,,F,,,0,,WE,2/16/17,2/16/17,2:33:50 PM,GBI-057,,MIGO_GR,,0,,,,,,,12:00:00 AM,,,,,,,,,,,0,,,,,
375,5000001614,2017,1,1,0,0,0,101,,TEST,SC00,RM00,,,,,,125000,,,0,0,,S,USD,80000.00,0,80000.00,,0,,78,FT3,78,FT3,78,FT3,4500000242,10,,,0,,,0,X,,,,,,NA00,,,,,,,,,,,,2017,,,US00,,0,,0,0,0,,0,2,,,,,,,,,B,,,,0,,,,,0,0,0,,,,,0,,0,0,0,,,,,0,,,,0,0,0,,,,80,FT3,,125000,0,0,,0,,0,0,,,,,TEST11,,ME01,WE01,X,X,197,"197,000.00",S,,,0,,,0,,,,1,0,,,,,,,,,0,,,,,,,,,F,,,0,,WE,2/16/17,2/16/17,4:37:31 PM,GBIFAC-01,,MIGO_GR,,0,,,,,,,12:00:00 AM,,,,,,,,,,,0,,,,,
375,5000001615,2017,1,1,0,0,0,101,,GOLD,SC00,RM00,,,,,,125070,,,0,0,,S,USD,80.00,0,94.08,,0,,186,G,186,G,186,G,4500000243,10,,,0,,,0,X,,,,,,NA00,,,,,,,,,,,,2017,,,US00,,0,,0,0,0,,0,2,,,,,,,,,B,,,,0,,,,,0,0,0,,,,,0,,0,0,0,,,,,0,,,,0,0,0,,,,2,G,,125070,0,0,,0,,0,0,,,,,GOLD-026,,ME01,WE01,X,X,22,880,S,,,0,,,0,,,,1,0,,,,,,,,,0,,,,,,,,,F,,,0,,WE,2/16/17,2/16/17,5:11:51 PM,GBI-026,,MIGO_GR,,0,,,,,,,12:00:00 AM,,,,,,,,,,,0,,,,,
375,5000001616,2017,1,1,0,0,0,101,,GOLD,SC00,RM00,,,,,,125070,,,0,0,,S,USD,80.00,0,94.08,,0,,748,G,748,G,748,G,4500000243,10,,,0,,,0,,,,,,,NA00,,,,,,,,,,,,2017,,,US00,,0,,0,0,0,,0,2,,,,,,,,,B,,,,0,,,,,0,0,0,,,,,0,,0,0,1,,,,,0,,,,0,0,0,,,,2,G,,125070,0,0,,0,,0,0,,,,,GOLD-026,,ME01,WE01,X,X,24,960,S,,,0,,,0,,,,1,0,,,,,,,,,0,,,,,,,,,F,,,0,,WE,2/16/17,2/16/17,9:30:16 PM,GBI-026,,MIGO_GR,,0,,,,,,,12:00:00 AM,,,,,,,,,,,0,,,,,
375,5000001617,2017,1,1,0,0,0,101,,GOLD,SC00,RM00,,,,,,125070,,,0,0,,S,USD,120.00,0,141.12,,0,,32,G,32,G,32,G,4500000246,10,,,0,,,0,X,,,,,,NA00,,,,,,,,,,,,2017,,,US00,,0,,0,0,0,,0,2,,,,,,,,,B,,,,0,,,,,0,0,0,,,,,0,,0,0,0,,,,,0,,,,0,0,0,,,,3,G,,125070,0,0,,0,,0,0,,,,,GOLD-026,,ME01,WE01,X,X,22,880,S,,,0,,,0,,,,1,0,,,,,,,,,0,,,,,,,,,F,,,0,,WE,2/16/17,2/16/17,11:29:34 PM,GBI-026,,MIGO_GR,,0,,,,,,,12:00:00 AM,,,,,,,,,,,0,,,,,
375,5000001618,2017,1,1,0,0,0,101,,GOLD,SC00,RM00,,,,,,125070,,,0,0,,S,USD,120.00,0,141.12,,0,,950,G,950,G,950,G,4500000247,10,,,0,,,0,X,,,,,,NA00,,,,,,,,,,,,2017,,,US00,,0,,0,0,0,,0,2,,,,,,,,,B,,,,0,,,,,0,0,0,,,,,0,,0,0,0,,,,,0,,,,0,0,0,,,,3,G,,125070,0,0,,0,,0,0,,,,,GOLD-026,,ME01,WE01,X,X,25,"1,000.00",S,,,0,,,0,,,,1,0,,,,,,,,,0,,,,,,,,,F,,,0,,WE,2/16/17,2/16/17,11:56:19 PM,GBI-026,,MIGO_GR,,0,,,,,,,12:00:00 AM,,,,,,,,,,,0,,,,,
375,5000001619,2017,1,1,0,0,0,101,,KRYPTONITE,SC00,RM00,,,,,,125000,,,0,0,,S,USD,5000.00,0,133.55,,0,,8021,LB,8021,LB,8021,LB,4500000249,10,,,0,,,0,X,,,,,,NA00,,,,,,,,,,,,2017,,,US00,,0,,0,0,0,,0,2,,,,,,,,,B,,,,0,,,,,0,0,0,,,,,0,,0,0,0,,,,,0,,,,0,0,0,,,,5,LB,,125000,0,0,,0,,0,0,,,,,KRYPTONITE,,ME01,WE01,X,X,"2,352","2,352,000.00",S,,,0,,,0,,,,1,0,,,,,,,,,0,,,,,,,,,F,,,0,,WE,2/17/17,2/17/17,8:46:51 AM,GBIFAC-01,,MIGO_GR,,0,,,,,,,12:00:00 AM,,,,,,,,,,,0,,,,,
375,5000001620,2017,1,1,0,0,0,101,,KRYPTONITE,SC00,RM00,,,,,,125000,,,0,0,,S,USD,11000.00,0,11000.00,,0,,3505,LB,3505,LB,3505,LB,4500000250,10,2017,1000000002,1,,,0,,,,,,,NA00,BI00,,NAIS1000,,,,,,,,,2017,,,US00,,0,,0,0,0,,0,2,,,,,,,,,B,V,,,0,,,,,0,0,0,,,,,0,,0,1,0,,,,,0,,,,0,0,0,,,770000,1,AU,,,0,0,,1,,0,0,,,,,,,ME02,WE06,,,0,0,,,,0,,,0,,,,1,0,,,,,,,,,0,,,,,,,,,F,,,0,,WE,2/17/17,2/17/17,9:28:01 AM,GBIFAC-01,,ML81N,,0,,,,,,,12:00:00 AM,,,,,,,,,,,0,,,,,
375,5000001621,2017,1,1,0,0,0,101,,KRYPTONITE,SC00,RM00,,,,,,125000,,,0,0,,S,USD,12000.00,0,12000.00,,0,,2812,LB,2812,LB,2812,LB,4500000251,10,2017,1000000003,1,,,0,,,,,,,NA00,BI00,,NAIS1000,,,,,,,,,2017,,,US00,,0,,0,0,0,,0,2,,,,,,,,,B,V,,,0,,,,,0,0,0,,,,,0,,0,1,0,,,,,0,,,,0,0,0,,,770000,1,AU,,,0,0,,1,,0,0,,,,,,,ME02,WE06,,,0,0,,,,0,,,0,,,,1,0,,,,,,,,,0,,,,,,,,,F,,,0,,WE,2/17/17,2/17/17,10:11:48 AM,GBIFAC-01,,ML81N,,0,,,,,,,12:00:00 AM,,,,,,,,,,,0,,,,,
375,5000001622,2017,1,1,0,0,0,101,,KRYPTONITE,SC00,RM00,,,,,,125000,,,0,0,,S,USD,10000.00,0,10000.00,,0,,51,LB,51,LB,51,LB,4500000253,10,2017,1000000005,1,,,0,,,,,,,NA00,BI00,,NAIS1000,,,,,,,,,2017,,,US00,,0,,0,0,0,,0,2,,,,,,,,,B,V,,,0,,,,,0,0,0,,,,,0,,0,1,0,,,,,0,,,,0,0,0,,,770000,1,AU,,,0,0,,1,,0,0,,,,,,,ME02,WE06,,,0,0,,,,0,,,0,,,,1,0,,,,,,,,,0,,,,,,,,,F,,,0,,WE,2/17/17,2/17/17,10:29:58 AM,GBIFAC-01,,ML81N,,0,,,,,,,12:00:00 AM,,,,,,,,,,,0,,,,,
375,5000001623,2017,1,1,0,0,0,101,,KRYPTONITE,SC00,RM00,,,,,,125000,,,0,0,,S,USD,2000.00,0,2000.00,,0,,96,LB,96,LB,96,LB,4500000253,10,2017,1000000006,1,,,0,,,,,,,NA00,BI00,,NAIS1000,,,,,,,,,2017,,,US00,,0,,0,0,0,,0,2,,,,,,,,,B,V,,,0,,,,,0,0,0,,,,,0,,0,1,0,,,,,0,,,,0,0,0,,,770000,1,AU,,,0,0,,1,,0,0,,,,,,,ME02,WE06,,,0,0,,,,0,,,0,,,,1,0,,,,,,,,,0,,,,,,,,,F,,,0,,WE,2/17/17,2/17/17,10:31:51 AM,GBIFAC-01,,ML81N,,0,,,,,,,12:00:00 AM,,,,,,,,,,,0,,,,,
375,5000001624,2017,1,1,0,0,0,101,,KRYPTONITE,SC00,RM00,,,,,,125098,,,0,0,,S,USD,5450.00,0,5450.00,,0,,1143,LB,1143,LB,1143,LB,4500000223,10,2017,1000000008,1,,,0,,,,,,,NA00,BI00,,NAIS1000,,,,,,,,,2017,,,US00,,0,,0,0,0,,0,2,,,,,,,,,B,V,,,0,,,,,0,0,0,,,,,0,,0,1,0,,,,,0,,,,0,0,0,,,770000,1,AU,,,0,0,,1,,0,0,,,,,,,ME02,WE06,,,0,0,,,,0,,,0,,,,1,0,,,,,,,,,0,,,,,,,,,F,,,0,,WE,2/17/17,2/17/17,10:38:54 AM,GBI-013,,ML81N,,0,,,,,,,12:00:00 AM,,,,,,,,,,,0,,,,,
375,5000001625,2017,1,1,0,0,0,101,,KRYPTONITE,SC00,RM00,,,,,,125000,,,0,0,,S,USD,5000.00,0,133.55,,0,,13192,LB,13192,LB,13192,LB,4500000256,10,,,0,,,0,X,,,,,,NA00,,,,,,,,,,,,2017,,,US00,,0,,0,0,0,,0,2,,,,,,,,,B,,,,0,,,,,0,0,0,,,,,0,,0,0,0,,,,,0,,,,0,0,0,,,,5,LB,,125000,0,0,,0,,0,0,,,,,KRYPTONITE,,ME01,WE01,X,X,"2,347","2,347,000.00",S,,,0,,,0,,,,1,0,,,,,,,,,0,,,,,,,,,F,,,0,,WE,2/17/17,2/17/17,10:52:24 AM,GBIFAC-01,,MIGO_GR,,0,,,,,,,12:00:00 AM,,,,,,,,,,,0,,,,,
375,5000001626,2017,1,1,0,0,0,101,,KRYPTONITE,SC00,RM00,,,,,,125110,,,0,0,,S,USD,9000.00,0,9000.00,,0,,16303,LB,16303,LB,16303,LB,4500000255,10,2017,1000000012,1,,,0,,,,,,,NA00,BI00,,NAIS1000,,,,,,,,,2017,,,US00,,0,,0,0,0,,0,2,,,,,,,,,B,V,,,0,,,,,0,0,0,,,,,0,,0,1,0,,,,,0,,,,0,0,0,,,770000,1,AU,,,0,0,,1,,0,0,,,,,,,ME02,WE06,,,0,0,,,,0,,,0,,,,1,0,,,,,,,,,0,,,,,,,,,F,,,0,,WE,2/17/17,2/17/17,11:10:56 AM,GBI-018,,ML81N,,0,,,,,,,12:00:00 AM,,,,,,,,,,,0,,,,,
375,5000001627,2017,1,1,0,0,0,101,,KRYPTONITE,SC00,RM00,,,,,,125110,,,0,0,,S,USD,14250.00,0,14250.00,,0,,12150,LB,12150,LB,12150,LB,4500000258,10,2017,1000000013,1,,,0,,,,,,,NA00,BI00,,NAIS1000,,,,,,,,,2017,,,US00,,0,,0,0,0,,0,2,,,,,,,,,B,V,,,0,,,,,0,0,0,,,,,0,,0,1,0,,,,,0,,,,0,0,0,,,770000,1,AU,,,0,0,,1,,0,0,,,,,,,ME02,WE06,,,0,0,,,,0,,,0,,,,1,0,,,,,,,,,0,,,,,,,,,F,,,0,,WE,2/17/17,2/17/17,11:11:22 AM,GBI-018,,ML81N,,0,,,,,,,12:00:00 AM,,,,,,,,,,,0,,,,,
375,5000001628,2017,1,1,0,0,0,101,,KRYPTONITE,SC00,RM00,,,,,,125109,,,0,0,,S,USD,7500.00,0,7500.00,,0,,5013,LB,5013,LB,5013,LB,4500000254,10,2017,1000000009,1,,,0,,,,,,,NA00,BI00,,NAIS1000,,,,,,,,,2017,,,US00,,0,,0,0,0,,0,2,,,,,,,,,B,V,,,0,,,,,0,0,0,,,,,0,,0,1,0,,,,,0,,,,0,0,0,,,770000,1,AU,,,0,0,,1,,0,0,,,,,,,ME02,WE06,,,0,0,,,,0,,,0,,,,1,0,,,,,,,,,0,,,,,,,,,F,,,0,,WE,2/17/17,2/17/17,11:18:14 AM,GBI-018,,ML81N,,0,,,,,,,12:00:00 AM,,,,,,,,,,,0,,,,,
375,5000001629,2017,1,1,0,0,0,101,,KRYPTONITE,SC00,RM00,,,,,,125098,,,0,0,,S,USD,15000.00,0,15000.00,,0,,2603,LB,2603,LB,2603,LB,4500000260,10,2017,1000000019,1,,,0,,,,,,,NA00,BI00,,NAIS1000,,,,,,,,,2017,,,US00,,0,,0,0,0,,0,2,,,,,,,,,B,V,,,0,,,,,0,0,0,,,,,0,,0,1,0,,,,,0,,,,0,0,0,,,770000,1,AU,,,0,0,,1,,0,0,,,,,,,ME02,WE06,,,0,0,,,,0,,,0,,,,1,0,,,,,,,,,0,,,,,,,,,F,,,0,,WE,2/17/17,2/17/17,11:18:55 AM,GBI-018,,ML81N,,0,,,,,,,12:00:00 AM,,,,,,,,,,,0,,,,,
375,5000001630,2017,1,1,0,0,0,101,,KRYPTONITE,SC00,RM00,,,,,,125109,,,0,0,,S,USD,7500.00,0,7500.00,,0,,90,LB,90,LB,90,LB,4500000257,10,2017,1000000010,1,,,0,,,,,,,NA00,BI00,,NAIS1000,,,,,,,,,2017,,,US00,,0,,0,0,0,,0,2,,,,,,,,,B,V,,,0,,,,,0,0,0,,,,,0,,0,1,0,,,,,0,,,,0,0,0,,,770000,1,AU,,,0,0,,1,,0,0,,,,,,,ME02,WE06,,,0,0,,,,0,,,0,,,,1,0,,,,,,,,,0,,,,,,,,,F,,,0,,WE,2/17/17,2/17/17,11:20:48 AM,GBI-018,,ML81N,,0,,,,,,,12:00:00 AM,,,,,,,,,,,0,,,,,
375,5000001631,2017,1,1,0,0,0,101,,KRYPTONITE,SC00,RM00,,,,,,125098,,,0,0,,S,USD,11250.00,0,11250.00,,0,,14758,LB,14758,LB,14758,LB,4500000228,10,2017,1000000022,1,,,0,,,,,,,NA00,BI00,,NAIS1000,,,,,,,,,2017,,,US00,,0,,0,0,0,,0,2,,,,,,,,,B,V,,,0,,,,,0,0,0,,,,,0,,0,1,0,,,,,0,,,,0,0,0,,,770000,1,AU,,,0,0,,1,,0,0,,,,,,,ME02,WE06,,,0,0,,,,0,,,0,,,,1,0,,,,,,,,,0,,,,,,,,,F,,,0,,WE,2/17/17,2/17/17,11:24:19 AM,GBI-018,,ML81N,,0,,,,,,,12:00:00 AM,,,,,,,,,,,0,,,,,
375,5000001632,2017,1,1,0,0,0,101,,RUSSIAN RUBY,SC00,RM00,,,,,,125101,,,0,0,,S,USD,15000000.00,0,1578116.78,,0,,518,G,518,G,518,G,4500000261,10,,,0,,,0,X,,,,,,NA00,,,,,,,,,,,,2017,,,US00,,0,,0,0,0,,0,2,,,,,,,,,B,,,,0,,,,,0,0,0,,,,,0,,0,0,0,,,,,0,,,,0,0,0,,,,100,G,,125101,0,0,,0,,0,0,,,,,RUSSIAN RUBY,,ME01,WE01,X,X,0,0,S,,,0,,,0,,,,1,0,,,,,,,,,0,,,,,,,,,F,,,0,,WE,2/17/17,2/17/17,11:30:08 AM,GBI-024,,MIGO_GR,,0,,,,,,,12:00:00 AM,,,,,,,,,,,0,,,,,
375,5000001633,2017,1,1,0,0,0,101,,RUSSIAN RUBY,SC00,RM00,,,,,,125098,,,0,0,,S,USD,1950.00,0,1950.00,,0,,77,G,77,G,77,G,4500000223,10,2017,1000000015,1,,,0,,,,,,,NA00,BI00,,NAIS1000,,,,,,,,,2017,,,US00,,0,,0,0,0,,0,2,,,,,,,,,B,V,,,0,,,,,0,0,0,,,,,0,,0,1,0,,,,,0,,,,0,0,0,,,770000,1,AU,,,0,0,,1,,0,0,,,,,,,ME02,WE06,,,0,0,,,,0,,,0,,,,1,0,,,,,,,,,0,,,,,,,,,F,,,0,,WE,2/17/17,2/17/17,11:33:01 AM,GBI-018,,ML81N,,0,,,,,,,12:00:00 AM,,,,,,,,,,,0,,,,,
375,5000001634,2017,1,1,0,0,0,101,,RUSSIAN RUBY,SC00,RM00,,,,,,125098,,,0,0,,S,USD,2000.00,0,2000.00,,0,,391,G,391,G,391,G,4500000223,10,2017,1000000016,1,,,0,,,,,,,NA00,BI00,,NAIS1000,,,,,,,,,2017,,,US00,,0,,0,0,0,,0,2,,,,,,,,,B,V,,,0,,,,,0,0,0,,,,,0,,0,1,0,,,,,0,,,,0,0,0,,,770000,1,AU,,,0,0,,1,,0,0,,,,,,,ME02,WE06,,,0,0,,,,0,,,0,,,,1,0,,,,,,,,,0,,,,,,,,,F,,,0,,WE,2/17/17,2/17/17,11:34:22 AM,GBI-018,,ML81N,,0,,,,,,,12:00:00 AM,,,,,,,,,,,0,,,,,
375,5000001635,2017,2,2,0,0,0,101,,RUSSIAN RUBY,SC00,RM00,,,,,,125098,,,0,0,,S,USD,4750.00,0,4750.00,,0,,740,G,740,G,740,G,4500000223,10,2017,1000000017,1,,,0,,,,,,,NA00,BI00,,NAIS1000,,,,,,,,,2017,,,US00,,0,,0,0,0,,0,2,,,,,,,,,B,V,,,0,,,,,0,0,0,,,,,0,,0,1,0,,,,,0,,,,0,0,0,,,770000,1,AU,,,0,0,,1,,0,0,,,,,,,ME02,WE06,,,0,0,,,,0,,,0,,,,2,0,,,,,,,,,0,,,,,,,,,F,,,0,,WE,2/17/17,2/17/17,11:34:22 AM,GBI-018,,ML81N,,0,,,,,,,12:00:00 AM,,,,,,,,,,,0,,,,,
375,5000001636,2017,3,3,0,0,0,101,,RUSSIAN RUBY,SC00,RM00,,,,,,125098,,,0,0,,S,USD,4600.00,0,4600.00,,0,,874,G,874,G,874,G,4500000223,10,2017,1000000018,1,,,0,,,,,,,NA00,BI00,,NAIS1000,,,,,,,,,2017,,,US00,,0,,0,0,0,,0,2,,,,,,,,,B,V,,,0,,,,,0,0,0,,,,,0,,0,1,0,,,,,0,,,,0,0,0,,,770000,1,AU,,,0,0,,1,,0,0,,,,,,,ME02,WE06,,,0,0,,,,0,,,0,,,,3,0,,,,,,,,,0,,,,,,,,,F,,,0,,WE,2/17/17,2/17/17,11:34:22 AM,GBI-018,,ML81N,,0,,,,,,,12:00:00 AM,,,,,,,,,,,0,,,,,
375,5000001637,2017,1,1,0,0,0,101,,AUSTRALIAN AMETHYST,SC00,RM00,,,,,,125112,,,0,0,,S,USD,7000000.00,0,511285600.00,,0,,870,G,870,G,870,G,4500000262,10,,,0,,,0,X,,,,,,NA00,,,,,,,,,,,,2017,,,US00,,0,,0,0,0,,0,2,,,,,,,,,B,,,,0,,,,,0,0,0,,,,,0,,0,0,0,,,,,0,,,,0,0,0,,,,100,G,,125112,0,0,,0,,0,0,,,,,AUSTRALIANAMETHYST,,ME01,WE01,X,X,0,0,S,,,0,,,0,,,,1,0,,,,,,,,,0,,,,,,,,,F,,,0,,WE,2/17/17,2/17/17,12:43:24 PM,GBI-024,,MIGO_GR,,0,,,,,,,12:00:00 AM,,,,,,,,,,,0,,,,,
375,5000001638,2017,1,1,0,0,0,101,,BRITAIN BLACK PEAR,SC00,RM00,,,,,,125114,,,0,0,,S,USD,50000000.00,0,6039000000.00,,0,,998,G,998,G,998,G,4500000264,10,,,0,,,0,X,,,,,,NA00,,,,,,,,,,,,2017,,,US00,,0,,0,0,0,,0,2,,,,,,,,,B,,,,0,,,,,0,0,0,,,,,0,,0,0,0,,,,,0,,,,0,0,0,,,,100,G,,125114,0,0,,0,,0,0,,,,,BRITAIN BLACK PEAR,,ME01,WE01,X,X,0,0,S,,,0,,,0,,,,1,0,,,,,,,,,0,,,,,,,,,F,,,0,,WE,2/17/17,2/17/17,12:53:39 PM,GBI-024,,MIGO_GR,,0,,,,,,,12:00:00 AM,,,,,,,,,,,0,,,,,
375,5000001639,2017,1,1,0,0,0,101,,CANADIAN CRYSTAL,SC00,RM00,,,,,,125113,,,0,0,,S,USD,20000000.00,0,4378843582.89,,0,,381,G,381,G,381,G,4500000263,10,,,0,,,0,X,,,,,,NA00,,,,,,,,,,,,2017,,,US00,,0,,0,0,0,,0,2,,,,,,,,,B,,,,0,,,,,0,0,0,,,,,0,,0,0,0,,,,,0,,,,0,0,0,,,,100,G,,125113,0,0,,0,,0,0,,,,,CANADIAN CRYSTAL,,ME01,WE01,X,X,0,0,S,,,0,,,0,,,,1,0,,,,,,,,,0,,,,,,,,,F,,,0,,WE,2/17/17,2/17/17,12:56:09 PM,GBI-024,,MIGO_GR,,0,,,,,,,12:00:00 AM,,,,,,,,,,,0,,,,,
375,5000001640,2017,1,1,0,0,0,101,,SWISS SAPPHIRE,SC00,RM00,,,,,,125116,,,0,0,,S,USD,10000000.00,0,624609618.99,,0,,527,G,527,G,527,G,4500000265,10,,,0,,,0,X,,,,,,NA00,,,,,,,,,,,,2017,,,US00,,0,,0,0,0,,0,2,,,,,,,,,B,,,,0,,,,,0,0,0,,,,,0,,0,0,0,,,,,0,,,,0,0,0,,,,100,G,,125116,0,0,,0,,0,0,,,,,SWISS SAPPHIRE,,ME01,WE01,X,X,0,0,S,,,0,,,0,,,,1,0,,,,,,,,,0,,,,,,,,,F,,,0,,WE,2/17/17,2/17/17,1:04:46 PM,GBI-024,,MIGO_GR,,0,,,,,,,12:00:00 AM,,,,,,,,,,,0,,,,,
375,5000001641,2017,1,1,0,0,0,101,,RUSSIAN RUBY,SC00,RM00,,,,,,125101,,,0,0,,S,USD,750000.00,0,78905.84,,0,,968,G,968,G,968,G,4500000267,10,,,0,,,0,X,,,,,,NA00,,,,,,,,,,,,2017,,,US00,,0,,0,0,0,,0,2,,,,,,,,,B,,,,0,,,,,0,0,0,,,,,0,,0,0,0,,,,,0,,,,0,0,0,,,,5,G,,125101,0,0,,0,,0,0,,,,,RUSSIAN RUBY,,ME01,WE01,X,X,100,"15,000,000.00",S,,,0,,,0,,,,1,0,,,,,,,,,0,,,,,,,,,F,,,0,,WE,2/17/17,2/17/17,1:55:18 PM,GBI-024,,MIGO_GR,,0,,,,,,,12:00:00 AM,,,,,,,,,,,0,,,,,
375,5000001642,2017,1,1,0,0,0,101,,SA SAPPHIRE,SC00,RM00,,,,,,125100,,,0,0,,S,USD,1000000.00,0,132257.64,,0,,388,G,388,G,388,G,4500000268,10,,,0,,,0,X,,,,,,NA00,,,,,,,,,,,,2017,,,US00,,0,,0,0,0,,0,2,,,,,,,,,B,,,,0,,,,,0,0,0,,,,,0,,0,0,0,,,,,0,,,,0,0,0,,,,10,G,,125100,0,0,,0,,0,0,,,,,SA SAPPHIRE,,ME01,WE01,X,X,0,0,S,,,0,,,0,,,,1,0,,,,,,,,,0,,,,,,,,,F,,,0,,WE,2/17/17,2/17/17,2:07:45 PM,GBI-023,,MIGO_GR,,0,,,,,,,12:00:00 AM,,,,,,,,,,,0,,,,,
375,5000001643,2017,1,1,0,0,0,101,,RUSSIAN RUBY,SC00,RM00,,,,,,125101,,,0,0,,S,USD,750000.00,0,78905.84,,0,,655,G,655,G,655,G,4500000269,10,,,0,,,0,X,,,,,,NA00,,,,,,,,,,,,2017,,,US00,,0,,0,0,0,,0,2,,,,,,,,,B,,,,0,,,,,0,0,0,,,,,0,,0,0,0,,,,,0,,,,0,0,0,,,,5,G,,125101,0,0,,0,,0,0,,,,,RUSSIAN RUBY,,ME01,WE01,X,X,95,"14,250,000.00",S,,,0,,,0,,,,1,0,,,,,,,,,0,,,,,,,,,F,,,0,,WE,2/17/17,2/17/17,2:44:08 PM,GBIFAC-01,,MIGO_GR,,0,,,,,,,12:00:00 AM,,,,,,,,,,,0,,,,,
375,5000001644,2017,1,1,0,0,0,101,,RUSSIAN RUBY,SC00,RM00,,,,,,125101,,,0,0,,S,USD,93750.00,0,93750.00,,0,,169,G,169,G,169,G,4500000270,10,,,0,,,0,X,,,,,,NA00,BI00,,NAIS1000,,,,,,,,,2017,,,US00,,0,,0,0,0,,0,2,,,,,,,,,B,V,,,0,,,,,0,0,0,,,,,0,,0,0,0,,,,,0,,,,0,0,0,,,720000,5,G,,,0,0,,0,,0,0,,,,,RUSSIAN RUBY,,ME02,WE06,X,X,90,"13,500,000.00",S,,,0,,,0,,,,1,0,,,,,,,,,0,,,,,,,,,F,,,0,,WE,2/17/17,2/17/17,3:02:38 PM,GBIFAC-01,,MIGO_GR,,0,,,,,,,12:00:00 AM,,,,,,,,,,,0,,,,,
375,5000001645,2017,1,1,0,0,0,101,,RUSSIAN RUBY,SC00,RM00,,,,,,125101,,,0,0,,S,USD,86538.46,0,86538.46,,0,,390,G,390,G,390,G,4500000271,10,,,0,,,0,X,,,,,,NA00,BI00,,NAIS1000,,,,,,,,,2017,,,US00,,0,,0,0,0,,0,2,,,,,,,,,B,V,,,0,,,,,0,0,0,,,,,0,,0,0,0,,,,,0,,,,0,0,0,,,720000,5,G,,,0,0,,0,,0,0,,,,,RUSSIAN RUBY,,ME02,WE06,X,X,90,"13,500,000.00",S,,,0,,,0,,,,1,0,,,,,,,,,0,,,,,,,,,F,,,0,,WE,2/17/17,2/17/17,7:01:46 PM,GBIFAC-01,,MIGO_GR,,0,,,,,,,12:00:00 AM,,,,,,,,,,,0,,,,,
375,5000001646,2017,1,1,0,0,0,101,,GOLD,SC00,RM00,,,,,,125070,,,0,0,,S,USD,240.00,0,302.40,,0,,759,G,759,G,759,G,4500000284,10,,,0,,,0,X,,,,,,NA00,,,,,,,,,,,,2017,,,US00,,0,,0,0,0,,0,2,,,,,,,,,B,,,,0,,,,,0,0,0,,,,,0,,0,0,0,,,,,0,,,,0,0,0,,,,6,G,,125070,0,0,,0,,0,0,,,,,GOLD-026,,ME01,WE01,X,X,22,880,S,,,0,,,0,,,,1,0,,,,,,,,,0,,,,,,,,,F,,,0,,WE,2/17/17,2/17/17,11:29:31 PM,GBI-026,,MIGO_GR,,0,,,,,,,12:00:00 AM,,,,,,,,,,,0,,,,,
375,5000001647,2017,1,1,0,0,0,101,,GOLD,SC00,RM00,,,,,,125070,,,0,0,,S,USD,240.00,0,302.40,,0,,463,G,463,G,463,G,4500000293,10,,,0,,,0,X,,,,,,NA00,,,,,,,,,,,,2017,,,US00,,0,,0,0,0,,0,2,,,,,,,,,B,,,,0,,,,,0,0,0,,,,,0,,0,0,0,,,,,0,,,,0,0,0,,,,6,G,,125070,0,0,,0,,0,0,,,,,GOLD-026,,ME01,WE01,X,X,28,"1,120.00",S,,,0,,,0,,,,1,0,,,,,,,,,0,,,,,,,,,F,,,0,,WE,2/17/17,2/17/17,11:51:28 PM,GBI-026,,MIGO_GR,,0,,,,,,,12:00:00 AM,,,,,,,,,,,0,,,,,
375,5000001648,2017,1,1,0,0,0,101,,CONCRETE,SC00,RM00,,,,,,125118,,,0,0,,S,USD,11000.00,0,11000.00,,0,,87,YD3,87,YD3,87,YD3,4500000305,10,,,0,,,0,X,,,,,,NA00,,,,,,,,,,,,2017,,,US00,,0,,0,0,0,,0,2,,,,,,,,,B,,,,0,,,,,0,0,0,,,,,0,,0,0,0,,,,,0,,,,0,0,0,,,,110,YD3,,125118,0,0,,0,,0,0,,,,,CONCRETE,,ME01,WE01,X,X,0,0,S,,,0,,,0,,,,1,0,,,,,,,,,0,,,,,,,,,F,,,0,,WE,2/18/17,2/18/17,12:28:42 PM,GBI-065,,MIGO_GR,,0,,,,,,,12:00:00 AM,,,,,,,,,,,0,,,,,
375,5000001649,2017,1,1,0,0,0,101,,CONCRETE,SC00,RM00,,,,,,125119,,,0,0,,S,USD,9200.00,0,9200.00,,0,,124,YD3,124,YD3,124,YD3,4500000306,10,,,0,,,0,X,,,,,,NA00,,,,,,,,,,,,2017,,,US00,,0,,0,0,0,,0,2,,,,,,,,,B,,,,0,,,,,0,0,0,,,,,0,,0,0,0,,,,,0,,,,0,0,0,,,,92,YD3,,125119,0,0,,0,,0,0,,,,,CONCRETE,,ME01,WE01,X,X,110,"11,000.00",S,,,0,,,0,,,,1,0,,,,,,,,,0,,,,,,,,,F,,,0,,WE,2/18/17,2/18/17,12:30:02 PM,GBI-005,,MIGO_GR,,0,,,,,,,12:00:00 AM,,,,,,,,,,,0,,,,,
375,5000001650,2017,1,1,0,0,0,101,,CONCRETE,SC00,RM00,,,,,,125119,,,0,0,,S,USD,9000.00,0,9000.00,,0,,143,YD3,143,YD3,143,YD3,4500000310,10,,,0,,,0,X,,,,,,NA00,,,,,,,,,,,,2017,,,US00,,0,,0,0,0,,0,2,,,,,,,,,B,,,,0,,,,,0,0,0,,,,,0,,0,0,0,,,,,0,,,,0,0,0,,,,90,YD3,,125119,0,0,,0,,0,0,,,,,CONCRETE,,ME01,WE01,X,X,202,"20,200.00",S,,,0,,,0,,,,1,0,,,,,,,,,0,,,,,,,,,F,,,0,,WE,2/18/17,2/18/17,12:33:02 PM,GBI-005,,MIGO_GR,,0,,,,,,,12:00:00 AM,,,,,,,,,,,0,,,,,
375,5000001651,2017,1,1,0,0,0,101,,CONCRETE,SC00,RM00,,,,,,125119,,,0,0,,S,USD,9100.00,0,9100.00,,0,,112,YD3,112,YD3,112,YD3,4500000312,10,,,0,,,0,X,,,,,,NA00,,,,,,,,,,,,2017,,,US00,,0,,0,0,0,,0,2,,,,,,,,,B,,,,0,,,,,0,0,0,,,,,0,,0,0,0,,,,,0,,,,0,0,0,,,,91,YD3,,125119,0,0,,0,,0,0,,,,,CONCRETE,,ME01,WE01,X,X,292,"29,200.00",S,,,0,,,0,,,,1,0,,,,,,,,,0,,,,,,,,,F,,,0,,WE,2/18/17,2/18/17,12:33:57 PM,GBI-005,,MIGO_GR,,0,,,,,,,12:00:00 AM,,,,,,,,,,,0,,,,,
375,5000001652,2017,1,1,0,0,0,101,,CONCRETE,SC00,RM00,,,,,,125118,,,0,0,,S,USD,10800.00,0,10800.00,,0,,90,YD3,90,YD3,90,YD3,4500000307,10,,,0,,,0,X,,,,,,NA00,,,,,,,,,,,,2017,,,US00,,0,,0,0,0,,0,2,,,,,,,,,B,,,,0,,,,,0,0,0,,,,,0,,0,0,0,,,,,0,,,,0,0,0,,,,108,YD3,,125118,0,0,,0,,0,0,,,,,CONCRETE,,ME01,WE01,X,X,383,"38,300.00",S,,,0,,,0,,,,1,0,,,,,,,,,0,,,,,,,,,F,,,0,,WE,2/18/17,2/18/17,12:34:26 PM,GBI-065,,MIGO_GR,,0,,,,,,,12:00:00 AM,,,,,,,,,,,0,,,,,
375,5000001653,2017,1,1,0,0,0,101,,CONCRETE,SC00,RM00,,,,,,125119,,,0,0,,S,USD,9000.00,0,9000.00,,0,,112,YD3,112,YD3,112,YD3,4500000316,10,,,0,,,0,X,,,,,,NA00,,,,,,,,,,,,2017,,,US00,,0,,0,0,0,,0,2,,,,,,,,,B,,,,0,,,,,0,0,0,,,,,0,,0,0,0,,,,,0,,,,0,0,0,,,,90,YD3,,125119,0,0,,0,,0,0,,,,,CONCRETE,,ME01,WE01,X,X,491,"49,100.00",S,,,0,,,0,,,,1,0,,,,,,,,,0,,,,,,,,,F,,,0,,WE,2/18/17,2/18/17,12:34:48 PM,GBI-005,,MIGO_GR,,0,,,,,,,12:00:00 AM,,,,,,,,,,,0,,,,,
375,5000001654,2017,1,1,0,0,0,101,,CONCRETE,SC00,RM00,,,,,,125117,,,0,0,,S,USD,10000.00,0,10000.00,,0,,106,YD3,106,YD3,106,YD3,4500000318,10,,,0,,,0,X,,,,,,NA00,,,,,,,,,,,,2017,,,US00,,0,,0,0,0,,0,2,,,,,,,,,B,,,,0,,,,,0,0,0,,,,,0,,0,0,0,,,,,0,,,,0,0,0,,,,100,YD3,,125117,0,0,,0,,0,0,,,,,CONCRETE,,ME01,WE01,X,X,581,"58,100.00",S,,,0,,,0,,,,1,0,,,,,,,,,0,,,,,,,,,F,,,0,,WE,2/18/17,2/18/17,12:35:30 PM,GBI-039,,MIGO_GR,,0,,,,,,,12:00:00 AM,,,,,,,,,,,0,,,,,
375,5000001655,2017,1,1,0,0,0,101,,CONCRETE,SC00,RM00,,,,,,125119,,,0,0,,S,USD,9000.00,0,9000.00,,0,,140,YD3,140,YD3,140,YD3,4500000320,10,,,0,,,0,X,,,,,,NA00,,,,,,,,,,,,2017,,,US00,,0,,0,0,0,,0,2,,,,,,,,,B,,,,0,,,,,0,0,0,,,,,0,,0,0,0,,,,,0,,,,0,0,0,,,,90,YD3,,125119,0,0,,0,,0,0,,,,,CONCRETE,,ME01,WE01,X,X,681,"68,100.00",S,,,0,,,0,,,,1,0,,,,,,,,,0,,,,,,,,,F,,,0,,WE,2/18/17,2/18/17,12:35:36 PM,GBI-005,,MIGO_GR,,0,,,,,,,12:00:00 AM,,,,,,,,,,,0,,,,,
375,5000001656,2017,1,1,0,0,0,101,,CONCRETE,SC00,RM00,,,,,,125118,,,0,0,,S,USD,10000.00,0,10000.00,,0,,139,YD3,139,YD3,139,YD3,4500000309,10,,,0,,,0,X,,,,,,NA00,,,,,,,,,,,,2017,,,US00,,0,,0,0,0,,0,2,,,,,,,,,B,,,,0,,,,,0,0,0,,,,,0,,0,0,0,,,,,0,,,,0,0,0,,,,100,YD3,,125118,0,0,,0,,0,0,,,,,CONCRETE,,ME01,WE01,X,X,771,"77,100.00",S,,,0,,,0,,,,1,0,,,,,,,,,0,,,,,,,,,F,,,0,,WE,2/18/17,2/18/17,12:35:43 PM,GBI-065,,MIGO_GR,,0,,,,,,,12:00:00 AM,,,,,,,,,,,0,,,,,
375,5000001657,2017,1,1,0,0,0,101,,CONCRETE,SC00,RM00,,,,,,125121,,,0,0,,S,USD,10000.00,0,10000.00,,0,,89,YD3,89,YD3,89,YD3,4500000308,10,,,0,,,0,X,,,,,,NA00,,,,,,,,,,,,2017,,,US00,,0,,0,0,0,,0,2,,,,,,,,,B,,,,0,,,,,0,0,0,,,,,0,,0,0,0,,,,,0,,,,0,0,0,,,,100,YD3,,125121,0,0,,0,,0,0,,,,,CONCRETE,,ME01,WE01,X,X,871,"87,100.00",S,,,0,,,0,,,,1,0,,,,,,,,,0,,,,,,,,,F,,,0,,WE,2/18/17,2/18/17,12:35:43 PM,GBI-062,,MIGO_GR,,0,,,,,,,12:00:00 AM,,,,,,,,,,,0,,,,,
375,5000001658,2017,1,1,0,0,0,101,,CONCRETE,SC00,RM00,,,,,,125122,,,0,0,,S,USD,10400.00,0,10400.00,,0,,84,YD3,84,YD3,84,YD3,4500000321,10,,,0,,,0,X,,,,,,NA00,,,,,,,,,,,,2017,,,US00,,0,,0,0,0,,0,2,,,,,,,,,B,,,,0,,,,,0,0,0,,,,,0,,0,0,0,,,,,0,,,,0,0,0,,,,104,YD3,,125122,0,0,,0,,0,0,,,,,CONCRETE,,ME01,WE01,X,X,971,"97,100.00",S,,,0,,,0,,,,1,0,,,,,,,,,0,,,,,,,,,F,,,0,,WE,2/18/17,2/18/17,12:36:44 PM,GBI-005,,MIGO_GR,,0,,,,,,,12:00:00 AM,,,,,,,,,,,0,,,,,
375,5000001659,2017,1,1,0,0,0,101,,CONCRETE,SC00,RM00,,,,,,125118,,,0,0,,S,USD,9800.00,0,9800.00,,0,,133,YD3,133,YD3,133,YD3,4500000314,10,,,0,,,0,X,,,,,,NA00,,,,,,,,,,,,2017,,,US00,,0,,0,0,0,,0,2,,,,,,,,,B,,,,0,,,,,0,0,0,,,,,0,,0,0,0,,,,,0,,,,0,0,0,,,,98,YD3,,125118,0,0,,0,,0,0,,,,,CONCRETE,,ME01,WE01,X,X,"1,075","107,500.00",S,,,0,,,0,,,,1,0,,,,,,,,,0,,,,,,,,,F,,,0,,WE,2/18/17,2/18/17,12:36:52 PM,GBI-065,,MIGO_GR,,0,,,,,,,12:00:00 AM,,,,,,,,,,,0,,,,,
375,5000001660,2017,1,1,0,0,0,101,,CONCRETE,SC00,RM00,,,,,,125117,,,0,0,,S,USD,10200.00,0,10200.00,,0,,81,YD3,81,YD3,81,YD3,4500000325,10,,,0,,,0,X,,,,,,NA00,,,,,,,,,,,,2017,,,US00,,0,,0,0,0,,0,2,,,,,,,,,B,,,,0,,,,,0,0,0,,,,,0,,0,0,0,,,,,0,,,,0,0,0,,,,102,YD3,,125117,0,0,,0,,0,0,,,,,CONCRETE,,ME01,WE01,X,X,"1,173","117,300.00",S,,,0,,,0,,,,1,0,,,,,,,,,0,,,,,,,,,F,,,0,,WE,2/18/17,2/18/17,12:37:18 PM,GBI-039,,MIGO_GR,,0,,,,,,,12:00:00 AM,,,,,,,,,,,0,,,,,
375,5000001661,2017,1,1,0,0,0,101,,CONCRETE,SC00,RM00,,,,,,125120,,,0,0,,S,USD,9800.00,0,9800.00,,0,,123,YD3,123,YD3,123,YD3,4500000313,10,,,0,,,0,X,,,,,,NA00,,,,,,,,,,,,2017,,,US00,,0,,0,0,0,,0,2,,,,,,,,,B,,,,0,,,,,0,0,0,,,,,0,,0,0,0,,,,,0,,,,0,0,0,,,,98,YD3,,125120,0,0,,0,,0,0,,,,,CONCRETE,,ME01,WE01,X,X,"1,275","127,500.00",S,,,0,,,0,,,,1,0,,,,,,,,,0,,,,,,,,,F,,,0,,WE,2/18/17,2/18/17,12:37:18 PM,GBI-060,,MIGO_GR,,0,,,,,,,12:00:00 AM,,,,,,,,,,,0,,,,,
375,5000001662,2017,1,1,0,0,0,101,,CONCRETE,SC00,RM00,,,,,,125122,,,0,0,,S,USD,10100.00,0,10100.00,,0,,98,YD3,98,YD3,98,YD3,4500000324,10,,,0,,,0,X,,,,,,NA00,,,,,,,,,,,,2017,,,US00,,0,,0,0,0,,0,2,,,,,,,,,B,,,,0,,,,,0,0,0,,,,,0,,0,0,0,,,,,0,,,,0,0,0,,,,101,YD3,,125122,0,0,,0,,0,0,,,,,CONCRETE,,ME01,WE01,X,X,"1,373","137,300.00",S,,,0,,,0,,,,1,0,,,,,,,,,0,,,,,,,,,F,,,0,,WE,2/18/17,2/18/17,12:37:35 PM,GBI-005,,MIGO_GR,,0,,,,,,,12:00:00 AM,,,,,,,,,,,0,,,,,
375,5000001663,2017,1,1,0,0,0,101,,CONCRETE,SC00,RM00,,,,,,125121,,,0,0,,S,USD,10900.00,0,10900.00,,0,,130,YD3,130,YD3,130,YD3,4500000311,10,,,0,,,0,X,,,,,,NA00,,,,,,,,,,,,2017,,,US00,,0,,0,0,0,,0,2,,,,,,,,,B,,,,0,,,,,0,0,0,,,,,0,,0,0,0,,,,,0,,,,0,0,0,,,,109,YD3,,125121,0,0,,0,,0,0,,,,,CONCRETE,,ME01,WE01,X,X,"1,474","147,400.00",S,,,0,,,0,,,,1,0,,,,,,,,,0,,,,,,,,,F,,,0,,WE,2/18/17,2/18/17,12:38:00 PM,GBI-062,,MIGO_GR,,0,,,,,,,12:00:00 AM,,,,,,,,,,,0,,,,,
375,5000001664,2017,1,1,0,0,0,101,,CONCRETE,SC00,RM00,,,,,,125118,,,0,0,,S,USD,10000.00,0,10000.00,,0,,108,YD3,108,YD3,108,YD3,4500000317,10,,,0,,,0,X,,,,,,NA00,,,,,,,,,,,,2017,,,US00,,0,,0,0,0,,0,2,,,,,,,,,B,,,,0,,,,,0,0,0,,,,,0,,0,0,0,,,,,0,,,,0,0,0,,,,100,YD3,,125118,0,0,,0,,0,0,,,,,CONCRETE,,ME01,WE01,X,X,"1,583","158,300.00",S,,,0,,,0,,,,1,0,,,,,,,,,0,,,,,,,,,F,,,0,,WE,2/18/17,2/18/17,12:38:11 PM,GBI-065,,MIGO_GR,,0,,,,,,,12:00:00 AM,,,,,,,,,,,0,,,,,
375,5000001665,2017,1,1,0,0,0,101,,CONCRETE,SC00,RM00,,,,,,125122,,,0,0,,S,USD,10100.00,0,10100.00,,0,,97,YD3,97,YD3,97,YD3,4500000326,10,,,0,,,0,X,,,,,,NA00,,,,,,,,,,,,2017,,,US00,,0,,0,0,0,,0,2,,,,,,,,,B,,,,0,,,,,0,0,0,,,,,0,,0,0,0,,,,,0,,,,0,0,0,,,,101,YD3,,125122,0,0,,0,,0,0,,,,,CONCRETE,,ME01,WE01,X,X,"1,683","168,300.00",S,,,0,,,0,,,,1,0,,,,,,,,,0,,,,,,,,,F,,,0,,WE,2/18/17,2/18/17,12:38:41 PM,GBI-005,,MIGO_GR,,0,,,,,,,12:00:00 AM,,,,,,,,,,,0,,,,,
375,5000001666,2017,1,1,0,0,0,101,,CONCRETE,SC00,RM00,,,,,,125120,,,0,0,,S,USD,10100.00,0,10100.00,,0,,137,YD3,137,YD3,137,YD3,4500000322,10,,,0,,,0,X,,,,,,NA00,,,,,,,,,,,,2017,,,US00,,0,,0,0,0,,0,2,,,,,,,,,B,,,,0,,,,,0,0,0,,,,,0,,0,0,0,,,,,0,,,,0,0,0,,,,101,YD3,,125120,0,0,,0,,0,0,,,,,CONCRETE,,ME01,WE01,X,X,"1,784","178,400.00",S,,,0,,,0,,,,1,0,,,,,,,,,0,,,,,,,,,F,,,0,,WE,2/18/17,2/18/17,12:39:00 PM,GBI-060,,MIGO_GR,,0,,,,,,,12:00:00 AM,,,,,,,,,,,0,,,,,
375,5000001667,2017,1,1,0,0,0,101,,CONCRETE,SC00,RM00,,,,,,125117,,,0,0,,S,USD,10600.00,0,10600.00,,0,,101,YD3,101,YD3,101,YD3,4500000332,10,,,0,,,0,X,,,,,,NA00,,,,,,,,,,,,2017,,,US00,,0,,0,0,0,,0,2,,,,,,,,,B,,,,0,,,,,0,0,0,,,,,0,,0,0,0,,,,,0,,,,0,0,0,,,,106,YD3,,125117,0,0,,0,,0,0,,,,,CONCRETE,,ME01,WE01,X,X,"1,885","188,500.00",S,,,0,,,0,,,,1,0,,,,,,,,,0,,,,,,,,,F,,,0,,WE,2/18/17,2/18/17,12:39:05 PM,GBI-039,,MIGO_GR,,0,,,,,,,12:00:00 AM,,,,,,,,,,,0,,,,,
375,5000001668,2017,1,1,0,0,0,101,,CONCRETE,SC00,RM00,,,,,,125122,,,0,0,,S,USD,10100.00,0,10100.00,,0,,123,YD3,123,YD3,123,YD3,4500000327,10,,,0,,,0,X,,,,,,NA00,,,,,,,,,,,,2017,,,US00,,0,,0,0,0,,0,2,,,,,,,,,B,,,,0,,,,,0,0,0,,,,,0,,0,0,0,,,,,0,,,,0,0,0,,,,101,YD3,,125122,0,0,,0,,0,0,,,,,CONCRETE,,ME01,WE01,X,X,"1,991","199,100.00",S,,,0,,,0,,,,1,0,,,,,,,,,0,,,,,,,,,F,,,0,,WE,2/18/17,2/18/17,12:39:33 PM,GBI-005,,MIGO_GR,,0,,,,,,,12:00:00 AM,,,,,,,,,,,0,,,,,
375,5000001669,2017,1,1,0,0,0,101,,CONCRETE,SC00,RM00,,,,,,125117,,,0,0,,S,USD,10200.00,0,10200.00,,0,,94,YD3,94,YD3,94,YD3,4500000334,10,,,0,,,0,X,,,,,,NA00,,,,,,,,,,,,2017,,,US00,,0,,0,0,0,,0,2,,,,,,,,,B,,,,0,,,,,0,0,0,,,,,0,,0,0,0,,,,,0,,,,0,0,0,,,,102,YD3,,125117,0,0,,0,,0,0,,,,,CONCRETE,,ME01,WE01,X,X,"2,092","209,200.00",S,,,0,,,0,,,,1,0,,,,,,,,,0,,,,,,,,,F,,,0,,WE,2/18/17,2/18/17,12:40:19 PM,GBI-039,,MIGO_GR,,0,,,,,,,12:00:00 AM,,,,,,,,,,,0,,,,,
375,5000001670,2017,1,1,0,0,0,101,,CONCRETE,SC00,RM00,,,,,,125121,,,0,0,,S,USD,10100.00,0,10100.00,,0,,128,YD3,128,YD3,128,YD3,4500000319,10,,,0,,,0,X,,,,,,NA00,,,,,,,,,,,,2017,,,US00,,0,,0,0,0,,0,2,,,,,,,,,B,,,,0,,,,,0,0,0,,,,,0,,0,0,0,,,,,0,,,,0,0,0,,,,101,YD3,,125121,0,0,,0,,0,0,,,,,CONCRETE,,ME01,WE01,X,X,"2,194","219,400.00",S,,,0,,,0,,,,1,0,,,,,,,,,0,,,,,,,,,F,,,0,,WE,2/18/17,2/18/17,12:40:21 PM,GBI-062,,MIGO_GR,,0,,,,,,,12:00:00 AM,,,,,,,,,,,0,,,,,
375,5000001671,2017,1,1,0,0,0,101,,CONCRETE,SC00,RM00,,,,,,125120,,,0,0,,S,USD,10400.00,0,10400.00,,0,,128,YD3,128,YD3,128,YD3,4500000329,10,,,0,,,0,X,,,,,,NA00,,,,,,,,,,,,2017,,,US00,,0,,0,0,0,,0,2,,,,,,,,,B,,,,0,,,,,0,0,0,,,,,0,,0,0,0,,,,,0,,,,0,0,0,,,,104,YD3,,125120,0,0,,0,,0,0,,,,,CONCRETE,,ME01,WE01,X,X,"2,295","229,500.00",S,,,0,,,0,,,,1,0,,,,,,,,,0,,,,,,,,,F,,,0,,WE,2/18/17,2/18/17,12:40:28 PM,GBI-060,,MIGO_GR,,0,,,,,,,12:00:00 AM,,,,,,,,,,,0,,,,,
375,5000001672,2017,1,1,0,0,0,101,,CONCRETE,SC00,RM00,,,,,,125122,,,0,0,,S,USD,10700.00,0,10700.00,,0,,117,YD3,117,YD3,117,YD3,4500000328,10,,,0,,,0,X,,,,,,NA00,,,,,,,,,,,,2017,,,US00,,0,,0,0,0,,0,2,,,,,,,,,B,,,,0,,,,,0,0,0,,,,,0,,0,0,0,,,,,0,,,,0,0,0,,,,107,YD3,,125122,0,0,,0,,0,0,,,,,CONCRETE,,ME01,WE01,X,X,"2,399","239,900.00",S,,,0,,,0,,,,1,0,,,,,,,,,0,,,,,,,,,F,,,0,,WE,2/18/17,2/18/17,12:40:31 PM,GBI-005,,MIGO_GR,,0,,,,,,,12:00:00 AM,,,,,,,,,,,0,,,,,
375,5000001673,2017,1,1,0,0,0,101,,CONCRETE,SC00,RM00,,,,,,125120,,,0,0,,S,USD,10300.00,0,10300.00,,0,,129,YD3,129,YD3,129,YD3,4500000330,10,,,0,,,0,X,,,,,,NA00,,,,,,,,,,,,2017,,,US00,,0,,0,0,0,,0,2,,,,,,,,,B,,,,0,,,,,0,0,0,,,,,0,,0,0,0,,,,,0,,,,0,0,0,,,,103,YD3,,125120,0,0,,0,,0,0,,,,,CONCRETE,,ME01,WE01,X,X,"2,506","250,600.00",S,,,0,,,0,,,,1,0,,,,,,,,,0,,,,,,,,,F,,,0,,WE,2/18/17,2/18/17,12:41:19 PM,GBI-060,,MIGO_GR,,0,,,,,,,12:00:00 AM,,,,,,,,,,,0,,,,,
375,5000001674,2017,1,1,0,0,0,101,,CONCRETE,SC00,RM00,,,,,,125117,,,0,0,,S,USD,10000.00,0,10000.00,,0,,116,YD3,116,YD3,116,YD3,4500000331,10,,,0,,,0,X,,,,,,NA00,,,,,,,,,,,,2017,,,US00,,0,,0,0,0,,0,2,,,,,,,,,B,,,,0,,,,,0,0,0,,,,,0,,0,0,0,,,,,0,,,,0,0,0,,,,100,YD3,,125117,0,0,,0,,0,0,,,,,CONCRETE,,ME01,WE01,X,X,"2,609","260,900.00",S,,,0,,,0,,,,1,0,,,,,,,,,0,,,,,,,,,F,,,0,,WE,2/18/17,2/18/17,12:42:00 PM,GBI-039,,MIGO_GR,,0,,,,,,,12:00:00 AM,,,,,,,,,,,0,,,,,
375,5000001675,2017,1,1,0,0,0,101,,CONCRETE,SC00,RM00,,,,,,125120,,,0,0,,S,USD,9800.00,0,9800.00,,0,,137,YD3,137,YD3,137,YD3,4500000333,10,,,0,,,0,X,,,,,,NA00,,,,,,,,,,,,2017,,,US00,,0,,0,0,0,,0,2,,,,,,,,,B,,,,0,,,,,0,0,0,,,,,0,,0,0,0,,,,,0,,,,0,0,0,,,,98,YD3,,125120,0,0,,0,,0,0,,,,,CONCRETE,,ME01,WE01,X,X,"2,709","270,900.00",S,,,0,,,0,,,,1,0,,,,,,,,,0,,,,,,,,,F,,,0,,WE,2/18/17,2/18/17,12:42:08 PM,GBI-060,,MIGO_GR,,0,,,,,,,12:00:00 AM,,,,,,,,,,,0,,,,,
375,5000001676,2017,1,1,0,0,0,101,,CONCRETE,SC00,RM00,,,,,,125118,,,0,0,,S,USD,11000.00,0,11000.00,,0,,139,YD3,139,YD3,139,YD3,4500000335,10,,,0,,,0,X,,,,,,NA00,,,,,,,,,,,,2017,,,US00,,0,,0,0,0,,0,2,,,,,,,,,B,,,,0,,,,,0,0,0,,,,,0,,0,0,0,,,,,0,,,,0,0,0,,,,110,YD3,,125118,0,0,,0,,0,0,,,,,CONCRETE,,ME01,WE01,X,X,"2,807","280,700.00",S,,,0,,,0,,,,1,0,,,,,,,,,0,,,,,,,,,F,,,0,,WE,2/18/17,2/18/17,12:43:19 PM,GBI-065,,MIGO_GR,,0,,,,,,,12:00:00 AM,,,,,,,,,,,0,,,,,
375,5000001677,2017,1,1,0,0,0,101,,CONCRETE,SC00,RM00,,,,,,125119,,,0,0,,S,USD,9200.00,0,9200.00,,0,,120,YD3,120,YD3,120,YD3,4500000336,10,,,0,,,0,X,,,,,,NA00,,,,,,,,,,,,2017,,,US00,,0,,0,0,0,,0,2,,,,,,,,,B,,,,0,,,,,0,0,0,,,,,0,,0,0,0,,,,,0,,,,0,0,0,,,,92,YD3,,125119,0,0,,0,,0,0,,,,,CONCRETE,,ME01,WE01,X,X,"2,917","291,700.00",S,,,0,,,0,,,,1,0,,,,,,,,,0,,,,,,,,,F,,,0,,WE,2/18/17,2/18/17,12:44:26 PM,GBI-005,,MIGO_GR,,0,,,,,,,12:00:00 AM,,,,,,,,,,,0,,,,,
375,5000001678,2017,1,1,0,0,0,101,,CONCRETE,SC00,RM00,,,,,,125121,,,0,0,,S,USD,9500.00,0,9500.00,,0,,84,YD3,84,YD3,84,YD3,4500000323,10,,,0,,,0,X,,,,,,NA00,,,,,,,,,,,,2017,,,US00,,0,,0,0,0,,0,2,,,,,,,,,B,,,,0,,,,,0,0,0,,,,,0,,0,0,0,,,,,0,,,,0,0,0,,,,95,YD3,,125121,0,0,,0,,0,0,,,,,CONCRETE,,ME01,WE01,X,X,"3,009","300,900.00",S,,,0,,,0,,,,1,0,,,,,,,,,0,,,,,,,,,F,,,0,,WE,2/18/17,2/18/17,12:44:34 PM,GBI-062,,MIGO_GR,,0,,,,,,,12:00:00 AM,,,,,,,,,,,0,,,,,
375,5000001679,2017,1,1,0,0,0,101,,CONCRETE,SC00,RM00,,,,,,125121,,,0,0,,S,USD,10100.00,0,10100.00,,0,,119,YD3,119,YD3,119,YD3,4500000315,10,,,0,,,0,X,,,,,,NA00,,,,,,,,,,,,2017,,,US00,,0,,0,0,0,,0,2,,,,,,,,,B,,,,0,,,,,0,0,0,,,,,0,,0,0,0,,,,,0,,,,0,0,0,,,,101,YD3,,125121,0,0,,0,,0,0,,,,,CONCRETE,,ME01,WE01,X,X,"3,104","310,400.00",S,,,0,,,0,,,,1,0,,,,,,,,,0,,,,,,,,,F,,,0,,WE,2/18/17,2/18/17,12:50:34 PM,GBI-062,,MIGO_GR,,0,,,,,,,12:00:00 AM,,,,,,,,,,,0,,,,,
375,5000001680,2017,1,1,0,0,0,101,,CONCRETE,SC00,RM00,,,,,,125121,,,0,0,,S,USD,10000.00,0,10000.00,,0,,122,YD3,122,YD3,122,YD3,4500000337,10,,,0,,,0,X,,,,,,NA00,,,,,,,,,,,,2017,,,US00,,0,,0,0,0,,0,2,,,,,,,,,B,,,,0,,,,,0,0,0,,,,,0,,0,0,0,,,,,0,,,,0,0,0,,,,100,YD3,,125121,0,0,,0,,0,0,,,,,CONCRETE,,ME01,WE01,X,X,"3,205","320,500.00",S,,,0,,,0,,,,1,0,,,,,,,,,0,,,,,,,,,F,,,0,,WE,2/18/17,2/18/17,1:58:29 PM,GBI-065,,MIGO_GR,,0,,,,,,,12:00:00 AM,,,,,,,,,,,0,,,,,
375,5000001681,2017,1,1,0,0,0,101,,CONCRETE,SC00,RM00,,,,,,125121,,,0,0,,S,USD,10900.00,0,10900.00,,0,,114,YD3,114,YD3,114,YD3,4500000339,10,,,0,,,0,X,,,,,,NA00,,,,,,,,,,,,2017,,,US00,,0,,0,0,0,,0,2,,,,,,,,,B,,,,0,,,,,0,0,0,,,,,0,,0,0,0,,,,,0,,,,0,0,0,,,,109,YD3,,125121,0,0,,0,,0,0,,,,,CONCRETE,,ME01,WE01,X,X,"3,305","330,500.00",S,,,0,,,0,,,,1,0,,,,,,,,,0,,,,,,,,,F,,,0,,WE,2/18/17,2/18/17,1:58:29 PM,GBI-062,,MIGO_GR,,0,,,,,,,12:00:00 AM,,,,,,,,,,,0,,,,,
375,5000001682,2017,1,1,0,0,0,101,,CONCRETE,SC00,RM00,,,,,,125121,,,0,0,,S,USD,10200.00,0,10200.00,,0,,124,YD3,124,YD3,124,YD3,4500000340,10,,,0,,,0,X,,,,,,NA00,,,,,,,,,,,,2017,,,US00,,0,,0,0,0,,0,2,,,,,,,,,B,,,,0,,,,,0,0,0,,,,,0,,0,0,0,,,,,0,,,,0,0,0,,,,102,YD3,,125121,0,0,,0,,0,0,,,,,CONCRETE,,ME01,WE01,X,X,"3,414","341,400.00",S,,,0,,,0,,,,1,0,,,,,,,,,0,,,,,,,,,F,,,0,,WE,2/18/17,2/18/17,1:58:30 PM,GBI-064,,MIGO_GR,,0,,,,,,,12:00:00 AM,,,,,,,,,,,0,,,,,
375,5000001683,2017,1,1,0,0,0,101,,CONCRETE,SC00,RM00,,,,,,125117,,,0,0,,S,USD,10600.00,0,10600.00,,0,,141,YD3,141,YD3,141,YD3,4500000338,10,,,0,,,0,X,,,,,,NA00,,,,,,,,,,,,2017,,,US00,,0,,0,0,0,,0,2,,,,,,,,,B,,,,0,,,,,0,0,0,,,,,0,,0,0,0,,,,,0,,,,0,0,0,,,,106,YD3,,125117,0,0,,0,,0,0,,,,,CONCRETE,,ME01,WE01,X,X,"3,516","351,600.00",S,,,0,,,0,,,,1,0,,,,,,,,,0,,,,,,,,,F,,,0,,WE,2/18/17,2/18/17,1:58:31 PM,GBI-039,,MIGO_GR,,0,,,,,,,12:00:00 AM,,,,,,,,,,,0,,,,,
375,5000001684,2017,1,1,0,0,0,101,,CONCRETE,SC00,RM00,,,,,,125121,,,0,0,,S,USD,10100.00,0,10100.00,,0,,113,YD3,113,YD3,113,YD3,4500000341,10,,,0,,,0,X,,,,,,NA00,,,,,,,,,,,,2017,,,US00,,0,,0,0,0,,0,2,,,,,,,,,B,,,,0,,,,,0,0,0,,,,,0,,0,0,0,,,,,0,,,,0,0,0,,,,101,YD3,,125121,0,0,,0,,0,0,,,,,CONCRETE,,ME01,WE01,X,X,"3,622","362,200.00",S,,,0,,,0,,,,1,0,,,,,,,,,0,,,,,,,,,F,,,0,,WE,2/18/17,2/18/17,1:59:35 PM,GBI-065,,MIGO_GR,,0,,,,,,,12:00:00 AM,,,,,,,,,,,0,,,,,
375,5000001685,2017,1,1,0,0,0,101,,CONCRETE,SC00,RM00,,,,,,125121,,,0,0,,S,USD,9500.00,0,9500.00,,0,,119,YD3,119,YD3,119,YD3,4500000343,10,,,0,,,0,X,,,,,,NA00,,,,,,,,,,,,2017,,,US00,,0,,0,0,0,,0,2,,,,,,,,,B,,,,0,,,,,0,0,0,,,,,0,,0,0,0,,,,,0,,,,0,0,0,,,,95,YD3,,125121,0,0,,0,,0,0,,,,,CONCRETE,,ME01,WE01,X,X,"3,723","372,300.00",S,,,0,,,0,,,,1,0,,,,,,,,,0,,,,,,,,,F,,,0,,WE,2/18/17,2/18/17,2:12:18 PM,GBI-065,,MIGO_GR,,0,,,,,,,12:00:00 AM,,,,,,,,,,,0,,,,,
375,5000001686,2017,1,1,0,0,0,101,,GOLD,SC00,RM00,,,,,,125104,,,0,0,,S,USD,43309.00,0,43309.00,,0,,56,OZ,56,OZ,56,OZ,4500000272,10,,,0,,,0,X,,,,,,NA00,,,,,,,,,,,,2017,,,US00,,0,,0,0,0,,0,2,,,,,,,,,B,,,,0,,,,,0,0,0,,,,,0,,0,0,0,,,,,0,,,,0,0,0,,,,35,OZ,,125104,0,0,,0,,0,0,,,,,GOLD TEAM 8,,ME01,WE01,X,X,0,0,V,,,0,,,0,,,,1,0,,,,,,,,,0,,,,,,,,,F,,,0,,WE,2/18/17,2/18/17,3:54:45 PM,GBI-033,,MIGO_GR,,0,,,,,,,12:00:00 AM,,,,,,,,,,,0,,,,,
375,5000001687,2017,1,1,0,0,0,101,,GOLD,SC00,RM00,,,,,,125104,,,0,0,,S,USD,54441.20,0,54441.20,,0,,17,OZ,17,OZ,17,OZ,4500000273,10,,,0,,,0,X,,,,,,NA00,,,,,,,,,,,,2017,,,US00,,0,,0,0,0,,0,2,,,,,,,,,B,,,,0,,,,,0,0,0,,,,,0,,0,0,0,,,,,0,,,,0,0,0,,,,44,OZ,,125104,0,0,,0,,0,0,,,,,GOLD TEAM 8,,ME01,WE01,X,X,35,"43,309.00",V,,,0,,,0,,,,1,0,,,,,,,,,0,,,,,,,,,F,,,0,,WE,2/18/17,2/18/17,4:08:43 PM,GBI-033,,MIGO_GR,,0,,,,,,,12:00:00 AM,,,,,,,,,,,0,,,,,
375,5000001688,2017,1,1,0,0,0,101,,GOLD,SC00,RM00,,,,,,125104,,,0,0,,S,USD,50646.89,0,50646.89,,0,,20,OZ,20,OZ,20,OZ,4500000274,10,,,0,,,0,X,,,,,,NA00,,,,,,,,,,,,2017,,,US00,,0,,0,0,0,,0,2,,,,,,,,,B,,,,0,,,,,0,0,0,,,,,0,,0,0,0,,,,,0,,,,0,0,0,,,,41,OZ,,125104,0,0,,0,,0,0,,,,,GOLD TEAM 8,,ME01,WE01,X,X,79,"97,750.20",V,,,0,,,0,,,,1,0,,,,,,,,,0,,,,,,,,,F,,,0,,WE,2/18/17,2/18/17,4:11:01 PM,GBI-033,,MIGO_GR,,0,,,,,,,12:00:00 AM,,,,,,,,,,,0,,,,,
375,5000001689,2017,1,1,0,0,0,101,,GOLD,SC00,RM00,,,,,,125104,,,0,0,,S,USD,98823.20,0,98823.20,,0,,91,OZ,91,OZ,91,OZ,4500000275,10,,,0,,,0,X,,,,,,NA00,,,,,,,,,,,,2017,,,US00,,0,,0,0,0,,0,2,,,,,,,,,B,,,,0,,,,,0,0,0,,,,,0,,0,0,0,,,,,0,,,,0,0,0,,,,80,OZ,,125104,0,0,,0,,0,0,,,,,GOLD TEAM 8,,ME01,WE01,X,X,120,"148,397.09",V,,,0,,,0,,,,1,0,,,,,,,,,0,,,,,,,,,F,,,0,,WE,2/18/17,2/18/17,4:11:30 PM,GBI-033,,MIGO_GR,,0,,,,,,,12:00:00 AM,,,,,,,,,,,0,,,,,
375,5000001690,2017,1,1,0,0,0,101,,GOLD,SC00,RM00,,,,,,125104,,,0,0,,S,USD,70411.53,0,70411.53,,0,,47,OZ,47,OZ,47,OZ,4500000276,10,,,0,,,0,X,,,,,,NA00,,,,,,,,,,,,2017,,,US00,,0,,0,0,0,,0,2,,,,,,,,,B,,,,0,,,,,0,0,0,,,,,0,,0,0,0,,,,,0,,,,0,0,0,,,,57,OZ,,125104,0,0,,0,,0,0,,,,,GOLD TEAM 8,,ME01,WE01,X,X,200,"247,220.29",V,,,0,,,0,,,,1,0,,,,,,,,,0,,,,,,,,,F,,,0,,WE,2/18/17,2/18/17,4:11:58 PM,GBI-033,,MIGO_GR,,0,,,,,,,12:00:00 AM,,,,,,,,,,,0,,,,,
375,5000001691,2017,1,1,0,0,0,101,,GOLD,SC00,RM00,,,,,,125104,,,0,0,,S,USD,100058.49,0,100058.49,,0,,79,OZ,79,OZ,79,OZ,4500000277,10,,,0,,,0,X,,,,,,NA00,,,,,,,,,,,,2017,,,US00,,0,,0,0,0,,0,2,,,,,,,,,B,,,,0,,,,,0,0,0,,,,,0,,0,0,0,,,,,0,,,,0,0,0,,,,81,OZ,,125104,0,0,,0,,0,0,,,,,GOLD TEAM 8,,ME01,WE01,X,X,257,"317,631.82",V,,,0,,,0,,,,1,0,,,,,,,,,0,,,,,,,,,F,,,0,,WE,2/18/17,2/18/17,4:12:13 PM,GBI-033,,MIGO_GR,,0,,,,,,,12:00:00 AM,,,,,,,,,,,0,,,,,
375,5000001692,2017,1,1,0,0,0,101,,GOLD,SC00,RM00,,,,,,125104,,,0,0,,S,USD,79058.56,0,79058.56,,0,,59,OZ,59,OZ,59,OZ,4500000278,10,,,0,,,0,X,,,,,,NA00,,,,,,,,,,,,2017,,,US00,,0,,0,0,0,,0,2,,,,,,,,,B,,,,0,,,,,0,0,0,,,,,0,,0,0,0,,,,,0,,,,0,0,0,,,,64,OZ,,125104,0,0,,0,,0,0,,,,,GOLD TEAM 8,,ME01,WE01,X,X,338,"417,690.31",V,,,0,,,0,,,,1,0,,,,,,,,,0,,,,,,,,,F,,,0,,WE,2/18/17,2/18/17,4:12:28 PM,GBI-033,,MIGO_GR,,0,,,,,,,12:00:00 AM,,,,,,,,,,,0,,,,,
375,5000001693,2017,1,1,0,0,0,101,,GOLD,SC00,RM00,,,,,,125104,,,0,0,,S,USD,96352.62,0,96352.62,,0,,63,OZ,63,OZ,63,OZ,4500000279,10,,,0,,,0,X,,,,,,NA00,,,,,,,,,,,,2017,,,US00,,0,,0,0,0,,0,2,,,,,,,,,B,,,,0,,,,,0,0,0,,,,,0,,0,0,0,,,,,0,,,,0,0,0,,,,78,OZ,,125104,0,0,,0,,0,0,,,,,GOLD TEAM 8,,ME01,WE01,X,X,402,"496,748.87",V,,,0,,,0,,,,1,0,,,,,,,,,0,,,,,,,,,F,,,0,,WE,2/18/17,2/18/17,4:12:41 PM,GBI-033,,MIGO_GR,,0,,,,,,,12:00:00 AM,,,,,,,,,,,0,,,,,
375,5000001694,2017,1,1,0,0,0,101,,GOLD,SC00,RM00,,,,,,125104,,,0,0,,S,USD,53117.47,0,53117.47,,0,,30,OZ,30,OZ,30,OZ,4500000280,10,,,0,,,0,X,,,,,,NA00,,,,,,,,,,,,2017,,,US00,,0,,0,0,0,,0,2,,,,,,,,,B,,,,0,,,,,0,0,0,,,,,0,,0,0,0,,,,,0,,,,0,0,0,,,,43,OZ,,125104,0,0,,0,,0,0,,,,,GOLD TEAM 8,,ME01,WE01,X,X,480,"593,101.49",V,,,0,,,0,,,,1,0,,,,,,,,,0,,,,,,,,,F,,,0,,WE,2/18/17,2/18/17,4:12:56 PM,GBI-033,,MIGO_GR,,0,,,,,,,12:00:00 AM,,,,,,,,,,,0,,,,,
375,5000001695,2017,1,1,0,0,0,101,,GOLD,SC00,RM00,,,,,,125104,,,0,0,,S,USD,58058.63,0,58058.63,,0,,1,OZ,1,OZ,1,OZ,4500000281,10,,,0,,,0,X,,,,,,NA00,,,,,,,,,,,,2017,,,US00,,0,,0,0,0,,0,2,,,,,,,,,B,,,,0,,,,,0,0,0,,,,,0,,0,0,0,,,,,0,,,,0,0,0,,,,47,OZ,,125104,0,0,,0,,0,0,,,,,GOLD TEAM 8,,ME01,WE01,X,X,523,"646,218.96",V,,,0,,,0,,,,1,0,,,,,,,,,0,,,,,,,,,F,,,0,,WE,2/18/17,2/18/17,4:13:09 PM,GBI-033,,MIGO_GR,,0,,,,,,,12:00:00 AM,,,,,,,,,,,0,,,,,
375,5000001696,2017,1,1,0,0,0,101,,GOLD,SC00,RM00,,,,,,125104,,,0,0,,S,USD,100058.49,0,100058.49,,0,,99,OZ,99,OZ,99,OZ,4500000282,10,,,0,,,0,X,,,,,,NA00,,,,,,,,,,,,2017,,,US00,,0,,0,0,0,,0,2,,,,,,,,,B,,,,0,,,,,0,0,0,,,,,0,,0,0,0,,,,,0,,,,0,0,0,,,,81,OZ,,125104,0,0,,0,,0,0,,,,,GOLD TEAM 8,,ME01,WE01,X,X,570,"704,277.59",V,,,0,,,0,,,,1,0,,,,,,,,,0,,,,,,,,,F,,,0,,WE,2/18/17,2/18/17,4:13:23 PM,GBI-033,,MIGO_GR,,0,,,,,,,12:00:00 AM,,,,,,,,,,,0,,,,,
375,5000001697,2017,1,1,0,0,0,101,,GOLD,SC00,RM00,,,,,,125104,,,0,0,,S,USD,90176.17,0,90176.17,,0,,31,OZ,31,OZ,31,OZ,4500000283,10,,,0,,,0,X,,,,,,NA00,,,,,,,,,,,,2017,,,US00,,0,,0,0,0,,0,2,,,,,,,,,B,,,,0,,,,,0,0,0,,,,,0,,0,0,0,,,,,0,,,,0,0,0,,,,73,OZ,,125104,0,0,,0,,0,0,,,,,GOLD TEAM 8,,ME01,WE01,X,X,651,"804,336.08",V,,,0,,,0,,,,1,0,,,,,,,,,0,,,,,,,,,F,,,0,,WE,2/18/17,2/18/17,4:13:42 PM,GBI-033,,MIGO_GR,,0,,,,,,,12:00:00 AM,,,,,,,,,,,0,,,,,
375,5000001698,2017,1,1,0,0,0,101,,GOLD,SC00,RM00,,,,,,125104,,,0,0,,S,USD,97587.91,0,97587.91,,0,,29,OZ,29,OZ,29,OZ,4500000285,10,,,0,,,0,X,,,,,,NA00,,,,,,,,,,,,2017,,,US00,,0,,0,0,0,,0,2,,,,,,,,,B,,,,0,,,,,0,0,0,,,,,0,,0,0,0,,,,,0,,,,0,0,0,,,,79,OZ,,125104,0,0,,0,,0,0,,,,,GOLD TEAM 8,,ME01,WE01,X,X,724,"894,512.25",V,,,0,,,0,,,,1,0,,,,,,,,,0,,,,,,,,,F,,,0,,WE,2/18/17,2/18/17,4:13:58 PM,GBI-033,,MIGO_GR,,0,,,,,,,12:00:00 AM,,,,,,,,,,,0,,,,,
375,5000001699,2017,1,1,0,0,0,101,,GOLD,SC00,RM00,,,,,,125104,,,0,0,,S,USD,87705.59,0,87705.59,,0,,62,OZ,62,OZ,62,OZ,4500000286,10,,,0,,,0,X,,,,,,NA00,,,,,,,,,,,,2017,,,US00,,0,,0,0,0,,0,2,,,,,,,,,B,,,,0,,,,,0,0,0,,,,,0,,0,0,0,,,,,0,,,,0,0,0,,,,71,OZ,,125104,0,0,,0,,0,0,,,,,GOLD TEAM 8,,ME01,WE01,X,X,803,"992,100.16",V,,,0,,,0,,,,1,0,,,,,,,,,0,,,,,,,,,F,,,0,,WE,2/18/17,2/18/17,4:14:16 PM,GBI-033,,MIGO_GR,,0,,,,,,,12:00:00 AM,,,,,,,,,,,0,,,,,
375,5000001700,2017,1,1,0,0,0,101,,GOLD,SC00,RM00,,,,,,125104,,,0,0,,S,USD,82764.43,0,82764.43,,0,,98,OZ,98,OZ,98,OZ,4500000287,10,,,0,,,0,X,,,,,,NA00,,,,,,,,,,,,2017,,,US00,,0,,0,0,0,,0,2,,,,,,,,,B,,,,0,,,,,0,0,0,,,,,0,,0,0,0,,,,,0,,,,0,0,0,,,,67,OZ,,125104,0,0,,0,,0,0,,,,,GOLD TEAM 8,,ME01,WE01,X,X,874,"1,079,805.75",V,,,0,,,0,,,,1,0,,,,,,,,,0,,,,,,,,,F,,,0,,WE,2/18/17,2/18/17,4:14:46 PM,GBI-033,,MIGO_GR,,0,,,,,,,12:00:00 AM,,,,,,,,,,,0,,,,,
375,5000001701,2017,1,1,0,0,0,101,,GOLD,SC00,RM00,,,,,,125104,,,0,0,,S,USD,75352.69,0,75352.69,,0,,52,OZ,52,OZ,52,OZ,4500000288,10,,,0,,,0,X,,,,,,NA00,,,,,,,,,,,,2017,,,US00,,0,,0,0,0,,0,2,,,,,,,,,B,,,,0,,,,,0,0,0,,,,,0,,0,0,0,,,,,0,,,,0,0,0,,,,61,OZ,,125104,0,0,,0,,0,0,,,,,GOLD TEAM 8,,ME01,WE01,X,X,941,"1,162,570.18",V,,,0,,,0,,,,1,0,,,,,,,,,0,,,,,,,,,F,,,0,,WE,2/18/17,2/18/17,4:15:01 PM,GBI-033,,MIGO_GR,,0,,,,,,,12:00:00 AM,,,,,,,,,,,0,,,,,
375,5000001702,2017,1,1,0,0,0,101,,GOLD,SC00,RM00,,,,,,125104,,,0,0,,S,USD,85235.01,0,85235.01,,0,,87,OZ,87,OZ,87,OZ,4500000289,10,,,0,,,0,X,,,,,,NA00,,,,,,,,,,,,2017,,,US00,,0,,0,0,0,,0,2,,,,,,,,,B,,,,0,,,,,0,0,0,,,,,0,,0,0,0,,,,,0,,,,0,0,0,,,,69,OZ,,125104,0,0,,0,,0,0,,,,,GOLD TEAM 8,,ME01,WE01,X,X,"1,002","1,237,922.87",V,,,0,,,0,,,,1,0,,,,,,,,,0,,,,,,,,,F,,,0,,WE,2/18/17,2/18/17,4:15:14 PM,GBI-033,,MIGO_GR,,0,,,,,,,12:00:00 AM,,,,,,,,,,,0,,,,,
375,5000001703,2017,1,1,0,0,0,101,,GOLD,SC00,RM00,,,,,,125104,,,0,0,,S,USD,79058.56,0,79058.56,,0,,12,OZ,12,OZ,12,OZ,4500000290,10,,,0,,,0,X,,,,,,NA00,,,,,,,,,,,,2017,,,US00,,0,,0,0,0,,0,2,,,,,,,,,B,,,,0,,,,,0,0,0,,,,,0,,0,0,0,,,,,0,,,,0,0,0,,,,64,OZ,,125104,0,0,,0,,0,0,,,,,GOLD TEAM 8,,ME01,WE01,X,X,"1,071","1,323,157.88",V,,,0,,,0,,,,1,0,,,,,,,,,0,,,,,,,,,F,,,0,,WE,2/18/17,2/18/17,4:15:26 PM,GBI-033,,MIGO_GR,,0,,,,,,,12:00:00 AM,,,,,,,,,,,0,,,,,
375,5000001704,2017,1,1,0,0,0,101,,GOLD,SC00,RM00,,,,,,125104,,,0,0,,S,USD,74117.40,0,74117.40,,0,,91,OZ,91,OZ,91,OZ,4500000291,10,,,0,,,0,X,,,,,,NA00,,,,,,,,,,,,2017,,,US00,,0,,0,0,0,,0,2,,,,,,,,,B,,,,0,,,,,0,0,0,,,,,0,,0,0,0,,,,,0,,,,0,0,0,,,,60,OZ,,125104,0,0,,0,,0,0,,,,,GOLD TEAM 8,,ME01,WE01,X,X,"1,135","1,402,216.44",V,,,0,,,0,,,,1,0,,,,,,,,,0,,,,,,,,,F,,,0,,WE,2/18/17,2/18/17,4:15:39 PM,GBI-033,,MIGO_GR,,0,,,,,,,12:00:00 AM,,,,,,,,,,,0,,,,,
375,5000001705,2017,1,1,0,0,0,101,,GOLD,SC00,RM00,,,,,,125104,,,0,0,,S,USD,75352.69,0,75352.69,,0,,94,OZ,94,OZ,94,OZ,4500000292,10,,,0,,,0,X,,,,,,NA00,,,,,,,,,,,,2017,,,US00,,0,,0,0,0,,0,2,,,,,,,,,B,,,,0,,,,,0,0,0,,,,,0,,0,0,0,,,,,0,,,,0,0,0,,,,61,OZ,,125104,0,0,,0,,0,0,,,,,GOLD TEAM 8,,ME01,WE01,X,X,"1,195","1,476,333.84",V,,,0,,,0,,,,1,0,,,,,,,,,0,,,,,,,,,F,,,0,,WE,2/18/17,2/18/17,4:15:51 PM,GBI-033,,MIGO_GR,,0,,,,,,,12:00:00 AM,,,,,,,,,,,0,,,,,
375,5000001706,2017,1,1,0,0,0,101,,GOLD,SC00,RM00,,,,,,125104,,,0,0,,S,USD,71646.82,0,71646.82,,0,,40,OZ,40,OZ,40,OZ,4500000294,10,,,0,,,0,X,,,,,,NA00,,,,,,,,,,,,2017,,,US00,,0,,0,0,0,,0,2,,,,,,,,,B,,,,0,,,,,0,0,0,,,,,0,,0,0,0,,,,,0,,,,0,0,0,,,,58,OZ,,125104,0,0,,0,,0,0,,,,,GOLD TEAM 8,,ME01,WE01,X,X,"1,256","1,551,686.53",V,,,0,,,0,,,,1,0,,,,,,,,,0,,,,,,,,,F,,,0,,WE,2/18/17,2/18/17,4:16:01 PM,GBI-033,,MIGO_GR,,0,,,,,,,12:00:00 AM,,,,,,,,,,,0,,,,,
375,5000001707,2017,1,1,0,0,0,101,,GOLD,SC00,RM00,,,,,,125104,,,0,0,,S,USD,66705.66,0,66705.66,,0,,35,OZ,35,OZ,35,OZ,4500000295,10,,,0,,,0,X,,,,,,NA00,,,,,,,,,,,,2017,,,US00,,0,,0,0,0,,0,2,,,,,,,,,B,,,,0,,,,,0,0,0,,,,,0,,0,0,0,,,,,0,,,,0,0,0,,,,54,OZ,,125104,0,0,,0,,0,0,,,,,GOLD TEAM 8,,ME01,WE01,X,X,"1,314","1,623,333.35",V,,,0,,,0,,,,1,0,,,,,,,,,0,,,,,,,,,F,,,0,,WE,2/18/17,2/18/17,4:16:14 PM,GBI-033,,MIGO_GR,,0,,,,,,,12:00:00 AM,,,,,,,,,,,0,,,,,
375,5000001708,2017,1,1,0,0,0,101,,GOLD,SC00,RM00,,,,,,125104,,,0,0,,S,USD,64235.08,0,64235.08,,0,,60,OZ,60,OZ,60,OZ,4500000296,10,,,0,,,0,X,,,,,,NA00,,,,,,,,,,,,2017,,,US00,,0,,0,0,0,,0,2,,,,,,,,,B,,,,0,,,,,0,0,0,,,,,0,,0,0,0,,,,,0,,,,0,0,0,,,,52,OZ,,125104,0,0,,0,,0,0,,,,,GOLD TEAM 8,,ME01,WE01,X,X,"1,368","1,690,039.01",V,,,0,,,0,,,,1,0,,,,,,,,,0,,,,,,,,,F,,,0,,WE,2/18/17,2/18/17,4:16:24 PM,GBI-033,,MIGO_GR,,0,,,,,,,12:00:00 AM,,,,,,,,,,,0,,,,,
375,5000001709,2017,1,1,0,0,0,101,,GOLD,SC00,RM00,,,,,,125104,,,0,0,,S,USD,70411.53,0,70411.53,,0,,100,OZ,100,OZ,100,OZ,4500000297,10,,,0,,,0,X,,,,,,NA00,,,,,,,,,,,,2017,,,US00,,0,,0,0,0,,0,2,,,,,,,,,B,,,,0,,,,,0,0,0,,,,,0,,0,0,0,,,,,0,,,,0,0,0,,,,57,OZ,,125104,0,0,,0,,0,0,,,,,GOLD TEAM 8,,ME01,WE01,X,X,"1,420","1,754,274.09",V,,,0,,,0,,,,1,0,,,,,,,,,0,,,,,,,,,F,,,0,,WE,2/18/17,2/18/17,4:16:34 PM,GBI-033,,MIGO_GR,,0,,,,,,,12:00:00 AM,,,,,,,,,,,0,,,,,
375,5000001710,2017,1,1,0,0,0,101,,GOLD,SC00,RM00,,,,,,125104,,,0,0,,S,USD,44470.44,0,44470.44,,0,,84,OZ,84,OZ,84,OZ,4500000298,10,,,0,,,0,X,,,,,,NA00,,,,,,,,,,,,2017,,,US00,,0,,0,0,0,,0,2,,,,,,,,,B,,,,0,,,,,0,0,0,,,,,0,,0,0,0,,,,,0,,,,0,0,0,,,,36,OZ,,125104,0,0,,0,,0,0,,,,,GOLD TEAM 8,,ME01,WE01,X,X,"1,477","1,824,685.62",V,,,0,,,0,,,,1,0,,,,,,,,,0,,,,,,,,,F,,,0,,WE,2/18/17,2/18/17,4:16:43 PM,GBI-033,,MIGO_GR,,0,,,,,,,12:00:00 AM,,,,,,,,,,,0,,,,,
375,5000001711,2017,1,1,0,0,0,101,,GOLD,SC00,RM00,,,,,,125104,,,0,0,,S,USD,59293.92,0,59293.92,,0,,24,OZ,24,OZ,24,OZ,4500000299,10,,,0,,,0,X,,,,,,NA00,,,,,,,,,,,,2017,,,US00,,0,,0,0,0,,0,2,,,,,,,,,B,,,,0,,,,,0,0,0,,,,,0,,0,0,0,,,,,0,,,,0,0,0,,,,48,OZ,,125104,0,0,,0,,0,0,,,,,GOLD TEAM 8,,ME01,WE01,X,X,"1,513","1,869,156.06",V,,,0,,,0,,,,1,0,,,,,,,,,0,,,,,,,,,F,,,0,,WE,2/18/17,2/18/17,4:16:54 PM,GBI-033,,MIGO_GR,,0,,,,,,,12:00:00 AM,,,,,,,,,,,0,,,,,
375,5000001712,2017,1,1,0,0,0,101,,GOLD,SC00,RM00,,,,,,125104,,,0,0,,S,USD,59293.92,0,59293.92,,0,,58,OZ,58,OZ,58,OZ,4500000300,10,,,0,,,0,X,,,,,,NA00,,,,,,,,,,,,2017,,,US00,,0,,0,0,0,,0,2,,,,,,,,,B,,,,0,,,,,0,0,0,,,,,0,,0,0,0,,,,,0,,,,0,0,0,,,,48,OZ,,125104,0,0,,0,,0,0,,,,,GOLD TEAM 8,,ME01,WE01,X,X,"1,561","1,928,449.98",V,,,0,,,0,,,,1,0,,,,,,,,,0,,,,,,,,,F,,,0,,WE,2/18/17,2/18/17,4:17:04 PM,GBI-033,,MIGO_GR,,0,,,,,,,12:00:00 AM,,,,,,,,,,,0,,,,,
375,5000001713,2017,1,1,0,0,0,101,,GOLD,SC00,RM00,,,,,,125104,,,0,0,,S,USD,53117.47,0,53117.47,,0,,50,OZ,50,OZ,50,OZ,4500000301,10,,,0,,,0,X,,,,,,NA00,,,,,,,,,,,,2017,,,US00,,0,,0,0,0,,0,2,,,,,,,,,B,,,,0,,,,,0,0,0,,,,,0,,0,0,0,,,,,0,,,,0,0,0,,,,43,OZ,,125104,0,0,,0,,0,0,,,,,GOLD TEAM 8,,ME01,WE01,X,X,"1,609","1,987,743.90",V,,,0,,,0,,,,1,0,,,,,,,,,0,,,,,,,,,F,,,0,,WE,2/18/17,2/18/17,4:17:16 PM,GBI-033,,MIGO_GR,,0,,,,,,,12:00:00 AM,,,,,,,,,,,0,,,,,
375,5000001714,2017,1,1,0,0,0,101,,GOLD,SC00,RM00,,,,,,125104,,,0,0,,S,USD,65470.37,0,65470.37,,0,,84,OZ,84,OZ,84,OZ,4500000302,10,,,0,,,0,X,,,,,,NA00,,,,,,,,,,,,2017,,,US00,,0,,0,0,0,,0,2,,,,,,,,,B,,,,0,,,,,0,0,0,,,,,0,,0,0,0,,,,,0,,,,0,0,0,,,,53,OZ,,125104,0,0,,0,,0,0,,,,,GOLD TEAM 8,,ME01,WE01,X,X,"1,652","2,040,861.37",V,,,0,,,0,,,,1,0,,,,,,,,,0,,,,,,,,,F,,,0,,WE,2/18/17,2/18/17,4:17:25 PM,GBI-033,,MIGO_GR,,0,,,,,,,12:00:00 AM,,,,,,,,,,,0,,,,,
375,5000001715,2017,1,1,0,0,0,101,,GOLD,SC00,RM00,,,,,,125104,,,0,0,,S,USD,55588.05,0,55588.05,,0,,59,OZ,59,OZ,59,OZ,4500000303,10,,,0,,,0,X,,,,,,NA00,,,,,,,,,,,,2017,,,US00,,0,,0,0,0,,0,2,,,,,,,,,B,,,,0,,,,,0,0,0,,,,,0,,0,0,0,,,,,0,,,,0,0,0,,,,45,OZ,,125104,0,0,,0,,0,0,,,,,GOLD TEAM 8,,ME01,WE01,X,X,"1,705","2,106,331.74",V,,,0,,,0,,,,1,0,,,,,,,,,0,,,,,,,,,F,,,0,,WE,2/18/17,2/18/17,4:17:35 PM,GBI-033,,MIGO_GR,,0,,,,,,,12:00:00 AM,,,,,,,,,,,0,,,,,
375,5000001716,2017,1,1,0,0,0,101,,GOLD,SC00,RM00,,,,,,125104,,,0,0,,S,USD,61764.50,0,61764.50,,0,,69,OZ,69,OZ,69,OZ,4500000304,10,,,0,,,0,X,,,,,,NA00,,,,,,,,,,,,2017,,,US00,,0,,0,0,0,,0,2,,,,,,,,,B,,,,0,,,,,0,0,0,,,,,0,,0,0,0,,,,,0,,,,0,0,0,,,,50,OZ,,125104,0,0,,0,,0,0,,,,,GOLD TEAM 8,,ME01,WE01,X,X,"1,750","2,161,919.79",V,,,0,,,0,,,,1,0,,,,,,,,,0,,,,,,,,,F,,,0,,WE,2/18/17,2/18/17,4:17:47 PM,GBI-033,,MIGO_GR,,0,,,,,,,12:00:00 AM,,,,,,,,,,,0,,,,,
375,5000001717,2017,1,1,0,0,0,101,,GOLD,SC00,RM00,,,,,,125070,,,0,0,,S,USD,800.00,0,1008.00,,0,,333,G,333,G,333,G,4500000344,10,,,0,,,0,X,,,,,,NA00,,,,,,,,,,,,2017,,,US00,,0,,0,0,0,,0,2,,,,,,,,,B,,,,0,,,,,0,0,0,,,,,0,,0,0,0,,,,,0,,,,0,0,0,,,,20,G,,125070,0,0,,0,,0,0,,,,,GOLD-026,,ME01,WE01,X,X,22,880,S,,,0,,,0,,,,1,0,,,,,,,,,0,,,,,,,,,F,,,0,,WE,2/18/17,2/18/17,11:41:52 PM,GBI-026,,MIGO_GR,,0,,,,,,,12:00:00 AM,,,,,,,,,,,0,,,,,
375,5000001718,2017,1,1,0,0,0,101,,GOLD,SC00,RM00,,,,,,125098,,,0,0,,S,USD,2250.00,0,2250.00,,0,,359,G,359,G,359,G,4500000224,10,2017,1000000028,1,,,0,,,,,,,NA00,BI00,,NAIS1000,,,,,,,,,2017,,,US00,,0,,0,0,0,,0,2,,,,,,,,,B,V,,,0,,,,,0,0,0,,,,,0,,0,1,0,,,,,0,,,,0,0,0,,,770000,1,AU,,,0,0,,1,,0,0,,,,,,,ME02,WE06,,,0,0,,,,0,,,0,,,,1,0,,,,,,,,,0,,,,,,,,,F,,,0,,WE,2/17/17,2/18/17,11:52:10 PM,GBI-018,,ML81N,,0,,,,,,,12:00:00 AM,,,,,,,,,,,0,,,,,
375,5000001719,2017,1,1,0,0,0,101,,GOLD,SC00,RM00,,,,,,125098,,,0,0,,S,USD,2550.00,0,2550.00,,0,,16,G,16,G,16,G,4500000224,10,2017,1000000030,1,,,0,,,,,,,NA00,BI00,,NAIS1000,,,,,,,,,2017,,,US00,,0,,0,0,0,,0,2,,,,,,,,,B,V,,,0,,,,,0,0,0,,,,,0,,0,1,0,,,,,0,,,,0,0,0,,,770000,1,AU,,,0,0,,1,,0,0,,,,,,,ME02,WE06,,,0,0,,,,0,,,0,,,,1,0,,,,,,,,,0,,,,,,,,,F,,,0,,WE,2/17/17,2/18/17,11:52:35 PM,GBI-018,,ML81N,,0,,,,,,,12:00:00 AM,,,,,,,,,,,0,,,,,
375,5000001720,2017,1,1,0,0,0,101,,GOLD,SC00,RM00,,,,,,125098,,,0,0,,S,USD,2200.00,0,2200.00,,0,,99,G,99,G,99,G,4500000224,10,2017,1000000029,1,,,0,,,,,,,NA00,BI00,,NAIS1000,,,,,,,,,2017,,,US00,,0,,0,0,0,,0,2,,,,,,,,,B,V,,,0,,,,,0,0,0,,,,,0,,0,1,0,,,,,0,,,,0,0,0,,,770000,1,AU,,,0,0,,1,,0,0,,,,,,,ME02,WE06,,,0,0,,,,0,,,0,,,,1,0,,,,,,,,,0,,,,,,,,,F,,,0,,WE,2/17/17,2/18/17,11:52:41 PM,GBI-018,,ML81N,,0,,,,,,,12:00:00 AM,,,,,,,,,,,0,,,,,
375,5000001721,2017,1,1,0,0,0,101,,GOLD,SC00,RM00,,,,,,125098,,,0,0,,S,USD,3100.00,0,3100.00,,0,,282,G,282,G,282,G,4500000224,10,2017,1000000027,1,,,0,,,,,,,NA00,BI00,,NAIS1000,,,,,,,,,2017,,,US00,,0,,0,0,0,,0,2,,,,,,,,,B,V,,,0,,,,,0,0,0,,,,,0,,0,1,0,,,,,0,,,,0,0,0,,,770000,1,AU,,,0,0,,1,,0,0,,,,,,,ME02,WE06,,,0,0,,,,0,,,0,,,,1,0,,,,,,,,,0,,,,,,,,,F,,,0,,WE,2/17/17,2/18/17,11:52:47 PM,GBI-018,,ML81N,,0,,,,,,,12:00:00 AM,,,,,,,,,,,0,,,,,
375,5000001722,2017,1,1,0,0,0,101,,GOLD,SC00,RM00,,,,,,125098,,,0,0,,S,USD,2000.00,0,2000.00,,0,,344,G,344,G,344,G,4500000224,10,2017,1000000026,1,,,0,,,,,,,NA00,BI00,,NAIS1000,,,,,,,,,2017,,,US00,,0,,0,0,0,,0,2,,,,,,,,,B,V,,,0,,,,,0,0,0,,,,,0,,0,1,0,,,,,0,,,,0,0,0,,,770000,1,AU,,,0,0,,1,,0,0,,,,,,,ME02,WE06,,,0,0,,,,0,,,0,,,,1,0,,,,,,,,,0,,,,,,,,,F,,,0,,WE,2/17/17,2/18/17,11:52:52 PM,GBI-018,,ML81N,,0,,,,,,,12:00:00 AM,,,,,,,,,,,0,,,,,
375,5000001723,2017,1,1,0,0,0,101,,GOLD,SC00,RM00,,,,,,125098,,,0,0,,S,USD,3000.00,0,3000.00,,0,,270,G,270,G,270,G,4500000224,10,2017,1000000025,1,,,0,,,,,,,NA00,BI00,,NAIS1000,,,,,,,,,2017,,,US00,,0,,0,0,0,,0,2,,,,,,,,,B,V,,,0,,,,,0,0,0,,,,,0,,0,1,0,,,,,0,,,,0,0,0,,,770000,1,AU,,,0,0,,1,,0,0,,,,,,,ME02,WE06,,,0,0,,,,0,,,0,,,,1,0,,,,,,,,,0,,,,,,,,,F,,,0,,WE,2/17/17,2/18/17,11:52:58 PM,GBI-018,,ML81N,,0,,,,,,,12:00:00 AM,,,,,,,,,,,0,,,,,
375,5000001724,2017,1,1,0,0,0,101,,GOLD,SC00,RM00,,,,,,125098,,,0,0,,S,USD,5250.00,0,5250.00,,0,,442,G,442,G,442,G,4500000224,10,2017,1000000024,1,,,0,,,,,,,NA00,BI00,,NAIS1000,,,,,,,,,2017,,,US00,,0,,0,0,0,,0,2,,,,,,,,,B,V,,,0,,,,,0,0,0,,,,,0,,0,1,0,,,,,0,,,,0,0,0,,,770000,1,AU,,,0,0,,1,,0,0,,,,,,,ME02,WE06,,,0,0,,,,0,,,0,,,,1,0,,,,,,,,,0,,,,,,,,,F,,,0,,WE,2/17/17,2/18/17,11:53:06 PM,GBI-018,,ML81N,,0,,,,,,,12:00:00 AM,,,,,,,,,,,0,,,,,
375,5000001725,2017,1,1,0,0,0,101,,GOLD,SC00,RM00,,,,,,125098,,,0,0,,S,USD,2650.00,0,2650.00,,0,,976,G,976,G,976,G,4500000224,10,2017,1000000023,1,,,0,,,,,,,NA00,BI00,,NAIS1000,,,,,,,,,2017,,,US00,,0,,0,0,0,,0,2,,,,,,,,,B,V,,,0,,,,,0,0,0,,,,,0,,0,1,0,,,,,0,,,,0,0,0,,,770000,1,AU,,,0,0,,1,,0,0,,,,,,,ME02,WE06,,,0,0,,,,0,,,0,,,,1,0,,,,,,,,,0,,,,,,,,,F,,,0,,WE,2/17/17,2/18/17,11:53:11 PM,GBI-018,,ML81N,,0,,,,,,,12:00:00 AM,,,,,,,,,,,0,,,,,
375,5000001726,2017,1,1,0,0,0,101,,GOLD,SC00,RM00,,,,,,125070,,,0,0,,S,USD,800.00,0,940.80,,0,,866,G,866,G,866,G,4500000345,10,,,0,,,0,X,,,,,,NA00,,,,,,,,,,,,2017,,,US00,,0,,0,0,0,,0,2,,,,,,,,,B,,,,0,,,,,0,0,0,,,,,0,,0,0,0,,,,,0,,,,0,0,0,,,,20,G,,125070,0,0,,0,,0,0,,,,,GOLD-026,,ME01,WE01,X,X,42,"1,680.00",S,,,0,,,0,,,,1,0,,,,,,,,,0,,,,,,,,,F,,,0,,WE,2/19/17,2/19/17,12:06:18 AM,GBI-026,,MIGO_GR,,0,,,,,,,12:00:00 AM,,,,,,,,,,,0,,,,,
375,5000001727,2017,1,1,0,0,0,101,,RUSSIAN RUBY,SC00,RM00,,,,,,125101,,,0,0,,S,USD,36000.00,0,36000.00,,0,,760,G,760,G,760,G,4500000376,10,,,0,,,0,X,,,,,,NA00,BI00,,NAIS1000,,,,,,,,,2017,,,US00,,0,,0,0,0,,0,2,,,,,,,,,B,V,,,0,,,,,0,0,0,,,,,0,,0,0,0,,,,,0,,,,0,0,0,,,720000,2,G,,,0,0,,0,,0,0,,,,,RUSSIAN RUBY,,ME02,WE06,X,X,90,"13,500,000.00",S,,,0,,,0,,,,1,0,,,,,,,,,0,,,,,,,,,F,,,0,,WE,2/19/17,2/19/17,3:35:52 PM,GBI-024,,MIGO_GR,,0,,,,,,,12:00:00 AM,,,,,,,,,,,0,,,,,
375,5000001728,2017,1,1,0,0,0,101,,ORANGE,SC00,RM00,,,,,,125123,,,0,0,,S,USD,300000.00,0,300000.00,,0,,2432,TO,2432,TO,2432,TO,4500000346,10,,,0,,,0,X,,,,,,NA00,,,,,,,,,,,,2017,,,US00,,0,,0,0,0,,0,2,,,,,,,,,B,,,,0,,,,,0,0,0,,,,,0,,0,0,0,,,,,0,,,,0,0,0,,,,300,TO,,125123,0,0,,0,,0,0,,,,,ORANGE-040,,ME01,WE01,X,X,0,0,S,,,0,,,0,,,,1,0,,,,,,,,,0,,,,,,,,,F,,,0,,WE,2/19/17,2/19/17,4:38:41 PM,GBI-031,,MIGO_GR,,0,,,,,,,12:00:00 AM,,,,,,,,,,,0,,,,,
375,5000001729,2017,1,1,0,0,0,101,,ORANGE,SC00,RM00,,,,,,125124,,,0,0,,S,USD,1000000.00,0,1000000.00,,0,,1591,TO,1591,TO,1591,TO,4500000347,10,,,0,,,0,X,,,,,,NA00,,,,,,,,,,,,2017,,,US00,,0,,0,0,0,,0,2,,,,,,,,,B,,,,0,,,,,0,0,0,,,,,0,,0,0,0,,,,,0,,,,0,0,0,,,,"1,000",TO,,125124,0,0,,0,,0,0,,,,,ORANGE-040,,ME01,WE01,X,X,300,"300,000.00",S,,,0,,,0,,,,1,0,,,,,,,,,0,,,,,,,,,F,,,0,,WE,2/19/17,2/19/17,4:39:47 PM,GBI-031,,MIGO_GR,,0,,,,,,,12:00:00 AM,,,,,,,,,,,0,,,,,
375,5000001730,2017,1,1,0,0,0,101,,ORANGE,SC00,RM00,,,,,,125125,,,0,0,,S,USD,400000.00,0,400000.00,,0,,1515,TO,1515,TO,1515,TO,4500000348,10,,,0,,,0,X,,,,,,NA00,,,,,,,,,,,,2017,,,US00,,0,,0,0,0,,0,2,,,,,,,,,B,,,,0,,,,,0,0,0,,,,,0,,0,0,0,,,,,0,,,,0,0,0,,,,400,TO,,125125,0,0,,0,,0,0,,,,,ORANGE-040,,ME01,WE01,X,X,"1,300","1,300,000.00",S,,,0,,,0,,,,1,0,,,,,,,,,0,,,,,,,,,F,,,0,,WE,2/19/17,2/19/17,4:41:33 PM,GBI-031,,MIGO_GR,,0,,,,,,,12:00:00 AM,,,,,,,,,,,0,,,,,
375,5000001731,2017,1,1,0,0,0,101,,ORANGE,SC00,RM00,,,,,,125126,,,0,0,,S,USD,100000.00,0,100000.00,,0,,1290,TO,1290,TO,1290,TO,4500000349,10,,,0,,,0,X,,,,,,NA00,,,,,,,,,,,,2017,,,US00,,0,,0,0,0,,0,2,,,,,,,,,B,,,,0,,,,,0,0,0,,,,,0,,0,0,0,,,,,0,,,,0,0,0,,,,100,TO,,125126,0,0,,0,,0,0,,,,,ORANGE-040,,ME01,WE01,X,X,"1,700","1,700,000.00",S,,,0,,,0,,,,1,0,,,,,,,,,0,,,,,,,,,F,,,0,,WE,2/19/17,2/19/17,4:41:50 PM,GBI-031,,MIGO_GR,,0,,,,,,,12:00:00 AM,,,,,,,,,,,0,,,,,
375,5000001732,2017,1,1,0,0,0,101,,ORANGE,SC00,RM00,,,,,,125127,,,0,0,,S,USD,200000.00,0,200000.00,,0,,1311,TO,1311,TO,1311,TO,4500000350,10,,,0,,,0,X,,,,,,NA00,,,,,,,,,,,,2017,,,US00,,0,,0,0,0,,0,2,,,,,,,,,B,,,,0,,,,,0,0,0,,,,,0,,0,0,0,,,,,0,,,,0,0,0,,,,200,TO,,125127,0,0,,0,,0,0,,,,,ORANGE-040,,ME01,WE01,X,X,"1,800","1,800,000.00",S,,,0,,,0,,,,1,0,,,,,,,,,0,,,,,,,,,F,,,0,,WE,2/19/17,2/19/17,4:42:08 PM,GBI-031,,MIGO_GR,,0,,,,,,,12:00:00 AM,,,,,,,,,,,0,,,,,
375,5000001733,2017,1,1,0,0,0,101,,ORANGE,SC00,RM00,,,,,,125123,,,0,0,,S,USD,300000.00,0,300000.00,,0,,940,TO,940,TO,940,TO,4500000351,10,,,0,,,0,X,,,,,,NA00,,,,,,,,,,,,2017,,,US00,,0,,0,0,0,,0,2,,,,,,,,,B,,,,0,,,,,0,0,0,,,,,0,,0,0,0,,,,,0,,,,0,0,0,,,,300,TO,,125123,0,0,,0,,0,0,,,,,ORANGE-040,,ME01,WE01,X,X,"2,000","2,000,000.00",S,,,0,,,0,,,,1,0,,,,,,,,,0,,,,,,,,,F,,,0,,WE,2/19/17,2/19/17,4:42:22 PM,GBI-031,,MIGO_GR,,0,,,,,,,12:00:00 AM,,,,,,,,,,,0,,,,,
375,5000001734,2017,1,1,0,0,0,101,,ORANGE,SC00,RM00,,,,,,125124,,,0,0,,S,USD,1000000.00,0,1000000.00,,0,,771,TO,771,TO,771,TO,4500000352,10,,,0,,,0,X,,,,,,NA00,,,,,,,,,,,,2017,,,US00,,0,,0,0,0,,0,2,,,,,,,,,B,,,,0,,,,,0,0,0,,,,,0,,0,0,0,,,,,0,,,,0,0,0,,,,"1,000",TO,,125124,0,0,,0,,0,0,,,,,ORANGE-040,,ME01,WE01,X,X,"2,300","2,300,000.00",S,,,0,,,0,,,,1,0,,,,,,,,,0,,,,,,,,,F,,,0,,WE,2/19/17,2/19/17,4:42:42 PM,GBI-031,,MIGO_GR,,0,,,,,,,12:00:00 AM,,,,,,,,,,,0,,,,,
375,5000001735,2017,1,1,0,0,0,101,,ORANGE,SC00,RM00,,,,,,125125,,,0,0,,S,USD,400000.00,0,420000.00,,0,,628,TO,628,TO,628,TO,4500000353,10,,,0,,,0,X,,,,,,NA00,,,,,,,,,,,,2017,,,US00,,0,,0,0,0,,0,2,,,,,,,,,B,,,,0,,,,,0,0,0,,,,,0,,0,0,0,,,,,0,,,,0,0,0,,,,400,TO,,125125,0,0,,0,,0,0,,,,,ORANGE-040,,ME01,WE01,X,X,"3,300","3,300,000.00",S,,,0,,,0,,,,1,0,,,,,,,,,0,,,,,,,,,F,,,0,,WE,2/19/17,2/19/17,4:43:33 PM,GBI-031,,MIGO_GR,,0,,,,,,,12:00:00 AM,,,,,,,,,,,0,,,,,
375,5000001736,2017,1,1,0,0,0,101,,ORANGE,SC00,RM00,,,,,,125126,,,0,0,,S,USD,100000.00,0,100000.00,,0,,1980,TO,1980,TO,1980,TO,4500000354,10,,,0,,,0,X,,,,,,NA00,,,,,,,,,,,,2017,,,US00,,0,,0,0,0,,0,2,,,,,,,,,B,,,,0,,,,,0,0,0,,,,,0,,0,0,0,,,,,0,,,,0,0,0,,,,100,TO,,125126,0,0,,0,,0,0,,,,,ORANGE-040,,ME01,WE01,X,X,"3,700","3,700,000.00",S,,,0,,,0,,,,1,0,,,,,,,,,0,,,,,,,,,F,,,0,,WE,2/19/17,2/19/17,4:44:03 PM,GBI-031,,MIGO_GR,,0,,,,,,,12:00:00 AM,,,,,,,,,,,0,,,,,
375,5000001737,2017,1,1,0,0,0,101,,ORANGE,SC00,RM00,,,,,,125127,,,0,0,,S,USD,200000.00,0,200000.00,,0,,295,TO,295,TO,295,TO,4500000355,10,,,0,,,0,X,,,,,,NA00,,,,,,,,,,,,2017,,,US00,,0,,0,0,0,,0,2,,,,,,,,,B,,,,0,,,,,0,0,0,,,,,0,,0,0,0,,,,,0,,,,0,0,0,,,,200,TO,,125127,0,0,,0,,0,0,,,,,ORANGE-040,,ME01,WE01,X,X,"3,800","3,800,000.00",S,,,0,,,0,,,,1,0,,,,,,,,,0,,,,,,,,,F,,,0,,WE,2/19/17,2/19/17,4:44:16 PM,GBI-031,,MIGO_GR,,0,,,,,,,12:00:00 AM,,,,,,,,,,,0,,,,,
375,5000001738,2017,1,1,0,0,0,101,,ORANGE,SC00,RM00,,,,,,125123,,,0,0,,S,USD,300000.00,0,300000.00,,0,,1668,TO,1668,TO,1668,TO,4500000356,10,,,0,,,0,X,,,,,,NA00,,,,,,,,,,,,2017,,,US00,,0,,0,0,0,,0,2,,,,,,,,,B,,,,0,,,,,0,0,0,,,,,0,,0,0,0,,,,,0,,,,0,0,0,,,,300,TO,,125123,0,0,,0,,0,0,,,,,ORANGE-040,,ME01,WE01,X,X,"4,000","4,000,000.00",S,,,0,,,0,,,,1,0,,,,,,,,,0,,,,,,,,,F,,,0,,WE,2/19/17,2/19/17,4:45:04 PM,GBI-031,,MIGO_GR,,0,,,,,,,12:00:00 AM,,,,,,,,,,,0,,,,,
375,5000001739,2017,1,1,0,0,0,101,,ORANGE,SC00,RM00,,,,,,125124,,,0,0,,S,USD,1000000.00,0,1000000.00,,0,,319,TO,319,TO,319,TO,4500000357,10,,,0,,,0,X,,,,,,NA00,,,,,,,,,,,,2017,,,US00,,0,,0,0,0,,0,2,,,,,,,,,B,,,,0,,,,,0,0,0,,,,,0,,0,0,0,,,,,0,,,,0,0,0,,,,"1,000",TO,,125124,0,0,,0,,0,0,,,,,ORANGE-040,,ME01,WE01,X,X,"4,300","4,300,000.00",S,,,0,,,0,,,,1,0,,,,,,,,,0,,,,,,,,,F,,,0,,WE,2/19/17,2/19/17,4:45:26 PM,GBI-031,,MIGO_GR,,0,,,,,,,12:00:00 AM,,,,,,,,,,,0,,,,,
375,5000001740,2017,1,1,0,0,0,101,,ORANGE,SC00,RM00,,,,,,125125,,,0,0,,S,USD,400000.00,0,420000.00,,0,,859,TO,859,TO,859,TO,4500000358,10,,,0,,,0,X,,,,,,NA00,,,,,,,,,,,,2017,,,US00,,0,,0,0,0,,0,2,,,,,,,,,B,,,,0,,,,,0,0,0,,,,,0,,0,0,0,,,,,0,,,,0,0,0,,,,400,TO,,125125,0,0,,0,,0,0,,,,,ORANGE-040,,ME01,WE01,X,X,"5,300","5,300,000.00",S,,,0,,,0,,,,1,0,,,,,,,,,0,,,,,,,,,F,,,0,,WE,2/19/17,2/19/17,4:52:53 PM,GBI-031,,MIGO_GR,,0,,,,,,,12:00:00 AM,,,,,,,,,,,0,,,,,
375,5000001741,2017,1,1,0,0,0,101,,ORANGE,SC00,RM00,,,,,,125126,,,0,0,,S,USD,100000.00,0,100000.00,,0,,1810,TO,1810,TO,1810,TO,4500000359,10,,,0,,,0,X,,,,,,NA00,,,,,,,,,,,,2017,,,US00,,0,,0,0,0,,0,2,,,,,,,,,B,,,,0,,,,,0,0,0,,,,,0,,0,0,0,,,,,0,,,,0,0,0,,,,100,TO,,125126,0,0,,0,,0,0,,,,,ORANGE-040,,ME01,WE01,X,X,"5,700","5,700,000.00",S,,,0,,,0,,,,1,0,,,,,,,,,0,,,,,,,,,F,,,0,,WE,2/19/17,2/19/17,4:53:32 PM,GBI-031,,MIGO_GR,,0,,,,,,,12:00:00 AM,,,,,,,,,,,0,,,,,
375,5000001742,2017,1,1,0,0,0,101,,ORANGE,SC00,RM00,,,,,,125127,,,0,0,,S,USD,200000.00,0,200000.00,,0,,469,TO,469,TO,469,TO,4500000360,10,,,0,,,0,X,,,,,,NA00,,,,,,,,,,,,2017,,,US00,,0,,0,0,0,,0,2,,,,,,,,,B,,,,0,,,,,0,0,0,,,,,0,,0,0,0,,,,,0,,,,0,0,0,,,,200,TO,,125127,0,0,,0,,0,0,,,,,ORANGE-040,,ME01,WE01,X,X,"5,800","5,800,000.00",S,,,0,,,0,,,,1,0,,,,,,,,,0,,,,,,,,,F,,,0,,WE,2/19/17,2/19/17,4:53:59 PM,GBI-031,,MIGO_GR,,0,,,,,,,12:00:00 AM,,,,,,,,,,,0,,,,,
375,5000001743,2017,1,1,0,0,0,101,,ORANGE,SC00,RM00,,,,,,125123,,,0,0,,S,USD,300000.00,0,300000.00,,0,,236,TO,236,TO,236,TO,4500000361,10,,,0,,,0,X,,,,,,NA00,,,,,,,,,,,,2017,,,US00,,0,,0,0,0,,0,2,,,,,,,,,B,,,,0,,,,,0,0,0,,,,,0,,0,0,0,,,,,0,,,,0,0,0,,,,300,TO,,125123,0,0,,0,,0,0,,,,,ORANGE-040,,ME01,WE01,X,X,"6,000","6,000,000.00",S,,,0,,,0,,,,1,0,,,,,,,,,0,,,,,,,,,F,,,0,,WE,2/19/17,2/19/17,4:54:31 PM,GBI-031,,MIGO_GR,,0,,,,,,,12:00:00 AM,,,,,,,,,,,0,,,,,
375,5000001744,2017,1,1,0,0,0,101,,ORANGE,SC00,RM00,,,,,,125124,,,0,0,,S,USD,1000000.00,0,1000000.00,,0,,1190,TO,1190,TO,1190,TO,4500000362,10,,,0,,,0,X,,,,,,NA00,,,,,,,,,,,,2017,,,US00,,0,,0,0,0,,0,2,,,,,,,,,B,,,,0,,,,,0,0,0,,,,,0,,0,0,0,,,,,0,,,,0,0,0,,,,"1,000",TO,,125124,0,0,,0,,0,0,,,,,ORANGE-040,,ME01,WE01,X,X,"6,300","6,300,000.00",S,,,0,,,0,,,,1,0,,,,,,,,,0,,,,,,,,,F,,,0,,WE,2/19/17,2/19/17,4:55:54 PM,GBI-031,,MIGO_GR,,0,,,,,,,12:00:00 AM,,,,,,,,,,,0,,,,,
375,5000001745,2017,1,1,0,0,0,101,,ORANGE,SC00,RM00,,,,,,125125,,,0,0,,S,USD,400000.00,0,420000.00,,0,,2370,TO,2370,TO,2370,TO,4500000363,10,,,0,,,0,X,,,,,,NA00,,,,,,,,,,,,2017,,,US00,,0,,0,0,0,,0,2,,,,,,,,,B,,,,0,,,,,0,0,0,,,,,0,,0,0,0,,,,,0,,,,0,0,0,,,,400,TO,,125125,0,0,,0,,0,0,,,,,ORANGE-040,,ME01,WE01,X,X,"7,300","7,300,000.00",S,,,0,,,0,,,,1,0,,,,,,,,,0,,,,,,,,,F,,,0,,WE,2/19/17,2/19/17,4:56:24 PM,GBI-031,,MIGO_GR,,0,,,,,,,12:00:00 AM,,,,,,,,,,,0,,,,,
375,5000001746,2017,1,1,0,0,0,101,,ORANGE,SC00,RM00,,,,,,125126,,,0,0,,S,USD,100000.00,0,100000.00,,0,,1305,TO,1305,TO,1305,TO,4500000364,10,,,0,,,0,X,,,,,,NA00,,,,,,,,,,,,2017,,,US00,,0,,0,0,0,,0,2,,,,,,,,,B,,,,0,,,,,0,0,0,,,,,0,,0,0,0,,,,,0,,,,0,0,0,,,,100,TO,,125126,0,0,,0,,0,0,,,,,ORANGE-040,,ME01,WE01,X,X,"7,700","7,700,000.00",S,,,0,,,0,,,,1,0,,,,,,,,,0,,,,,,,,,F,,,0,,WE,2/19/17,2/19/17,4:57:03 PM,GBI-031,,MIGO_GR,,0,,,,,,,12:00:00 AM,,,,,,,,,,,0,,,,,
375,5000001747,2017,1,1,0,0,0,101,,ORANGE,SC00,RM00,,,,,,125127,,,0,0,,S,USD,200000.00,0,200000.00,,0,,1672,TO,1672,TO,1672,TO,4500000365,10,,,0,,,0,X,,,,,,NA00,,,,,,,,,,,,2017,,,US00,,0,,0,0,0,,0,2,,,,,,,,,B,,,,0,,,,,0,0,0,,,,,0,,0,0,0,,,,,0,,,,0,0,0,,,,200,TO,,125127,0,0,,0,,0,0,,,,,ORANGE-040,,ME01,WE01,X,X,"7,800","7,800,000.00",S,,,0,,,0,,,,1,0,,,,,,,,,0,,,,,,,,,F,,,0,,WE,2/19/17,2/19/17,4:57:29 PM,GBI-031,,MIGO_GR,,0,,,,,,,12:00:00 AM,,,,,,,,,,,0,,,,,
375,5000001748,2017,1,1,0,0,0,101,,ORANGE,SC00,RM00,,,,,,125123,,,0,0,,S,USD,300000.00,0,300000.00,,0,,1149,TO,1149,TO,1149,TO,4500000366,10,,,0,,,0,X,,,,,,NA00,,,,,,,,,,,,2017,,,US00,,0,,0,0,0,,0,2,,,,,,,,,B,,,,0,,,,,0,0,0,,,,,0,,0,0,0,,,,,0,,,,0,0,0,,,,300,TO,,125123,0,0,,0,,0,0,,,,,ORANGE-040,,ME01,WE01,X,X,"8,000","8,000,000.00",S,,,0,,,0,,,,1,0,,,,,,,,,0,,,,,,,,,F,,,0,,WE,2/19/17,2/19/17,4:57:59 PM,GBI-031,,MIGO_GR,,0,,,,,,,12:00:00 AM,,,,,,,,,,,0,,,,,
375,5000001749,2017,1,1,0,0,0,101,,ORANGE,SC00,RM00,,,,,,125124,,,0,0,,S,USD,1000000.00,0,1000000.00,,0,,1643,TO,1643,TO,1643,TO,4500000367,10,,,0,,,0,X,,,,,,NA00,,,,,,,,,,,,2017,,,US00,,0,,0,0,0,,0,2,,,,,,,,,B,,,,0,,,,,0,0,0,,,,,0,,0,0,0,,,,,0,,,,0,0,0,,,,"1,000",TO,,125124,0,0,,0,,0,0,,,,,ORANGE-040,,ME01,WE01,X,X,"8,300","8,300,000.00",S,,,0,,,0,,,,1,0,,,,,,,,,0,,,,,,,,,F,,,0,,WE,2/19/17,2/19/17,4:58:47 PM,GBI-031,,MIGO_GR,,0,,,,,,,12:00:00 AM,,,,,,,,,,,0,,,,,
375,5000001750,2017,1,1,0,0,0,101,,ORANGE,SC00,RM00,,,,,,125125,,,0,0,,S,USD,400000.00,0,400000.00,,0,,103,TO,103,TO,103,TO,4500000368,10,,,0,,,0,X,,,,,,NA00,,,,,,,,,,,,2017,,,US00,,0,,0,0,0,,0,2,,,,,,,,,B,,,,0,,,,,0,0,0,,,,,0,,0,0,0,,,,,0,,,,0,0,0,,,,400,TO,,125125,0,0,,0,,0,0,,,,,ORANGE-040,,ME01,WE01,X,X,"9,300","9,300,000.00",S,,,0,,,0,,,,1,0,,,,,,,,,0,,,,,,,,,F,,,0,,WE,2/19/17,2/19/17,4:59:14 PM,GBI-031,,MIGO_GR,,0,,,,,,,12:00:00 AM,,,,,,,,,,,0,,,,,
375,5000001751,2017,1,1,0,0,0,101,,ORANGE,SC00,RM00,,,,,,125126,,,0,0,,S,USD,100000.00,0,100000.00,,0,,799,TO,799,TO,799,TO,4500000369,10,,,0,,,0,X,,,,,,NA00,,,,,,,,,,,,2017,,,US00,,0,,0,0,0,,0,2,,,,,,,,,B,,,,0,,,,,0,0,0,,,,,0,,0,0,0,,,,,0,,,,0,0,0,,,,100,TO,,125126,0,0,,0,,0,0,,,,,ORANGE-040,,ME01,WE01,X,X,"9,700","9,700,000.00",S,,,0,,,0,,,,1,0,,,,,,,,,0,,,,,,,,,F,,,0,,WE,2/19/17,2/19/17,4:59:43 PM,GBI-031,,MIGO_GR,,0,,,,,,,12:00:00 AM,,,,,,,,,,,0,,,,,
375,5000001752,2017,1,1,0,0,0,101,,ORANGE,SC00,RM00,,,,,,125127,,,0,0,,S,USD,200000.00,0,200000.00,,0,,157,TO,157,TO,157,TO,4500000370,10,,,0,,,0,X,,,,,,NA00,,,,,,,,,,,,2017,,,US00,,0,,0,0,0,,0,2,,,,,,,,,B,,,,0,,,,,0,0,0,,,,,0,,0,0,0,,,,,0,,,,0,0,0,,,,200,TO,,125127,0,0,,0,,0,0,,,,,ORANGE-040,,ME01,WE01,X,X,"9,800","9,800,000.00",S,,,0,,,0,,,,1,0,,,,,,,,,0,,,,,,,,,F,,,0,,WE,2/19/17,2/19/17,5:01:03 PM,GBI-031,,MIGO_GR,,0,,,,,,,12:00:00 AM,,,,,,,,,,,0,,,,,
375,5000001753,2017,1,1,0,0,0,101,,ORANGE,SC00,RM00,,,,,,125123,,,0,0,,S,USD,300000.00,0,300000.00,,0,,1106,TO,1106,TO,1106,TO,4500000371,10,,,0,,,0,X,,,,,,NA00,,,,,,,,,,,,2017,,,US00,,0,,0,0,0,,0,2,,,,,,,,,B,,,,0,,,,,0,0,0,,,,,0,,0,0,0,,,,,0,,,,0,0,0,,,,300,TO,,125123,0,0,,0,,0,0,,,,,ORANGE-040,,ME01,WE01,X,X,"10,000","10,000,000.00",S,,,0,,,0,,,,1,0,,,,,,,,,0,,,,,,,,,F,,,0,,WE,2/19/17,2/19/17,5:01:26 PM,GBI-031,,MIGO_GR,,0,,,,,,,12:00:00 AM,,,,,,,,,,,0,,,,,
375,5000001754,2017,1,1,0,0,0,101,,ORANGE,SC00,RM00,,,,,,125124,,,0,0,,S,USD,1000000.00,0,1000000.00,,0,,2048,TO,2048,TO,2048,TO,4500000372,10,,,0,,,0,X,,,,,,NA00,,,,,,,,,,,,2017,,,US00,,0,,0,0,0,,0,2,,,,,,,,,B,,,,0,,,,,0,0,0,,,,,0,,0,0,0,,,,,0,,,,0,0,0,,,,"1,000",TO,,125124,0,0,,0,,0,0,,,,,ORANGE-040,,ME01,WE01,X,X,"10,300","10,300,000.00",S,,,0,,,0,,,,1,0,,,,,,,,,0,,,,,,,,,F,,,0,,WE,2/19/17,2/19/17,5:03:01 PM,GBI-031,,MIGO_GR,,0,,,,,,,12:00:00 AM,,,,,,,,,,,0,,,,,
375,5000001755,2017,1,1,0,0,0,101,,ORANGE,SC00,RM00,,,,,,125125,,,0,0,,S,USD,400000.00,0,400000.00,,0,,1546,TO,1546,TO,1546,TO,4500000373,10,,,0,,,0,X,,,,,,NA00,,,,,,,,,,,,2017,,,US00,,0,,0,0,0,,0,2,,,,,,,,,B,,,,0,,,,,0,0,0,,,,,0,,0,0,0,,,,,0,,,,0,0,0,,,,400,TO,,125125,0,0,,0,,0,0,,,,,ORANGE-040,,ME01,WE01,X,X,"11,300","11,300,000.00",S,,,0,,,0,,,,1,0,,,,,,,,,0,,,,,,,,,F,,,0,,WE,2/19/17,2/19/17,5:04:49 PM,GBI-031,,MIGO_GR,,0,,,,,,,12:00:00 AM,,,,,,,,,,,0,,,,,
375,5000001756,2017,1,1,0,0,0,101,,BOTSWANA BLACK PE,SC00,RM00,,,,,,125088,,,0,0,,S,USD,50000000.00,0,48000000.00,,0,,590,G,590,G,590,G,4500000380,10,,,0,,,0,X,,,,,,NA00,,,,,,,,,,,,2017,,,US00,,0,,0,0,0,,0,2,,,,,,,,,B,,,,0,,,,,0,0,0,,,,,0,,0,0,0,,,,,0,,,,0,0,0,,,,100,G,,125088,0,0,,0,,0,0,,,,,BOTSWANA BLACK PE,,ME01,WE01,X,X,0,0,S,,,0,,,0,,,,1,0,,,,,,,,,0,,,,,,,,,F,,,0,,WE,2/19/17,2/19/17,5:08:21 PM,GBI-024,,MIGO_GR,,0,,,,,,,12:00:00 AM,,,,,,,,,,,0,,,,,
375,5000001757,2017,1,1,0,0,0,101,,CONGOCRYSTAL,SC00,RM00,,,,,,125102,,,0,0,,S,USD,20000000.00,0,770000.00,,0,,125,G,125,G,125,G,4500000379,10,,,0,,,0,X,,,,,,NA00,,,,,,,,,,,,2017,,,US00,,0,,0,0,0,,0,2,,,,,,,,,B,,,,0,,,,,0,0,0,,,,,0,,0,0,0,,,,,0,,,,0,0,0,,,,100,G,,125102,0,0,,0,,0,0,,,,,CONGOCRYSTAL,,ME01,WE01,X,X,0,0,S,,,0,,,0,,,,1,0,,,,,,,,,0,,,,,,,,,F,,,0,,WE,2/19/17,2/19/17,5:08:49 PM,GBI-024,,MIGO_GR,,0,,,,,,,12:00:00 AM,,,,,,,,,,,0,,,,,
375,5000001758,2017,1,1,0,0,0,101,,ANGOLAN AMETHYST,SC00,RM00,,,,,,125096,,,0,0,,S,USD,5000000.00,0,4500000.00,,0,,996,G,996,G,996,G,4500000378,10,,,0,,,0,X,,,,,,NA00,,,,,,,,,,,,2017,,,US00,,0,,0,0,0,,0,2,,,,,,,,,B,,,,0,,,,,0,0,0,,,,,0,,0,0,0,,,,,0,,,,0,0,0,,,,100,G,,125096,0,0,,0,,0,0,,,,,ANGOLAN AMETHYST,,ME01,WE01,X,X,0,0,S,,,0,,,0,,,,1,0,,,,,,,,,0,,,,,,,,,F,,,0,,WE,2/19/17,2/19/17,5:09:13 PM,GBI-024,,MIGO_GR,,0,,,,,,,12:00:00 AM,,,,,,,,,,,0,,,,,
375,5000001759,2017,1,1,0,0,0,101,,SA SAPPHIRE,SC00,RM00,,,,,,125100,,,0,0,,S,USD,10000000.00,0,1322576.38,,0,,141,G,141,G,141,G,4500000377,10,,,0,,,0,X,,,,,,NA00,,,,,,,,,,,,2017,,,US00,,0,,0,0,0,,0,2,,,,,,,,,B,,,,0,,,,,0,0,0,,,,,0,,0,0,0,,,,,0,,,,0,0,0,,,,100,G,,125100,0,0,,0,,0,0,,,,,SA SAPPHIRE,,ME01,WE01,X,X,10,"1,000,000.00",S,,,0,,,0,,,,1,0,,,,,,,,,0,,,,,,,,,F,,,0,,WE,2/19/17,2/19/17,5:09:30 PM,GBI-024,,MIGO_GR,,0,,,,,,,12:00:00 AM,,,,,,,,,,,0,,,,,
375,5000001760,2017,1,1,0,0,0,101,,ORANGE,SC00,RM00,,,,,,125126,,,0,0,,S,USD,100000.00,0,100000.00,,0,,671,TO,671,TO,671,TO,4500000374,10,,,0,,,0,X,,,,,,NA00,,,,,,,,,,,,2017,,,US00,,0,,0,0,0,,0,2,,,,,,,,,B,,,,0,,,,,0,0,0,,,,,0,,0,0,0,,,,,0,,,,0,0,0,,,,100,TO,,125126,0,0,,0,,0,0,,,,,ORANGE-040,,ME01,WE01,X,X,"11,700","11,700,000.00",S,,,0,,,0,,,,1,0,,,,,,,,,0,,,,,,,,,F,,,0,,WE,2/19/17,2/19/17,5:10:48 PM,GBI-031,,MIGO_GR,,0,,,,,,,12:00:00 AM,,,,,,,,,,,0,,,,,
375,5000001761,2017,1,1,0,0,0,101,,ORANGE,SC00,RM00,,,,,,125127,,,0,0,,S,USD,200000.00,0,200000.00,,0,,2150,TO,2150,TO,2150,TO,4500000375,10,,,0,,,0,X,,,,,,NA00,,,,,,,,,,,,2017,,,US00,,0,,0,0,0,,0,2,,,,,,,,,B,,,,0,,,,,0,0,0,,,,,0,,0,0,0,,,,,0,,,,0,0,0,,,,200,TO,,125127,0,0,,0,,0,0,,,,,ORANGE-040,,ME01,WE01,X,X,"11,800","11,800,000.00",S,,,0,,,0,,,,1,0,,,,,,,,,0,,,,,,,,,F,,,0,,WE,2/19/17,2/19/17,5:11:26 PM,GBI-031,,MIGO_GR,,0,,,,,,,12:00:00 AM,,,,,,,,,,,0,,,,,
375,5000001762,2017,1,1,0,0,0,101,,ROMANIAN RUBY,SC00,RM00,,,,,,125128,,,0,0,,S,USD,15000000.00,0,16588027.13,,0,,928,G,928,G,928,G,4500000381,10,,,0,,,0,X,,,,,,NA00,,,,,,,,,,,,2017,,,US00,,0,,0,0,0,,0,2,,,,,,,,,B,,,,0,,,,,0,0,0,,,,,0,,0,0,0,,,,,0,,,,0,0,0,,,,100,G,,125128,0,0,,0,,0,0,,,,,ROMANIAN RUBY,,ME01,WE01,X,X,0,0,S,,,0,,,0,,,,1,0,,,,,,,,,0,,,,,,,,,F,,,0,,WE,2/19/17,2/19/17,5:47:27 PM,GBI-024,,MIGO_GR,,0,,,,,,,12:00:00 AM,,,,,,,,,,,0,,,,,
375,5000001763,2017,1,1,0,0,0,101,,GOLD,SC00,RM00,,,,,,125104,,,0,0,,S,USD,43235.15,0,43235.15,,0,,32,OZ,32,OZ,32,OZ,4500000382,10,,,0,,,0,X,,,,,,NA00,,,,,,,,,,,,2017,,,US00,,0,,0,0,0,,0,2,,,,,,,,,B,,,,0,,,,,0,0,0,,,,,0,,0,0,0,,,,,0,,,,0,0,0,,,,35,OZ,,125104,0,0,,0,,0,0,,,,,GOLD TEAM 8,,ME01,WE01,X,X,"1,800","2,223,684.29",V,,,0,,,0,,,,1,0,,,,,,,,,0,,,,,,,,,F,,,0,,WE,2/19/17,2/19/17,6:14:03 PM,GBI-026,,MIGO_GR,,0,,,,,,,12:00:00 AM,,,,,,,,,,,0,,,,,
375,5000001764,2017,1,1,0,0,0,101,,ROMANIAN RUBY,SC00,RM00,,,,,,125128,,,0,0,,S,USD,346153.85,0,346153.85,,0,,428,G,428,G,428,G,4500000383,10,,,0,,,0,X,,,,,,NA00,BI00,,NAIS1000,,,,,,,,,2017,,,US00,,0,,0,0,0,,0,2,,,,,,,,,B,V,,,0,,,,,0,0,0,,,,,0,,0,0,0,,,,,0,,,,0,0,0,,,720000,2,G,,,0,0,,0,,0,0,,,,,ROMANIAN RUBY,,ME02,WE06,X,X,100,"15,000,000.00",S,,,0,,,0,,,,1,0,,,,,,,,,0,,,,,,,,,F,,,0,,WE,2/19/17,2/19/17,10:30:28 PM,GBI-024,,MIGO_GR,,0,,,,,,,12:00:00 AM,,,,,,,,,,,0,,,,,
375,5000001765,2017,1,1,0,0,0,101,,BOTSWANA BLACK PE,SC00,RM00,,,,,,125088,,,0,0,,S,USD,1500000.00,0,1440000.00,,0,,858,G,858,G,858,G,4500000387,10,,,0,,,0,X,,,,,,NA00,,,,,,,,,,,,2017,,,US00,,0,,0,0,0,,0,2,,,,,,,,,B,,,,0,,,,,0,0,0,,,,,0,,0,0,0,,,,,0,,,,0,0,0,,,,3,G,,125088,0,0,,0,,0,0,,,,,BOTSWANA BLACK PE,,ME01,WE01,X,X,100,"50,000,000.00",S,,,0,,,0,,,,1,0,,,,,,,,,0,,,,,,,,,F,,,0,,WE,2/19/17,2/19/17,11:23:35 PM,GBI-024,,MIGO_GR,,0,,,,,,,12:00:00 AM,,,,,,,,,,,0,,,,,
375,5000001766,2017,1,1,0,0,0,101,,BOTSWANA BLACK PE,SC00,RM00,,,,,,125088,,,0,0,,S,USD,1350000.00,0,1350000.00,,0,,528,G,528,G,528,G,4500000385,10,,,0,,,0,X,,,,,,NA00,BI00,,NAIS1000,,,,,,,,,2017,,,US00,,0,,0,0,0,,0,2,,,,,,,,,B,V,,,0,,,,,0,0,0,,,,,0,,0,0,0,,,,,0,,,,0,0,0,,,720000,3,G,,,0,0,,0,,0,0,,,,,BOTSWANA BLACK PE,,ME02,WE06,X,X,97,"48,500,000.00",S,,,0,,,0,,,,1,0,,,,,,,,,0,,,,,,,,,F,,,0,,WE,2/19/17,2/19/17,11:29:35 PM,GBI-024,,MIGO_GR,,0,,,,,,,12:00:00 AM,,,,,,,,,,,0,,,,,
375,5000001767,2017,1,1,0,0,0,101,,GOLD,SC00,RM00,,,,,,125104,,,0,0,,S,USD,55588.05,0,55588.05,,0,,57,OZ,57,OZ,57,OZ,4500000388,10,,,0,,,0,X,,,,,,NA00,,,,,,,,,,,,2017,,,US00,,0,,0,0,0,,0,2,,,,,,,,,B,,,,0,,,,,0,0,0,,,,,0,,0,0,0,,,,,0,,,,0,0,0,,,,45,OZ,,125104,0,0,,0,,0,0,,,,,GOLD TEAM 8,,ME01,WE01,X,X,"1,765","2,180,449.14",V,,,0,,,0,,,,1,0,,,,,,,,,0,,,,,,,,,F,,,0,,WE,2/20/17,2/20/17,12:34:03 PM,GBI-026,,MIGO_GR,,0,,,,,,,12:00:00 AM,,,,,,,,,,,0,,,,,
375,5000001768,2017,1,1,0,0,0,101,,GOLD,SC00,RM00,,,,,,125104,,,0,0,,S,USD,24705.80,0,24705.80,,0,,19,OZ,19,OZ,19,OZ,4500000389,10,,,0,,,0,X,,,,,,NA00,,,,,,,,,,,,2017,,,US00,,0,,0,0,0,,0,2,,,,,,,,,B,,,,0,,,,,0,0,0,,,,,0,,0,0,0,,,,,0,,,,0,0,0,,,,20,OZ,,125104,0,0,,0,,0,0,,,,,GOLD TEAM 8,,ME01,WE01,X,X,"1,720","2,124,861.09",V,,,0,,,0,,,,1,0,,,,,,,,,0,,,,,,,,,F,,,0,,WE,2/20/17,2/20/17,1:10:38 PM,GBI-006,,MIGO_GR,,0,,,,,,,12:00:00 AM,,,,,,,,,,,0,,,,,
375,5000001769,2017,1,1,0,0,0,101,,GOLD,SC00,RM00,,,,,,125104,,,0,0,,S,USD,18529.35,0,18529.35,,0,,74,OZ,74,OZ,74,OZ,4500000390,10,,,0,,,0,X,,,,,,NA00,,,,,,,,,,,,2017,,,US00,,0,,0,0,0,,0,2,,,,,,,,,B,,,,0,,,,,0,0,0,,,,,0,,0,0,0,,,,,0,,,,0,0,0,,,,15,OZ,,125104,0,0,,0,,0,0,,,,,GOLD TEAM 8,,ME01,WE01,X,X,"1,700","2,100,155.29",V,,,0,,,0,,,,1,0,,,,,,,,,0,,,,,,,,,F,,,0,,WE,2/20/17,2/20/17,1:32:48 PM,GBI-006,,MIGO_GR,,0,,,,,,,12:00:00 AM,,,,,,,,,,,0,,,,,
375,5000001770,2017,1,1,0,0,0,101,,GOLD,SC00,RM00,,,,,,125104,,,0,0,,S,USD,27176.38,0,27176.38,,0,,89,OZ,89,OZ,89,OZ,4500000391,10,,,0,,,0,X,,,,,,NA00,,,,,,,,,,,,2017,,,US00,,0,,0,0,0,,0,2,,,,,,,,,B,,,,0,,,,,0,0,0,,,,,0,,0,0,0,,,,,0,,,,0,0,0,,,,22,OZ,,125104,0,0,,0,,0,0,,,,,GOLD TEAM 8,,ME01,WE01,X,X,"1,685","2,081,625.94",V,,,0,,,0,,,,1,0,,,,,,,,,0,,,,,,,,,F,,,0,,WE,2/20/17,2/20/17,1:50:16 PM,GBI-006,,MIGO_GR,,0,,,,,,,12:00:00 AM,,,,,,,,,,,0,,,,,
375,5000001771,2017,1,1,0,0,0,101,,ROMANIAN RUBY,SC00,RM00,,,,,,125128,,,0,0,,S,USD,1022727.27,0,1022727.27,,0,,799,G,799,G,799,G,4500000384,10,,,0,,,0,X,,,,,,NA00,BI00,,NAIS1000,,,,,,,,,2017,,,US00,,0,,0,0,0,,0,2,,,,,,,,,B,V,,,0,,,,,0,0,0,,,,,0,,0,0,0,,,,,0,,,,0,0,0,,,720000,5,G,,,0,0,,0,,0,0,,,,,ROMANIAN RUBY,,ME02,WE06,X,X,100,"15,000,000.00",S,,,0,,,0,,,,1,0,,,,,,,,,0,,,,,,,,,F,,,0,,WE,2/20/17,2/20/17,2:32:59 PM,GBI-024,,MIGO_GR,,0,,,,,,,12:00:00 AM,,,,,,,,,,,0,,,,,
375,5000001772,2017,1,1,0,0,0,101,,ROMANIAN RUBY,SC00,RM00,,,,,,125128,,,0,0,,S,USD,1007462.69,0,1007462.69,,0,,33,G,33,G,33,G,4500000392,10,,,0,,,0,X,,,,,,NA00,BI00,,NAIS1000,,,,,,,,,2017,,,US00,,0,,0,0,0,,0,2,,,,,,,,,B,V,,,0,,,,,0,0,0,,,,,0,,0,0,0,,,,,0,,,,0,0,0,,,720000,6,G,,,0,0,,0,,0,0,,,,,ROMANIAN RUBY,,ME02,WE06,X,X,100,"15,000,000.00",S,,,0,,,0,,,,1,0,,,,,,,,,0,,,,,,,,,F,,,0,,WE,2/20/17,2/20/17,2:34:56 PM,GBI-024,,MIGO_GR,,0,,,,,,,12:00:00 AM,,,,,,,,,,,0,,,,,
375,5000001773,2017,1,1,0,0,0,101,,BOTSWANA BLACK PE,SC00,RM00,,,,,,125088,,,0,0,,S,USD,6000000.00,0,6000000.00,,0,,711,G,711,G,711,G,4500000386,10,,,0,,,0,X,,,,,,NA00,BI00,,NAIS1000,,,,,,,,,2017,,,US00,,0,,0,0,0,,0,2,,,,,,,,,B,V,,,0,,,,,0,0,0,,,,,0,,0,0,0,,,,,0,,,,0,0,0,,,720000,8,G,,,0,0,,0,,0,0,,,,,BOTSWANA BLACK PE,,ME02,WE06,X,X,97,"48,500,000.00",S,,,0,,,0,,,,1,0,,,,,,,,,0,,,,,,,,,F,,,0,,WE,2/20/17,2/20/17,2:35:44 PM,GBI-024,,MIGO_GR,,0,,,,,,,12:00:00 AM,,,,,,,,,,,0,,,,,
375,5000001774,2017,1,1,0,0,0,101,,BOTSWANA BLACK PE,SC00,RM00,,,,,,125088,,,0,0,,S,USD,1960000.00,0,1960000.00,,0,,670,G,670,G,670,G,4500000394,10,,,0,,,0,X,,,,,,NA00,BI00,,NAIS1000,,,,,,,,,2017,,,US00,,0,,0,0,0,,0,2,,,,,,,,,B,V,,,0,,,,,0,0,0,,,,,0,,0,0,0,,,,,0,,,,0,0,0,,,720000,4,G,,,0,0,,0,,0,0,,,,,BOTSWANA BLACK PE,,ME02,WE06,X,X,97,"48,500,000.00",S,,,0,,,0,,,,1,0,,,,,,,,,0,,,,,,,,,F,,,0,,WE,2/20/17,2/20/17,2:36:21 PM,GBI-024,,MIGO_GR,,0,,,,,,,12:00:00 AM,,,,,,,,,,,0,,,,,
375,5000001775,2017,1,1,0,0,0,101,,BOTSWANA BLACK PE,SC00,RM00,,,,,,125088,,,0,0,,S,USD,5250000.00,0,5250000.00,,0,,606,G,606,G,606,G,4500000396,10,,,0,,,0,X,,,,,,NA00,BI00,,NAIS1000,,,,,,,,,2017,,,US00,,0,,0,0,0,,0,2,,,,,,,,,B,V,,,0,,,,,0,0,0,,,,,0,,0,0,0,,,,,0,,,,0,0,0,,,720000,10,G,,,0,0,,0,,0,0,,,,,BOTSWANA BLACK PE,,ME02,WE06,X,X,97,"48,500,000.00",S,,,0,,,0,,,,1,0,,,,,,,,,0,,,,,,,,,F,,,0,,WE,2/20/17,2/20/17,2:37:06 PM,GBI-024,,MIGO_GR,,0,,,,,,,12:00:00 AM,,,,,,,,,,,0,,,,,
375,5000001776,2017,1,1,0,0,0,101,,ROMANIAN RUBY,SC00,RM00,,,,,,125128,,,0,0,,S,USD,679245.28,0,679245.28,,0,,132,G,132,G,132,G,4500000393,10,,,0,,,0,X,,,,,,NA00,BI00,,NAIS1000,,,,,,,,,2017,,,US00,,0,,0,0,0,,0,2,,,,,,,,,B,V,,,0,,,,,0,0,0,,,,,0,,0,0,0,,,,,0,,,,0,0,0,,,720000,4,G,,,0,0,,0,,0,0,,,,,ROMANIAN RUBY,,ME02,WE06,X,X,100,"15,000,000.00",S,,,0,,,0,,,,1,0,,,,,,,,,0,,,,,,,,,F,,,0,,WE,2/20/17,2/20/17,2:44:27 PM,GBI-024,,MIGO_GR,,0,,,,,,,12:00:00 AM,,,,,,,,,,,0,,,,,
375,5000001777,2017,1,1,0,0,0,101,,ROMANIAN RUBY,SC00,RM00,,,,,,125128,,,0,0,,S,USD,321428.57,0,321428.57,,0,,277,G,277,G,277,G,4500000395,10,,,0,,,0,X,,,,,,NA00,BI00,,NAIS1000,,,,,,,,,2017,,,US00,,0,,0,0,0,,0,2,,,,,,,,,B,V,,,0,,,,,0,0,0,,,,,0,,0,0,0,,,,,0,,,,0,0,0,,,720000,2,G,,,0,0,,0,,0,0,,,,,ROMANIAN RUBY,,ME02,WE06,X,X,100,"15,000,000.00",S,,,0,,,0,,,,1,0,,,,,,,,,0,,,,,,,,,F,,,0,,WE,2/20/17,2/20/17,2:50:19 PM,GBI-024,,MIGO_GR,,0,,,,,,,12:00:00 AM,,,,,,,,,,,0,,,,,
375,5000001778,2017,1,1,0,0,0,101,,BOTSWANA BLACK PE,SC00,RM00,,,,,,125088,,,0,0,,S,USD,1000000.00,0,1000000.00,,0,,674,G,674,G,674,G,4500000397,10,,,0,,,0,X,,,,,,NA00,BI00,,NAIS1000,,,,,,,,,2017,,,US00,,0,,0,0,0,,0,2,,,,,,,,,B,V,,,0,,,,,0,0,0,,,,,0,,0,0,0,,,,,0,,,,0,0,0,,,720000,2,G,,,0,0,,0,,0,0,,,,,BOTSWANA BLACK PE,,ME02,WE06,X,X,97,"48,500,000.00",S,,,0,,,0,,,,1,0,,,,,,,,,0,,,,,,,,,F,,,0,,WE,2/20/17,2/20/17,2:53:39 PM,GBI-024,,MIGO_GR,,0,,,,,,,12:00:00 AM,,,,,,,,,,,0,,,,,
375,5000001779,2017,1,1,0,0,0,101,,CONGOCRYSTAL,SC00,RM00,,,,,,125102,,,0,0,,S,USD,35000.00,0,35000.00,,0,,873,G,873,G,873,G,4500000399,10,,,0,,,0,X,,,,,,NA00,BI00,,NAIS1000,,,,,,,,,2017,,,US00,,0,,0,0,0,,0,2,,,,,,,,,B,V,,,0,,,,,0,0,0,,,,,0,,0,0,0,,,,,0,,,,0,0,0,,,720000,5,G,,,0,0,,0,,0,0,,,,,CONGOCRYSTAL,,ME02,WE06,X,X,100,"20,000,000.00",S,,,0,,,0,,,,1,0,,,,,,,,,0,,,,,,,,,F,,,0,,WE,2/20/17,2/20/17,3:02:16 PM,GBI-024,,MIGO_GR,,0,,,,,,,12:00:00 AM,,,,,,,,,,,0,,,,,
375,5000001780,2017,1,1,0,0,0,101,,CONGOCRYSTAL,SC00,RM00,,,,,,125102,,,0,0,,S,USD,72900.00,0,72900.00,,0,,406,G,406,G,406,G,4500000398,10,,,0,,,0,X,,,,,,NA00,BI00,,NAIS1000,,,,,,,,,2017,,,US00,,0,,0,0,0,,0,2,,,,,,,,,B,V,,,0,,,,,0,0,0,,,,,0,,0,0,0,,,,,0,,,,0,0,0,,,720000,9,G,,,0,0,,0,,0,0,,,,,CONGOCRYSTAL,,ME02,WE06,X,X,100,"20,000,000.00",S,,,0,,,0,,,,1,0,,,,,,,,,0,,,,,,,,,F,,,0,,WE,2/20/17,2/20/17,3:04:24 PM,GBI-024,,MIGO_GR,,0,,,,,,,12:00:00 AM,,,,,,,,,,,0,,,,,
375,5000001781,2017,1,1,0,0,0,101,,CONGOCRYSTAL,SC00,RM00,,,,,,125102,,,0,0,,S,USD,142400.00,0,142400.00,,0,,512,G,512,G,512,G,4500000402,10,,,0,,,0,X,,,,,,NA00,BI00,,NAIS1000,,,,,,,,,2017,,,US00,,0,,0,0,0,,0,2,,,,,,,,,B,V,,,0,,,,,0,0,0,,,,,0,,0,0,0,,,,,0,,,,0,0,0,,,720000,16,G,,,0,0,,0,,0,0,,,,,CONGOCRYSTAL,,ME02,WE06,X,X,100,"20,000,000.00",S,,,0,,,0,,,,1,0,,,,,,,,,0,,,,,,,,,F,,,0,,WE,2/20/17,2/20/17,3:04:57 PM,GBI-024,,MIGO_GR,,0,,,,,,,12:00:00 AM,,,,,,,,,,,0,,,,,
375,5000001782,2017,1,1,0,0,0,101,,CONGOCRYSTAL,SC00,RM00,,,,,,125102,,,0,0,,S,USD,68000.00,0,68000.00,,0,,83,G,83,G,83,G,4500000400,10,,,0,,,0,X,,,,,,NA00,BI00,,NAIS1000,,,,,,,,,2017,,,US00,,0,,0,0,0,,0,2,,,,,,,,,B,V,,,0,,,,,0,0,0,,,,,0,,0,0,0,,,,,0,,,,0,0,0,,,720000,8,G,,,0,0,,0,,0,0,,,,,CONGOCRYSTAL,,ME02,WE06,X,X,100,"20,000,000.00",S,,,0,,,0,,,,1,0,,,,,,,,,0,,,,,,,,,F,,,0,,WE,2/20/17,2/20/17,3:05:24 PM,GBI-024,,MIGO_GR,,0,,,,,,,12:00:00 AM,,,,,,,,,,,0,,,,,
375,5000001783,2017,1,1,0,0,0,101,,CONGOCRYSTAL,SC00,RM00,,,,,,125102,,,0,0,,S,USD,16400.00,0,16400.00,,0,,92,G,92,G,92,G,4500000401,10,,,0,,,0,X,,,,,,NA00,BI00,,NAIS1000,,,,,,,,,2017,,,US00,,0,,0,0,0,,0,2,,,,,,,,,B,V,,,0,,,,,0,0,0,,,,,0,,0,0,0,,,,,0,,,,0,0,0,,,720000,2,G,,,0,0,,0,,0,0,,,,,CONGOCRYSTAL,,ME02,WE06,X,X,100,"20,000,000.00",S,,,0,,,0,,,,1,0,,,,,,,,,0,,,,,,,,,F,,,0,,WE,2/20/17,2/20/17,3:05:54 PM,GBI-024,,MIGO_GR,,0,,,,,,,12:00:00 AM,,,,,,,,,,,0,,,,,
375,5000001784,2017,1,1,0,0,0,101,,ANGOLAN AMETHYST,SC00,RM00,,,,,,125096,,,0,0,,S,USD,297000.00,0,297000.00,,0,,213,G,213,G,213,G,4500000403,10,,,0,,,0,X,,,,,,NA00,BI00,,NAIS1000,,,,,,,,,2017,,,US00,,0,,0,0,0,,0,2,,,,,,,,,B,V,,,0,,,,,0,0,0,,,,,0,,0,0,0,,,,,0,,,,0,0,0,,,720000,6,G,,,0,0,,0,,0,0,,,,,ANGOLAN AMETHYST,,ME02,WE06,X,X,100,"5,000,000.00",S,,,0,,,0,,,,1,0,,,,,,,,,0,,,,,,,,,F,,,0,,WE,2/20/17,2/20/17,3:06:47 PM,GBI-024,,MIGO_GR,,0,,,,,,,12:00:00 AM,,,,,,,,,,,0,,,,,
375,5000001785,2017,1,1,0,0,0,101,,ANGOLAN AMETHYST,SC00,RM00,,,,,,125096,,,0,0,,S,USD,672750.00,0,672750.00,,0,,451,G,451,G,451,G,4500000405,10,,,0,,,0,X,,,,,,NA00,BI00,,NAIS1000,,,,,,,,,2017,,,US00,,0,,0,0,0,,0,2,,,,,,,,,B,V,,,0,,,,,0,0,0,,,,,0,,0,0,0,,,,,0,,,,0,0,0,,,720000,13,G,,,0,0,,0,,0,0,,,,,ANGOLAN AMETHYST,,ME02,WE06,X,X,100,"5,000,000.00",S,,,0,,,0,,,,1,0,,,,,,,,,0,,,,,,,,,F,,,0,,WE,2/20/17,2/20/17,3:07:22 PM,GBI-024,,MIGO_GR,,0,,,,,,,12:00:00 AM,,,,,,,,,,,0,,,,,
375,5000001786,2017,1,1,0,0,0,101,,ANGOLAN AMETHYST,SC00,RM00,,,,,,125096,,,0,0,,S,USD,162000.00,0,162000.00,,0,,985,G,985,G,985,G,4500000404,10,,,0,,,0,X,,,,,,NA00,BI00,,NAIS1000,,,,,,,,,2017,,,US00,,0,,0,0,0,,0,2,,,,,,,,,B,V,,,0,,,,,0,0,0,,,,,0,,0,0,0,,,,,0,,,,0,0,0,,,720000,3,G,,,0,0,,0,,0,0,,,,,ANGOLAN AMETHYST,,ME02,WE06,X,X,100,"5,000,000.00",S,,,0,,,0,,,,1,0,,,,,,,,,0,,,,,,,,,F,,,0,,WE,2/20/17,2/20/17,3:09:07 PM,GBI-024,,MIGO_GR,,0,,,,,,,12:00:00 AM,,,,,,,,,,,0,,,,,
375,5000001787,2017,1,1,0,0,0,101,,ANGOLAN AMETHYST,SC00,RM00,,,,,,125096,,,0,0,,S,USD,426000.00,0,426000.00,,0,,296,G,296,G,296,G,4500000407,10,,,0,,,0,X,,,,,,NA00,BI00,,NAIS1000,,,,,,,,,2017,,,US00,,0,,0,0,0,,0,2,,,,,,,,,B,V,,,0,,,,,0,0,0,,,,,0,,0,0,0,,,,,0,,,,0,0,0,,,720000,8,G,,,0,0,,0,,0,0,,,,,ANGOLAN AMETHYST,,ME02,WE06,X,X,100,"5,000,000.00",S,,,0,,,0,,,,1,0,,,,,,,,,0,,,,,,,,,F,,,0,,WE,2/20/17,2/20/17,3:10:16 PM,GBI-024,,MIGO_GR,,0,,,,,,,12:00:00 AM,,,,,,,,,,,0,,,,,
375,5000001788,2017,1,1,0,0,0,101,,ANGOLAN AMETHYST,SC00,RM00,,,,,,125096,,,0,0,,S,USD,221250.00,0,221250.00,,0,,230,G,230,G,230,G,4500000408,10,,,0,,,0,X,,,,,,NA00,BI00,,NAIS1000,,,,,,,,,2017,,,US00,,0,,0,0,0,,0,2,,,,,,,,,B,V,,,0,,,,,0,0,0,,,,,0,,0,0,0,,,,,0,,,,0,0,0,,,720000,5,G,,,0,0,,0,,0,0,,,,,ANGOLAN AMETHYST,,ME02,WE06,X,X,100,"5,000,000.00",S,,,0,,,0,,,,1,0,,,,,,,,,0,,,,,,,,,F,,,0,,WE,2/20/17,2/20/17,3:10:47 PM,GBI-024,,MIGO_GR,,0,,,,,,,12:00:00 AM,,,,,,,,,,,0,,,,,
375,5000001789,2017,1,1,0,0,0,101,,SA SAPPHIRE,SC00,RM00,,,,,,125100,,,0,0,,S,USD,160000.00,0,160000.00,,0,,926,G,926,G,926,G,4500000410,10,,,0,,,0,X,,,,,,NA00,BI00,,NAIS1000,,,,,,,,,2017,,,US00,,0,,0,0,0,,0,2,,,,,,,,,B,V,,,0,,,,,0,0,0,,,,,0,,0,0,0,,,,,0,,,,0,0,0,,,720000,12,G,,,0,0,,0,,0,0,,,,,SA SAPPHIRE,,ME02,WE06,X,X,110,"11,000,000.00",S,,,0,,,0,,,,1,0,,,,,,,,,0,,,,,,,,,F,,,0,,WE,2/20/17,2/20/17,3:12:44 PM,GBI-024,,MIGO_GR,,0,,,,,,,12:00:00 AM,,,,,,,,,,,0,,,,,
375,5000001790,2017,1,1,0,0,0,101,,SA SAPPHIRE,SC00,RM00,,,,,,125100,,,0,0,,S,USD,79302.14,0,79302.14,,0,,360,G,360,G,360,G,4500000406,10,,,0,,,0,X,,,,,,NA00,BI00,,NAIS1000,,,,,,,,,2017,,,US00,,0,,0,0,0,,0,2,,,,,,,,,B,V,,,0,,,,,0,0,0,,,,,0,,0,0,0,,,,,0,,,,0,0,0,,,720000,6,G,,,0,0,,0,,0,0,,,,,SA SAPPHIRE,,ME02,WE06,X,X,110,"11,000,000.00",S,,,0,,,0,,,,1,0,,,,,,,,,0,,,,,,,,,F,,,0,,WE,2/20/17,2/20/17,3:13:30 PM,GBI-024,,MIGO_GR,,0,,,,,,,12:00:00 AM,,,,,,,,,,,0,,,,,
375,5000001791,2017,1,1,0,0,0,101,,SA SAPPHIRE,SC00,RM00,,,,,,125100,,,0,0,,S,USD,93959.73,0,93959.73,,0,,853,G,853,G,853,G,4500000409,10,,,0,,,0,X,,,,,,NA00,BI00,,NAIS1000,,,,,,,,,2017,,,US00,,0,,0,0,0,,0,2,,,,,,,,,B,V,,,0,,,,,0,0,0,,,,,0,,0,0,0,,,,,0,,,,0,0,0,,,720000,7,G,,,0,0,,0,,0,0,,,,,SA SAPPHIRE,,ME02,WE06,X,X,110,"11,000,000.00",S,,,0,,,0,,,,1,0,,,,,,,,,0,,,,,,,,,F,,,0,,WE,2/20/17,2/20/17,3:13:57 PM,GBI-024,,MIGO_GR,,0,,,,,,,12:00:00 AM,,,,,,,,,,,0,,,,,
375,5000001792,2017,1,1,0,0,0,101,,SA SAPPHIRE,SC00,RM00,,,,,,125100,,,0,0,,S,USD,121065.38,0,121065.38,,0,,652,G,652,G,652,G,4500000411,10,,,0,,,0,X,,,,,,NA00,BI00,,NAIS1000,,,,,,,,,2017,,,US00,,0,,0,0,0,,0,2,,,,,,,,,B,V,,,0,,,,,0,0,0,,,,,0,,0,0,0,,,,,0,,,,0,0,0,,,720000,9,G,,,0,0,,0,,0,0,,,,,SA SAPPHIRE,,ME02,WE06,X,X,110,"11,000,000.00",S,,,0,,,0,,,,1,0,,,,,,,,,0,,,,,,,,,F,,,0,,WE,2/20/17,2/20/17,3:16:16 PM,GBI-024,,MIGO_GR,,0,,,,,,,12:00:00 AM,,,,,,,,,,,0,,,,,
375,5000001793,2017,1,1,0,0,0,101,,SA SAPPHIRE,SC00,RM00,,,,,,125100,,,0,0,,S,USD,145264.38,0,145264.38,,0,,260,G,260,G,260,G,4500000412,10,,,0,,,0,X,,,,,,NA00,BI00,,NAIS1000,,,,,,,,,2017,,,US00,,0,,0,0,0,,0,2,,,,,,,,,B,V,,,0,,,,,0,0,0,,,,,0,,0,0,0,,,,,0,,,,0,0,0,,,720000,10,G,,,0,0,,0,,0,0,,,,,SA SAPPHIRE,,ME02,WE06,X,X,110,"11,000,000.00",S,,,0,,,0,,,,1,0,,,,,,,,,0,,,,,,,,,F,,,0,,WE,2/20/17,2/20/17,3:16:41 PM,GBI-024,,MIGO_GR,,0,,,,,,,12:00:00 AM,,,,,,,,,,,0,,,,,
375,5000001794,2017,1,1,0,0,0,101,,ZTESTHEXNT,SC00,RM00,,,,,,125130,,,0,0,,S,USD,12300.00,0,12800.00,,0,,18532,LB,18532,LB,18532,LB,4500000414,10,,,0,,,0,X,,,,,,NA00,,,,,,,,,,,,2017,,,US00,,0,,0,0,0,,0,2,,,,,,,,,B,,,,0,,,,,0,0,0,,,,,0,,0,0,0,,,,,0,,,,0,0,0,,,,"10,000",LB,,125130,0,0,,0,,0,0,,,,,ZTESTHEXNT-01,,ME01,WE01,X,X,0,0,S,,,0,,,0,,,,1,0,,,,,,,,,0,,,,,,,,,F,,,0,,WE,2/20/17,2/20/17,3:31:07 PM,GBI-035,,MIGO_GR,,0,,,,,,,12:00:00 AM,,,,,,,,,,,0,,,,,
375,5000001795,2017,1,1,0,0,0,101,,ZTESTHEXNT,SC00,RM00,,,,,,125105,,,0,0,,S,USD,12000.00,0,12000.00,,0,,16212,LB,16212,LB,16212,LB,4500000416,10,2017,1000000038,1,,,0,,,,,,,NA00,BI00,,NAIS1000,,,,,,,,,2017,,,US00,,0,,0,0,0,,0,2,,,,,,,,,B,V,,,0,,,,,0,0,0,,,,,0,,0,1,0,,,,,0,,,,0,0,0,,,770000,1,AU,,,0,0,,1,,0,0,,,,,,,ME02,WE06,,,0,0,,,,0,,,0,,,,1,0,,,,,,,,,0,,,,,,,,,F,,,0,,WE,2/20/17,2/20/17,4:05:01 PM,GBI-008,,ML81N,,0,,,,,,,12:00:00 AM,,,,,,,,,,,0,,,,,
375,5000001796,2017,1,1,0,0,0,101,,ZTESTHEXNT,SC00,RM00,,,,,,125129,,,0,0,,S,USD,80000.00,0,80000.00,,0,,12733,LB,12733,LB,12733,LB,4500000417,10,2017,1000000039,1,,,0,,,,,,,NA00,BI00,,NARD1000,,,,,,,,,2017,,,US00,,0,,0,0,0,,0,2,,,,,,,,,B,V,,,0,,,,,0,0,0,,,,,0,,0,1,0,,,,,0,,,,0,0,0,,,210000,1,AU,,,0,0,,1,,0,0,,,,,,,ME02,WE06,,,0,0,,,,0,,,0,,,,1,0,,,,,,,,,0,,,,,,,,,F,,,0,,WE,2/20/17,2/20/17,4:32:04 PM,GBI-038,,ML81N,,0,,,,,,,12:00:00 AM,,,,,,,,,,,0,,,,,
375,5000001797,2017,1,1,0,0,0,101,,ZTESTHEXNT,SC00,RM00,,,,,,125129,,,0,0,,S,USD,100000.00,0,100000.00,,0,,14625,LB,14625,LB,14625,LB,4500000424,10,2017,1000000042,1,,,0,,,,,,,NA00,BI00,,NAIS1000,,,,,,,,,2017,,,US00,,0,,0,0,0,,0,2,,,,,,,,,B,V,,,0,,,,,0,0,0,,,,,0,,0,1,0,,,,,0,,,,0,0,0,,,770000,1,AU,,,0,0,,1,,0,0,,,,,,,ME02,WE06,,,0,0,,,,0,,,0,,,,1,0,,,,,,,,,0,,,,,,,,,F,,,0,,WE,2/20/17,2/20/17,5:12:44 PM,GBI-038,,ML81N,,0,,,,,,,12:00:00 AM,,,,,,,,,,,0,,,,,
375,5000001798,2017,1,1,0,0,0,101,,ZTESTHEXNT,SC00,RM00,,,,,,125105,,,0,0,,S,USD,23000.00,0,23000.00,,0,,1900,LB,1900,LB,1900,LB,4500000425,10,2017,1000000044,1,,,0,,,,,,,NA00,BI00,,NAIS1000,,,,,,,,,2017,,,US00,,0,,0,0,0,,0,2,,,,,,,,,B,V,,,0,,,,,0,0,0,,,,,0,,0,1,0,,,,,0,,,,0,0,0,,,770000,1,AU,,,0,0,,1,,0,0,,,,,,,ME02,WE06,,,0,0,,,,0,,,0,,,,1,0,,,,,,,,,0,,,,,,,,,F,,,0,,WE,2/20/17,2/20/17,5:39:44 PM,GBI-012,,ML81N,,0,,,,,,,12:00:00 AM,,,,,,,,,,,0,,,,,
375,5000001799,2017,1,1,0,0,0,101,,ZTESTHEXNT,SC00,RM00,,,,,,125105,,,0,0,,S,USD,23000.00,0,23000.00,,0,,13759,LB,13759,LB,13759,LB,4500000426,10,2017,1000000045,1,,,0,,,,,,,NA00,BI00,,NAIS1000,,,,,,,,,2017,,,US00,,0,,0,0,0,,0,2,,,,,,,,,B,V,,,0,,,,,0,0,0,,,,,0,,0,1,0,,,,,0,,,,0,0,0,,,770000,1,AU,,,0,0,,1,,0,0,,,,,,,ME02,WE06,,,0,0,,,,0,,,0,,,,1,0,,,,,,,,,0,,,,,,,,,F,,,0,,WE,2/20/17,2/20/17,5:50:15 PM,GBI-012,,ML81N,,0,,,,,,,12:00:00 AM,,,,,,,,,,,0,,,,,
375,5000001800,2017,1,1,0,0,0,101,,ZTESTHEXNT,SC00,RM00,,,,,,125106,,,0,0,,S,USD,146250.00,0,146250.00,,0,,15595,LB,15595,LB,15595,LB,4500000452,10,2017,1000000046,1,,,0,,,,,,,NA00,BI00,,NAIS1000,,,,,,,,,2017,,,US00,,0,,0,0,0,,0,2,,,,,,,,,B,V,,,0,,,,,0,0,0,,,,,0,,0,1,0,,,,,0,,,,0,0,0,,,770000,1,AU,,,0,0,,1,,0,0,,,,,,,ME02,WE06,,,0,0,,,,0,,,0,,,,1,0,,,,,,,,,0,,,,,,,,,F,,,0,,WE,2/20/17,2/20/17,6:18:09 PM,GBI-008,,ML81N,,0,,,,,,,12:00:00 AM,,,,,,,,,,,0,,,,,
375,5000001801,2017,1,1,0,0,0,101,,ZTESTHEXNT,SC00,RM00,,,,,,125108,,,0,0,,S,USD,50000.00,0,50000.00,,0,,14271,LB,14271,LB,14271,LB,4500000453,10,2017,1000000047,1,,,0,,,,,,,NA00,BI00,,NAIS1000,,,,,,,,,2017,,,US00,,0,,0,0,0,,0,2,,,,,,,,,B,V,,,0,,,,,0,0,0,,,,,0,,0,1,0,,,,,0,,,,0,0,0,,,770000,1,AU,,,0,0,,1,,0,0,,,,,,,ME02,WE06,,,0,0,,,,0,,,0,,,,1,0,,,,,,,,,0,,,,,,,,,F,,,0,,WE,2/20/17,2/20/17,6:20:30 PM,GBI-034,,ML81N,,0,,,,,,,12:00:00 AM,,,,,,,,,,,0,,,,,
375,5000001802,2017,1,1,0,0,0,101,,BLUEPAINT,SC00,RM00,,,,,,125131,,,0,0,,S,USD,980.00,0,980.00,,0,,77,L,77,L,77,L,4500000427,10,,,0,,,0,,,,,,,NA00,,,,,,,,,,,,2017,,,US00,,0,,0,0,0,,0,2,,,,,,,,,B,,,,0,,,,,0,0,0,,,,,0,,0,0,0,,,,,0,,,,0,0,0,,,,98,L,,125131,0,0,,0,,0,0,,,,,BLUEPAINT,,ME01,WE01,X,X,0,0,S,,,0,,,0,,,,1,0,,,,,,,,,0,,,,,,,,,F,,,0,,WE,2/20/17,2/20/17,6:21:06 PM,GBI-045,,MIGO_GR,,0,,,,,,,12:00:00 AM,,,,,,,,,,,0,,,,,
375,5000001803,2017,1,1,0,0,0,101,,BLUEPAINT,SC00,RM00,,,,,,125135,,,0,0,,S,USD,1000.00,0,1000.00,,0,,115,L,115,L,115,L,4500000428,10,,,0,,,0,X,,,,,,NA00,,,,,,,,,,,,2017,,,US00,,0,,0,0,0,,0,2,,,,,,,,,B,,,,0,,,,,0,0,0,,,,,0,,0,0,0,,,,,0,,,,0,0,0,,,,100,L,,125135,0,0,,0,,0,0,,,,,BLUEPAINT,,ME01,WE01,X,X,98,980,S,,,0,,,0,,,,1,0,,,,,,,,,0,,,,,,,,,F,,,0,,WE,2/20/17,2/20/17,6:21:33 PM,GBI-054,,MIGO_GR,,0,,,,,,,12:00:00 AM,,,,,,,,,,,0,,,,,
375,5000001804,2017,1,1,0,0,0,101,,BLUEPAINT,SC00,RM00,,,,,,125132,,,0,0,,S,USD,970.00,0,970.00,,0,,367,L,367,L,367,L,4500000433,10,,,0,,,0,,,,,,,NA00,,,,,,,,,,,,2017,,,US00,,0,,0,0,0,,0,2,,,,,,,,,B,,,,0,,,,,0,0,0,,,,,0,,0,0,0,,,,,0,,,,0,0,0,,,,97,L,,125132,0,0,,0,,0,0,,,,,BLUEPAINT,,ME01,WE01,X,X,198,"1,980.00",S,,,0,,,0,,,,1,0,,,,,,,,,0,,,,,,,,,F,,,0,,WE,2/20/17,2/20/17,6:22:19 PM,GBI-053,,MIGO_GR,,0,,,,,,,12:00:00 AM,,,,,,,,,,,0,,,,,
375,5000001805,2017,1,1,0,0,0,101,,BLUEPAINT,SC00,RM00,,,,,,125135,,,0,0,,S,USD,1000.00,0,1000.00,,0,,254,L,254,L,254,L,4500000434,10,,,0,,,0,X,,,,,,NA00,,,,,,,,,,,,2017,,,US00,,0,,0,0,0,,0,2,,,,,,,,,B,,,,0,,,,,0,0,0,,,,,0,,0,0,0,,,,,0,,,,0,0,0,,,,100,L,,125135,0,0,,0,,0,0,,,,,BLUEPAINT,,ME01,WE01,X,X,295,"2,950.00",S,,,0,,,0,,,,1,0,,,,,,,,,0,,,,,,,,,F,,,0,,WE,2/20/17,2/20/17,6:24:28 PM,GBI-054,,MIGO_GR,,0,,,,,,,12:00:00 AM,,,,,,,,,,,0,,,,,
375,5000001806,2017,1,1,0,0,0,101,,BLUEPAINT,SC00,RM00,,,,,,125105,,,0,0,,S,USD,30000.00,0,30000.00,,0,,43,L,43,AU,43,L,4500000454,10,2017,1000000048,1,,,0,,,,,,,NA00,BI00,,NAIS1000,,,,,,,,,2017,,,US00,,0,,0,0,0,,0,2,,,,,,,,,B,V,,,0,,,,,0,0,0,,,,,0,,0,1,0,,,,,0,,,,0,0,0,,,770000,1,AU,,,0,0,,1,,0,0,,,,,,,ME02,WE06,,,0,0,,,,0,,,0,,,,1,0,,,,,,,,,0,,,,,,,,,F,,,0,,WE,2/20/17,2/20/17,6:26:05 PM,GBI-012,,ML81N,,0,,,,,,,12:00:00 AM,,,,,,,,,,,0,,,,,
375,5000001807,2017,1,1,0,0,0,101,,BLUEPAINT,SC00,RM00,,,,,,125106,,,0,0,,S,USD,191250.00,0,191250.00,,0,,536,L,536,AU,536,L,4500000455,10,2017,1000000049,1,,,0,,,,,,,NA00,BI00,,NAIS1000,,,,,,,,,2017,,,US00,,0,,0,0,0,,0,2,,,,,,,,,B,V,,,0,,,,,0,0,0,,,,,0,,0,1,0,,,,,0,,,,0,0,0,,,770000,1,AU,,,0,0,,1,,0,0,,,,,,,ME02,WE06,,,0,0,,,,0,,,0,,,,1,0,,,,,,,,,0,,,,,,,,,F,,,0,,WE,2/20/17,2/20/17,6:28:21 PM,GBI-008,,ML81N,,0,,,,,,,12:00:00 AM,,,,,,,,,,,0,,,,,
375,5000001808,2017,1,1,0,0,0,101,,BLUEPAINT,SC00,RM00,,,,,,125108,,,0,0,,S,USD,60000.00,0,60000.00,,0,,383,L,383,AU,383,L,4500000456,10,2017,1000000050,1,,,0,,,,,,,NA00,BI00,,NAIS1000,,,,,,,,,2017,,,US00,,0,,0,0,0,,0,2,,,,,,,,,B,V,,,0,,,,,0,0,0,,,,,0,,0,1,0,,,,,0,,,,0,0,0,,,770000,1,AU,,,0,0,,1,,0,0,,,,,,,ME02,WE06,,,0,0,,,,0,,,0,,,,1,0,,,,,,,,,0,,,,,,,,,F,,,0,,WE,2/20/17,2/20/17,6:30:55 PM,GBI-034,,ML81N,,0,,,,,,,12:00:00 AM,,,,,,,,,,,0,,,,,
375,5000001809,2017,1,1,0,0,0,101,,BLUEPAINT,SC00,RM00,,,,,,125106,,,0,0,,S,USD,71250.00,0,71250.00,,0,,129,L,129,AU,129,L,4500000458,10,2017,1000000052,1,,,0,,,,,,,NA00,BI00,,NAIS1000,,,,,,,,,2017,,,US00,,0,,0,0,0,,0,2,,,,,,,,,B,V,,,0,,,,,0,0,0,,,,,0,,0,1,0,,,,,0,,,,0,0,0,,,770000,1,AU,,,0,0,,1,,0,0,,,,,,,ME02,WE06,,,0,0,,,,0,,,0,,,,1,0,,,,,,,,,0,,,,,,,,,F,,,0,,WE,2/20/17,2/20/17,6:36:18 PM,GBI-008,,ML81N,,0,,,,,,,12:00:00 AM,,,,,,,,,,,0,,,,,
375,5000001810,2017,1,1,0,0,0,101,,BLUEPAINT,SC00,RM00,,,,,,125108,,,0,0,,S,USD,40000.00,0,40000.00,,0,,144,L,144,AU,144,L,4500000459,10,2017,1000000053,1,,,0,,,,,,,NA00,BI00,,NAIS1000,,,,,,,,,2017,,,US00,,0,,0,0,0,,0,2,,,,,,,,,B,V,,,0,,,,,0,0,0,,,,,0,,0,1,0,,,,,0,,,,0,0,0,,,770000,1,AU,,,0,0,,1,,0,0,,,,,,,ME02,WE06,,,0,0,,,,0,,,0,,,,1,0,,,,,,,,,0,,,,,,,,,F,,,0,,WE,2/20/17,2/20/17,6:37:59 PM,GBI-034,,ML81N,,0,,,,,,,12:00:00 AM,,,,,,,,,,,0,,,,,
375,5000001811,2017,1,1,0,0,0,101,,BLUEPAINT,SC00,RM00,,,,,,125105,,,0,0,,S,USD,10000.00,0,10000.00,,0,,963,L,963,AU,963,L,4500000457,10,2017,1000000051,1,,,0,,,,,,,NA00,BI00,,NAIS1000,,,,,,,,,2017,,,US00,,0,,0,0,0,,0,2,,,,,,,,,B,V,,,0,,,,,0,0,0,,,,,0,,0,1,0,,,,,0,,,,0,0,0,,,770000,1,AU,,,0,0,,1,,0,0,,,,,,,ME02,WE06,,,0,0,,,,0,,,0,,,,1,0,,,,,,,,,0,,,,,,,,,F,,,0,,WE,2/20/17,2/20/17,6:43:06 PM,GBI-012,,ML81N,,0,,,,,,,12:00:00 AM,,,,,,,,,,,0,,,,,
375,5000001812,2017,1,1,0,0,0,101,,BLUEPAINT,SC00,RM00,,,,,,125106,,,0,0,,S,USD,56250.00,0,56250.00,,0,,1056,L,1056,AU,1056,L,4500000460,10,2017,1000000055,1,,,0,,,,,,,NA00,BI00,,NAIS1000,,,,,,,,,2017,,,US00,,0,,0,0,0,,0,2,,,,,,,,,B,V,,,0,,,,,0,0,0,,,,,0,,0,1,0,,,,,0,,,,0,0,0,,,770000,1,AU,,,0,0,,1,,0,0,,,,,,,ME02,WE06,,,0,0,,,,0,,,0,,,,1,0,,,,,,,,,0,,,,,,,,,F,,,0,,WE,2/20/17,2/20/17,6:44:01 PM,GBI-008,,ML81N,,0,,,,,,,12:00:00 AM,,,,,,,,,,,0,,,,,
375,5000001813,2017,1,1,0,0,0,101,,BLUEPAINT,SC00,RM00,,,,,,125108,,,0,0,,S,USD,144000.00,0,144000.00,,0,,1070,L,1070,AU,1070,L,4500000461,10,2017,1000000056,1,,,0,,,,,,,NA00,BI00,,NAIS1000,,,,,,,,,2017,,,US00,,0,,0,0,0,,0,2,,,,,,,,,B,V,,,0,,,,,0,0,0,,,,,0,,0,1,0,,,,,0,,,,0,0,0,,,770000,1,AU,,,0,0,,1,,0,0,,,,,,,ME02,WE06,,,0,0,,,,0,,,0,,,,1,0,,,,,,,,,0,,,,,,,,,F,,,0,,WE,2/20/17,2/20/17,6:44:58 PM,GBI-034,,ML81N,,0,,,,,,,12:00:00 AM,,,,,,,,,,,0,,,,,
375,5000001814,2017,1,1,0,0,0,101,,BLUEPAINT,SC00,RM00,,,,,,125106,,,0,0,,S,USD,60000.00,0,60000.00,,0,,211,L,211,AU,211,L,4500000462,10,2017,1000000058,1,,,0,,,,,,,NA00,BI00,,NAIS1000,,,,,,,,,2017,,,US00,,0,,0,0,0,,0,2,,,,,,,,,B,V,,,0,,,,,0,0,0,,,,,0,,0,1,0,,,,,0,,,,0,0,0,,,770000,1,AU,,,0,0,,1,,0,0,,,,,,,ME02,WE06,,,0,0,,,,0,,,0,,,,1,0,,,,,,,,,0,,,,,,,,,F,,,0,,WE,2/20/17,2/20/17,6:48:27 PM,GBI-008,,ML81N,,0,,,,,,,12:00:00 AM,,,,,,,,,,,0,,,,,
375,5000001815,2017,1,1,0,0,0,101,,BLUEPAINT,SC00,RM00,,,,,,125108,,,0,0,,S,USD,96000.00,0,96000.00,,0,,765,L,765,AU,765,L,4500000463,10,2017,1000000059,1,,,0,,,,,,,NA00,BI00,,NAIS1000,,,,,,,,,2017,,,US00,,0,,0,0,0,,0,2,,,,,,,,,B,V,,,0,,,,,0,0,0,,,,,0,,0,1,0,,,,,0,,,,0,0,0,,,770000,1,AU,,,0,0,,1,,0,0,,,,,,,ME02,WE06,,,0,0,,,,0,,,0,,,,1,0,,,,,,,,,0,,,,,,,,,F,,,0,,WE,2/20/17,2/20/17,6:52:03 PM,GBI-034,,ML81N,,0,,,,,,,12:00:00 AM,,,,,,,,,,,0,,,,,
375,5000001816,2017,1,3,0,0,0,101,,BLUEPAINT,SC00,RM00,,,,,,125136,,,0,0,,S,USD,1040.00,0,1040.00,,0,,247,L,247,L,247,L,4500000451,10,,,0,,,0,X,,,,,,NA00,,,,,,,,,,,,2017,,,US00,,0,,0,0,0,,0,2,,,,,,,,,B,,,,0,,,,,0,0,0,,,,,0,,0,0,0,,,,,0,,,,0,0,0,,,,104,L,,125136,0,0,,0,,0,0,,,,,BLUEPAINT,,ME01,WE01,X,X,395,"3,950.00",S,,,0,,,0,,,,1,0,,,,,,,,,0,,,,,,,,,F,,,0,,WE,2/20/17,2/20/17,6:54:04 PM,GBI-009,,MIGO_GR,,0,,,,,,,12:00:00 AM,,,,,,,,,,,0,,,,,
375,5000001817,2017,1,1,0,0,0,101,,BLUEPAINT,SC00,RM00,,,,,,125133,,,0,0,,S,USD,1010.00,0,1010.00,,0,,1063,L,1063,L,1063,L,4500000430,10,,,0,,,0,X,,,,,,NA00,,,,,,,,,,,,2017,,,US00,,0,,0,0,0,,0,2,,,,,,,,,B,,,,0,,,,,0,0,0,,,,,0,,0,0,0,,,,,0,,,,0,0,0,,,,101,L,,125133,0,0,,0,,0,0,,,,,BLUEPAINT,,ME01,WE01,X,X,499,"4,990.00",S,,,0,,,0,,,,1,0,,,,,,,,,0,,,,,,,,,F,,,0,,WE,2/20/17,2/20/17,6:54:30 PM,GBI-044,,MIGO_GR,,0,,,,,,,12:00:00 AM,,,,,,,,,,,0,,,,,
375,5000001818,2017,1,1,0,0,0,101,,BLUEPAINT,SC00,RM00,,,,,,125136,,,0,0,,S,USD,980.00,0,980.00,,0,,30,L,30,L,30,L,4500000450,10,,,0,,,0,X,,,,,,NA00,,,,,,,,,,,,2017,,,US00,,0,,0,0,0,,0,2,,,,,,,,,B,,,,0,,,,,0,0,0,,,,,0,,0,0,0,,,,,0,,,,0,0,0,,,,98,L,,125136,0,0,,0,,0,0,,,,,BLUEPAINT,,ME01,WE01,X,X,600,"6,000.00",S,,,0,,,0,,,,1,0,,,,,,,,,0,,,,,,,,,F,,,0,,WE,2/20/17,2/20/17,6:55:16 PM,GBI-009,,MIGO_GR,,0,,,,,,,12:00:00 AM,,,,,,,,,,,0,,,,,
375,5000001819,2017,1,1,0,0,0,101,,BLUEPAINT,SC00,RM00,,,,,,125132,,,0,0,,S,USD,980.00,0,980.00,,0,,710,L,710,L,710,L,4500000448,10,,,0,,,0,X,,,,,,NA00,,,,,,,,,,,,2017,,,US00,,0,,0,0,0,,0,2,,,,,,,,,B,,,,0,,,,,0,0,0,,,,,0,,0,0,0,,,,,0,,,,0,0,0,,,,98,L,,125132,0,0,,0,,0,0,,,,,BLUEPAINT,,ME01,WE01,X,X,698,"6,980.00",S,,,0,,,0,,,,1,0,,,,,,,,,0,,,,,,,,,F,,,0,,WE,2/20/17,2/20/17,6:55:46 PM,GBI-053,,MIGO_GR,,0,,,,,,,12:00:00 AM,,,,,,,,,,,0,,,,,
375,5000001820,2017,1,1,0,0,0,101,,BLUEPAINT,SC00,RM00,,,,,,125136,,,0,0,,S,USD,990.00,0,990.00,,0,,681,L,681,L,681,L,4500000449,10,,,0,,,0,X,,,,,,NA00,,,,,,,,,,,,2017,,,US00,,0,,0,0,0,,0,2,,,,,,,,,B,,,,0,,,,,0,0,0,,,,,0,,0,0,0,,,,,0,,,,0,0,0,,,,99,L,,125136,0,0,,0,,0,0,,,,,BLUEPAINT,,ME01,WE01,X,X,796,"7,960.00",S,,,0,,,0,,,,1,0,,,,,,,,,0,,,,,,,,,F,,,0,,WE,2/20/17,2/20/17,6:55:52 PM,GBI-009,,MIGO_GR,,0,,,,,,,12:00:00 AM,,,,,,,,,,,0,,,,,
375,5000001821,2017,1,1,0,0,0,101,,BLUEPAINT,SC00,RM00,,,,,,125133,,,0,0,,S,USD,1000.00,0,1000.00,,0,,896,L,896,L,896,L,4500000435,10,,,0,,,0,X,,,,,,NA00,,,,,,,,,,,,2017,,,US00,,0,,0,0,0,,0,2,,,,,,,,,B,,,,0,,,,,0,0,0,,,,,0,,0,0,0,,,,,0,,,,0,0,0,,,,100,L,,125133,0,0,,0,,0,0,,,,,BLUEPAINT,,ME01,WE01,X,X,895,"8,950.00",S,,,0,,,0,,,,1,0,,,,,,,,,0,,,,,,,,,F,,,0,,WE,2/20/17,2/20/17,6:56:09 PM,GBI-044,,MIGO_GR,,0,,,,,,,12:00:00 AM,,,,,,,,,,,0,,,,,
375,5000001822,2017,1,1,0,0,0,101,,BLUEPAINT,SC00,RM00,,,,,,125132,,,0,0,,S,USD,950.00,0,950.00,,0,,82,L,82,L,82,L,4500000445,10,,,0,,,0,X,,,,,,NA00,,,,,,,,,,,,2017,,,US00,,0,,0,0,0,,0,2,,,,,,,,,B,,,,0,,,,,0,0,0,,,,,0,,0,0,0,,,,,0,,,,0,0,0,,,,95,L,,125132,0,0,,0,,0,0,,,,,BLUEPAINT,,ME01,WE01,X,X,995,"9,950.00",S,,,0,,,0,,,,1,0,,,,,,,,,0,,,,,,,,,F,,,0,,WE,2/20/17,2/20/17,6:56:29 PM,GBI-053,,MIGO_GR,,0,,,,,,,12:00:00 AM,,,,,,,,,,,0,,,,,
375,5000001823,2017,1,1,0,0,0,101,,BLUEPAINT,SC00,RM00,,,,,,125136,,,0,0,,S,USD,1010.00,0,1010.00,,0,,553,L,553,L,553,L,4500000438,10,,,0,,,0,X,,,,,,NA00,,,,,,,,,,,,2017,,,US00,,0,,0,0,0,,0,2,,,,,,,,,B,,,,0,,,,,0,0,0,,,,,0,,0,0,0,,,,,0,,,,0,0,0,,,,101,L,,125136,0,0,,0,,0,0,,,,,BLUEPAINT,,ME01,WE01,X,X,"1,090","10,900.00",S,,,0,,,0,,,,1,0,,,,,,,,,0,,,,,,,,,F,,,0,,WE,2/20/17,2/20/17,6:56:38 PM,GBI-009,,MIGO_GR,,0,,,,,,,12:00:00 AM,,,,,,,,,,,0,,,,,
375,5000001824,2017,1,1,0,0,0,101,,BLUEPAINT,SC00,RM00,,,,,,125135,,,0,0,,S,USD,1040.00,0,1040.00,,0,,893,L,893,L,893,L,4500000437,10,,,0,,,0,X,,,,,,NA00,,,,,,,,,,,,2017,,,US00,,0,,0,0,0,,0,2,,,,,,,,,B,,,,0,,,,,0,0,0,,,,,0,,0,0,0,,,,,0,,,,0,0,0,,,,104,L,,125135,0,0,,0,,0,0,,,,,BLUEPAINT,,ME01,WE01,X,X,"1,191","11,910.00",S,,,0,,,0,,,,1,0,,,,,,,,,0,,,,,,,,,F,,,0,,WE,2/20/17,2/20/17,6:57:04 PM,GBI-054,,MIGO_GR,,0,,,,,,,12:00:00 AM,,,,,,,,,,,0,,,,,
375,5000001825,2017,1,1,0,0,0,101,,BLUEPAINT,SC00,RM00,,,,,,125132,,,0,0,,S,USD,990.00,0,990.00,,0,,54,L,54,L,54,L,4500000442,10,,,0,,,0,X,,,,,,NA00,,,,,,,,,,,,2017,,,US00,,0,,0,0,0,,0,2,,,,,,,,,B,,,,0,,,,,0,0,0,,,,,0,,0,0,0,,,,,0,,,,0,0,0,,,,99,L,,125132,0,0,,0,,0,0,,,,,BLUEPAINT,,ME01,WE01,X,X,"1,295","12,950.00",S,,,0,,,0,,,,1,0,,,,,,,,,0,,,,,,,,,F,,,0,,WE,2/20/17,2/20/17,6:57:04 PM,GBI-053,,MIGO_GR,,0,,,,,,,12:00:00 AM,,,,,,,,,,,0,,,,,
375,5000001826,2017,1,1,0,0,0,101,,BLUEPAINT,SC00,RM00,,,,,,125133,,,0,0,,S,USD,990.00,0,990.00,,0,,245,L,245,L,245,L,4500000439,10,,,0,,,0,X,,,,,,NA00,,,,,,,,,,,,2017,,,US00,,0,,0,0,0,,0,2,,,,,,,,,B,,,,0,,,,,0,0,0,,,,,0,,0,0,0,,,,,0,,,,0,0,0,,,,99,L,,125133,0,0,,0,,0,0,,,,,BLUEPAINT,,ME01,WE01,X,X,"1,394","13,940.00",S,,,0,,,0,,,,1,0,,,,,,,,,0,,,,,,,,,F,,,0,,WE,2/20/17,2/20/17,6:57:07 PM,GBI-044,,MIGO_GR,,0,,,,,,,12:00:00 AM,,,,,,,,,,,0,,,,,
375,5000001827,2017,1,1,0,0,0,101,,BLUEPAINT,SC00,RM00,,,,,,125136,,,0,0,,S,USD,980.00,0,980.00,,0,,101,L,101,L,101,L,4500000431,10,,,0,,,0,X,,,,,,NA00,,,,,,,,,,,,2017,,,US00,,0,,0,0,0,,0,2,,,,,,,,,B,,,,0,,,,,0,0,0,,,,,0,,0,0,0,,,,,0,,,,0,0,0,,,,98,L,,125136,0,0,,0,,0,0,,,,,BLUEPAINT,,ME01,WE01,X,X,"1,493","14,930.00",S,,,0,,,0,,,,1,0,,,,,,,,,0,,,,,,,,,F,,,0,,WE,2/20/17,2/20/17,6:57:34 PM,GBI-009,,MIGO_GR,,0,,,,,,,12:00:00 AM,,,,,,,,,,,0,,,,,
375,5000001828,2017,1,1,0,0,0,101,,BLUEPAINT,SC00,RM00,,,,,,125132,,,0,0,,S,USD,960.00,0,960.00,,0,,115,L,115,L,115,L,4500000429,10,,,0,,,0,X,,,,,,NA00,,,,,,,,,,,,2017,,,US00,,0,,0,0,0,,0,2,,,,,,,,,B,,,,0,,,,,0,0,0,,,,,0,,0,0,0,,,,,0,,,,0,0,0,,,,96,L,,125132,0,0,,0,,0,0,,,,,BLUEPAINT,,ME01,WE01,X,X,"1,591","15,910.00",S,,,0,,,0,,,,1,0,,,,,,,,,0,,,,,,,,,F,,,0,,WE,2/20/17,2/20/17,6:57:51 PM,GBI-053,,MIGO_GR,,0,,,,,,,12:00:00 AM,,,,,,,,,,,0,,,,,
375,5000001829,2017,1,1,0,0,0,101,,BLUEPAINT,SC00,RM00,,,,,,125133,,,0,0,,S,USD,1020.00,0,1020.00,,0,,593,L,593,L,593,L,4500000446,10,,,0,,,0,X,,,,,,NA00,,,,,,,,,,,,2017,,,US00,,0,,0,0,0,,0,2,,,,,,,,,B,,,,0,,,,,0,0,0,,,,,0,,0,0,0,,,,,0,,,,0,0,0,,,,102,L,,125133,0,0,,0,,0,0,,,,,BLUEPAINT,,ME01,WE01,X,X,"1,687","16,870.00",S,,,0,,,0,,,,1,0,,,,,,,,,0,,,,,,,,,F,,,0,,WE,2/20/17,2/20/17,6:58:25 PM,GBI-044,,MIGO_GR,,0,,,,,,,12:00:00 AM,,,,,,,,,,,0,,,,,
375,5000001830,2017,1,1,0,0,0,101,,BLUEPAINT,SC00,RM00,,,,,,125135,,,0,0,,S,USD,970.00,0,970.00,,0,,180,L,180,L,180,L,4500000441,10,,,0,,,0,X,,,,,,NA00,,,,,,,,,,,,2017,,,US00,,0,,0,0,0,,0,2,,,,,,,,,B,,,,0,,,,,0,0,0,,,,,0,,0,0,0,,,,,0,,,,0,0,0,,,,97,L,,125135,0,0,,0,,0,0,,,,,BLUEPAINT,,ME01,WE01,X,X,"1,789","17,890.00",S,,,0,,,0,,,,1,0,,,,,,,,,0,,,,,,,,,F,,,0,,WE,2/20/17,2/20/17,6:58:29 PM,GBI-054,,MIGO_GR,,0,,,,,,,12:00:00 AM,,,,,,,,,,,0,,,,,
375,5000001831,2017,1,1,0,0,0,101,,BLUEPAINT,SC00,RM00,,,,,,125135,,,0,0,,S,USD,990.00,0,990.00,,0,,82,L,82,L,82,L,4500000444,10,,,0,,,0,X,,,,,,NA00,,,,,,,,,,,,2017,,,US00,,0,,0,0,0,,0,2,,,,,,,,,B,,,,0,,,,,0,0,0,,,,,0,,0,0,0,,,,,0,,,,0,0,0,,,,99,L,,125135,0,0,,0,,0,0,,,,,BLUEPAINT,,ME01,WE01,X,X,"1,886","18,860.00",S,,,0,,,0,,,,1,0,,,,,,,,,0,,,,,,,,,F,,,0,,WE,2/20/17,2/20/17,6:59:25 PM,GBI-054,,MIGO_GR,,0,,,,,,,12:00:00 AM,,,,,,,,,,,0,,,,,
375,5000001832,2017,1,1,0,0,0,101,,BLUEPAINT,SC00,RM00,,,,,,125133,,,0,0,,S,USD,980.00,0,980.00,,0,,45,L,45,L,45,L,4500000447,10,,,0,,,0,X,,,,,,NA00,,,,,,,,,,,,2017,,,US00,,0,,0,0,0,,0,2,,,,,,,,,B,,,,0,,,,,0,0,0,,,,,0,,0,0,0,,,,,0,,,,0,0,0,,,,98,L,,125133,0,0,,0,,0,0,,,,,BLUEPAINT,,ME01,WE01,X,X,"1,985","19,850.00",S,,,0,,,0,,,,1,0,,,,,,,,,0,,,,,,,,,F,,,0,,WE,2/20/17,2/20/17,6:59:42 PM,GBI-044,,MIGO_GR,,0,,,,,,,12:00:00 AM,,,,,,,,,,,0,,,,,
375,5000001833,2017,1,1,0,0,0,101,,BLUEPAINT,SC00,RM00,,,,,,125105,,,0,0,,S,USD,62500.00,0,62500.00,,0,,686,L,686,L,686,L,4500000464,10,2017,1000000060,1,,,0,,,,,,,NA00,BI00,,NAIS1000,,,,,,,,,2017,,,US00,,0,,0,0,0,,0,2,,,,,,,,,B,V,,,0,,,,,0,0,0,,,,,0,,0,1,0,,,,,0,,,,0,0,0,,,770000,1,AU,,,0,0,,1,,0,0,,,,,,,ME02,WE06,,,0,0,,,,0,,,0,,,,1,0,,,,,,,,,0,,,,,,,,,F,,,0,,WE,2/20/17,2/20/17,7:37:42 PM,GBI-034,,ML81N,,0,,,,,,,12:00:00 AM,,,,,,,,,,,0,,,,,
375,5000001834,2017,1,1,0,0,0,101,,BLUEPAINT,SC00,RM00,,,,,,125107,,,0,0,,S,USD,111000.00,0,111000.00,,0,,796,L,796,L,796,L,4500000465,10,2017,1000000062,1,,,0,,,,,,,NA00,BI00,,NAIS1000,,,,,,,,,2017,,,US00,,0,,0,0,0,,0,2,,,,,,,,,B,V,,,0,,,,,0,0,0,,,,,0,,0,1,0,,,,,0,,,,0,0,0,,,770000,1,AU,,,0,0,,1,,0,0,,,,,,,ME02,WE06,,,0,0,,,,0,,,0,,,,1,0,,,,,,,,,0,,,,,,,,,F,,,0,,WE,2/20/17,2/20/17,7:54:29 PM,GBI-049,,ML81N,,0,,,,,,,12:00:00 AM,,,,,,,,,,,0,,,,,
375,5000001835,2017,1,1,0,0,0,101,,BLUEPAINT,SC00,RM00,,,,,,125107,,,0,0,,S,USD,74750.00,0,74750.00,,0,,958,L,958,L,958,L,4500000466,10,2017,1000000061,1,,,0,,,,,,,NA00,BI00,,NAIS1000,,,,,,,,,2017,,,US00,,0,,0,0,0,,0,2,,,,,,,,,B,V,,,0,,,,,0,0,0,,,,,0,,0,1,0,,,,,0,,,,0,0,0,,,770000,1,AU,,,0,0,,1,,0,0,,,,,,,ME02,WE06,,,0,0,,,,0,,,0,,,,1,0,,,,,,,,,0,,,,,,,,,F,,,0,,WE,2/20/17,2/20/17,7:55:08 PM,GBI-034,,ML81N,,0,,,,,,,12:00:00 AM,,,,,,,,,,,0,,,,,
375,5000001836,2017,1,1,0,0,0,101,,BLUEPAINT,SC00,RM00,,,,,,125107,,,0,0,,S,USD,48000.00,0,48000.00,,0,,708,L,708,L,708,L,4500000468,10,2017,1000000063,1,,,0,,,,,,,NA00,BI00,,NAIS1000,,,,,,,,,2017,,,US00,,0,,0,0,0,,0,2,,,,,,,,,B,V,,,0,,,,,0,0,0,,,,,0,,0,1,0,,,,,0,,,,0,0,0,,,770000,1,AU,,,0,0,,1,,0,0,,,,,,,ME02,WE06,,,0,0,,,,0,,,0,,,,1,0,,,,,,,,,0,,,,,,,,,F,,,0,,WE,2/20/17,2/20/17,8:22:37 PM,GBI-049,,ML81N,,0,,,,,,,12:00:00 AM,,,,,,,,,,,0,,,,,
375,5000001837,2017,1,1,0,0,0,101,,BLUEPAINT,SC00,RM00,,,,,,125107,,,0,0,,S,USD,66000.00,0,66000.00,,0,,771,L,771,L,771,L,4500000475,10,2017,1000000064,1,,,0,,,,,,,NA00,BI00,,NAIS1000,,,,,,,,,2017,,,US00,,0,,0,0,0,,0,2,,,,,,,,,B,V,,,0,,,,,0,0,0,,,,,0,,0,1,0,,,,,0,,,,0,0,0,,,770000,1,AU,,,0,0,,1,,0,0,,,,,,,ME02,WE06,,,0,0,,,,0,,,0,,,,1,0,,,,,,,,,0,,,,,,,,,F,,,0,,WE,2/20/17,2/20/17,8:33:50 PM,GBI-049,,ML81N,,0,,,,,,,12:00:00 AM,,,,,,,,,,,0,,,,,
375,5000001838,2017,1,1,0,0,0,101,,BLUEPAINT,SC00,RM00,,,,,,125107,,,0,0,,S,USD,87750.00,0,87750.00,,0,,227,L,227,L,227,L,4500000482,10,2017,1000000065,1,,,0,,,,,,,NA00,BI00,,NAIS1000,,,,,,,,,2017,,,US00,,0,,0,0,0,,0,2,,,,,,,,,B,V,,,0,,,,,0,0,0,,,,,0,,0,1,0,,,,,0,,,,0,0,0,,,770000,1,AU,,,0,0,,1,,0,0,,,,,,,ME02,WE06,,,0,0,,,,0,,,0,,,,1,0,,,,,,,,,0,,,,,,,,,F,,,0,,WE,2/20/17,2/20/17,8:46:38 PM,GBI-049,,ML81N,,0,,,,,,,12:00:00 AM,,,,,,,,,,,0,,,,,
375,5000001839,2017,1,1,0,0,0,101,,AAA LUBE,SC00,RM00,,,,,,125021,,,0,0,,S,USD,75000.00,0,75000.00,,0,,23,DR,23,DR,23,DR,4500000484,10,,,0,,,0,X,,,,,,NA00,,,,,,,,,,,,2017,,,US00,,0,,0,0,0,,0,2,,,,,,,,,B,,,,0,,,,,0,0,0,,,,,0,,0,0,0,,,,,0,,,,0,0,0,,,,5,DR,,125021,0,0,,0,,0,0,,,,,AAA LUBE,,ME01,WE01,X,X,0,0,S,,,0,,,0,,,,1,0,,,,,,,,,0,,,,,,,,,F,,,0,,WE,2/20/17,2/20/17,10:42:51 PM,GBI-041,,MIGO_GR,,0,,,,,,,12:00:00 AM,,,,,,,,,,,0,,,,,
375,5000001840,2017,1,1,0,0,0,101,,AAA LUBE,SC00,RM00,,,,,,125021,,,0,0,,S,USD,45000.00,0,45000.00,,0,,4,DR,4,DR,4,DR,4500000483,10,,,0,,,0,X,,,,,,NA00,,,,,,,,,,,,2017,,,US00,,0,,0,0,0,,0,2,,,,,,,,,B,,,,0,,,,,0,0,0,,,,,0,,0,0,0,,,,,0,,,,0,0,0,,,,3,DR,,125021,0,0,,0,,0,0,,,,,AAA LUBE,,ME01,WE01,X,X,5,"75,000.00",S,,,0,,,0,,,,1,0,,,,,,,,,0,,,,,,,,,F,,,0,,WE,2/20/17,2/20/17,10:43:23 PM,GBI-047,,MIGO_GR,,0,,,,,,,12:00:00 AM,,,,,,,,,,,0,,,,,
375,5000001841,2017,1,1,0,0,0,101,,AAA LUBE,SC00,RM00,,,,,,125021,,,0,0,,S,USD,90000.00,0,90000.00,,0,,7,DR,7,DR,7,DR,4500000467,10,,,0,,,0,X,,,,,,NA00,,,,,,,,,,,,2017,,,US00,,0,,0,0,0,,0,2,,,,,,,,,B,,,,0,,,,,0,0,0,,,,,0,,0,0,0,,,,,0,,,,0,0,0,,,,6,DR,,125021,0,0,,0,,0,0,,,,,AAA LUBE,,ME01,WE01,X,X,8,"120,000.00",S,,,0,,,0,,,,1,0,,,,,,,,,0,,,,,,,,,2,,,0,,WE,2/20/17,2/20/17,10:43:25 PM,GBI-052,,MIGO_GR,,0,,,,,,,12:00:00 AM,,,,,,,,,,,0,,,,,
375,5000001842,2017,1,1,0,0,0,101,,AAA LUBE,SC00,RM00,,,,,,125021,,,0,0,,S,USD,90000.00,0,90000.00,,0,,11,DR,11,DR,11,DR,4500000485,10,,,0,,,0,X,,,,,,NA00,,,,,,,,,,,,2017,,,US00,,0,,0,0,0,,0,2,,,,,,,,,B,,,,0,,,,,0,0,0,,,,,0,,0,0,0,,,,,0,,,,0,0,0,,,,6,DR,,125021,0,0,,0,,0,0,,,,,AAA LUBE,,ME01,WE01,X,X,14,"210,000.00",S,,,0,,,0,,,,1,0,,,,,,,,,0,,,,,,,,,F,,,0,,WE,2/20/17,2/20/17,10:43:52 PM,GBI-047,,MIGO_GR,,0,,,,,,,12:00:00 AM,,,,,,,,,,,0,,,,,
375,5000001843,2017,1,1,0,0,0,101,,AAA LUBE,SC00,RM00,,,,,,125021,,,0,0,,S,USD,105000.00,0,105000.00,,0,,5,DR,5,DR,5,DR,4500000486,10,,,0,,,0,X,,,,,,NA00,,,,,,,,,,,,2017,,,US00,,0,,0,0,0,,0,2,,,,,,,,,B,,,,0,,,,,0,0,0,,,,,0,,0,0,0,,,,,0,,,,0,0,0,,,,7,DR,,125021,0,0,,0,,0,0,,,,,AAA LUBE,,ME01,WE01,X,X,20,"300,000.00",S,,,0,,,0,,,,1,0,,,,,,,,,0,,,,,,,,,F,,,0,,WE,2/20/17,2/20/17,10:44:29 PM,GBI-047,,MIGO_GR,,0,,,,,,,12:00:00 AM,,,,,,,,,,,0,,,,,
375,5000001844,2017,1,1,0,0,0,101,,AAA LUBE,SC00,RM00,,,,,,125021,,,0,0,,S,USD,30000.00,0,30000.00,,0,,11,DR,11,DR,11,DR,4500000487,10,,,0,,,0,X,,,,,,NA00,,,,,,,,,,,,2017,,,US00,,0,,0,0,0,,0,2,,,,,,,,,B,,,,0,,,,,0,0,0,,,,,0,,0,0,0,,,,,0,,,,0,0,0,,,,2,DR,,125021,0,0,,0,,0,0,,,,,AAA LUBE,,ME01,WE01,X,X,27,"405,000.00",S,,,0,,,0,,,,1,0,,,,,,,,,0,,,,,,,,,F,,,0,,WE,2/20/17,2/20/17,10:45:16 PM,GBI-047,,MIGO_GR,,0,,,,,,,12:00:00 AM,,,,,,,,,,,0,,,,,
375,5000001845,2017,1,1,0,0,0,101,,AAA LUBE,SC00,RM00,,,,,,125021,,,0,0,,S,USD,75000.00,0,75000.00,,0,,25,DR,25,DR,25,DR,4500000470,10,,,0,,,0,X,,,,,,NA00,,,,,,,,,,,,2017,,,US00,,0,,0,0,0,,0,2,,,,,,,,,B,,,,0,,,,,0,0,0,,,,,0,,0,0,0,,,,,0,,,,0,0,0,,,,5,DR,,125021,0,0,,0,,0,0,,,,,AAA LUBE,,ME01,WE01,X,X,29,"435,000.00",S,,,0,,,0,,,,1,0,,,,,,,,,0,,,,,,,,,2,,,0,,WE,2/20/17,2/20/17,10:45:26 PM,GBI-052,,MIGO_GR,,0,,,,,,,12:00:00 AM,,,,,,,,,,,0,,,,,
375,5000001846,2017,1,1,0,0,0,101,,AAA LUBE,SC00,RM00,,,,,,125021,,,0,0,,S,USD,15000.00,0,15000.00,,0,,21,DR,21,DR,21,DR,4500000488,10,,,0,,,0,X,,,,,,NA00,,,,,,,,,,,,2017,,,US00,,0,,0,0,0,,0,2,,,,,,,,,B,,,,0,,,,,0,0,0,,,,,0,,0,0,0,,,,,0,,,,0,0,0,,,,1,DR,,125021,0,0,,0,,0,0,,,,,AAA LUBE,,ME01,WE01,X,X,34,"510,000.00",S,,,0,,,0,,,,1,0,,,,,,,,,0,,,,,,,,,F,,,0,,WE,2/20/17,2/20/17,10:46:06 PM,GBI-047,,MIGO_GR,,0,,,,,,,12:00:00 AM,,,,,,,,,,,0,,,,,
375,5000001847,2017,1,1,0,0,0,101,,AAA LUBE,SC00,RM00,,,,,,125021,,,0,0,,S,USD,120000.00,0,120000.00,,0,,8,DR,8,DR,8,DR,4500000473,10,,,0,,,0,X,,,,,,NA00,,,,,,,,,,,,2017,,,US00,,0,,0,0,0,,0,2,,,,,,,,,B,,,,0,,,,,0,0,0,,,,,0,,0,0,0,,,,,0,,,,0,0,0,,,,8,DR,,125021,0,0,,0,,0,0,,,,,AAA LUBE,,ME01,WE01,X,X,35,"525,000.00",S,,,0,,,0,,,,1,0,,,,,,,,,0,,,,,,,,,2,,,0,,WE,2/20/17,2/20/17,10:46:19 PM,GBI-052,,MIGO_GR,,0,,,,,,,12:00:00 AM,,,,,,,,,,,0,,,,,
375,5000001848,2017,1,1,0,0,0,101,,AAA LUBE,SC00,RM00,,,,,,125021,,,0,0,,S,USD,90000.00,0,90000.00,,0,,4,DR,4,DR,4,DR,4500000469,10,,,0,,,0,X,,,,,,NA00,,,,,,,,,,,,2017,,,US00,,0,,0,0,0,,0,2,,,,,,,,,B,,,,0,,,,,0,0,0,,,,,0,,0,0,0,,,,,0,,,,0,0,0,,,,6,DR,,125021,0,0,,0,,0,0,,,,,AAA LUBE,,ME01,WE01,X,X,43,"645,000.00",S,,,0,,,0,,,,1,0,,,,,,,,,0,,,,,,,,,F,,,0,,WE,2/20/17,2/20/17,10:46:48 PM,GBI-056,,MIGO_GR,,0,,,,,,,12:00:00 AM,,,,,,,,,,,0,,,,,
375,5000001849,2017,1,1,0,0,0,101,,AAA LUBE,SC00,RM00,,,,,,125021,,,0,0,,S,USD,45000.00,0,45000.00,,0,,15,DR,15,DR,15,DR,4500000476,10,,,0,,,0,X,,,,,,NA00,,,,,,,,,,,,2017,,,US00,,0,,0,0,0,,0,2,,,,,,,,,B,,,,0,,,,,0,0,0,,,,,0,,0,0,0,,,,,0,,,,0,0,0,,,,3,DR,,125021,0,0,,0,,0,0,,,,,AAA LUBE,,ME01,WE01,X,X,49,"735,000.00",S,,,0,,,0,,,,1,0,,,,,,,,,0,,,,,,,,,2,,,0,,WE,2/20/17,2/20/17,10:46:52 PM,GBI-052,,MIGO_GR,,0,,,,,,,12:00:00 AM,,,,,,,,,,,0,,,,,
375,5000001850,2017,1,1,0,0,0,101,,AAA LUBE,SC00,RM00,,,,,,125021,,,0,0,,S,USD,75000.00,0,75000.00,,0,,24,DR,24,DR,24,DR,4500000479,10,,,0,,,0,X,,,,,,NA00,,,,,,,,,,,,2017,,,US00,,0,,0,0,0,,0,2,,,,,,,,,B,,,,0,,,,,0,0,0,,,,,0,,0,0,0,,,,,0,,,,0,0,0,,,,5,DR,,125021,0,0,,0,,0,0,,,,,AAA LUBE,,ME01,WE01,X,X,52,"780,000.00",S,,,0,,,0,,,,1,0,,,,,,,,,0,,,,,,,,,2,,,0,,WE,2/20/17,2/20/17,10:47:28 PM,GBI-052,,MIGO_GR,,0,,,,,,,12:00:00 AM,,,,,,,,,,,0,,,,,
375,5000001851,2017,1,1,0,0,0,101,,AAA LUBE,SC00,RM00,,,,,,125021,,,0,0,,S,USD,135000.00,0,135000.00,,0,,10,DR,10,DR,10,DR,4500000471,10,,,0,,,0,X,,,,,,NA00,,,,,,,,,,,,2017,,,US00,,0,,0,0,0,,0,2,,,,,,,,,B,,,,0,,,,,0,0,0,,,,,0,,0,0,0,,,,,0,,,,0,0,0,,,,9,DR,,125021,0,0,,0,,0,0,,,,,AAA LUBE,,ME01,WE01,X,X,57,"855,000.00",S,,,0,,,0,,,,1,0,,,,,,,,,0,,,,,,,,,F,,,0,,WE,2/20/17,2/20/17,10:47:58 PM,GBI-056,,MIGO_GR,,0,,,,,,,12:00:00 AM,,,,,,,,,,,0,,,,,
375,5000001852,2017,1,1,0,0,0,101,,AAA LUBE,SC00,RM00,,,,,,125021,,,0,0,,S,USD,75000.00,0,75000.00,,0,,8,DR,8,DR,8,DR,4500000418,10,,,0,,,0,X,,,,,,NA00,,,,,,,,,,,,2017,,,US00,,0,,0,0,0,,0,2,,,,,,,,,B,,,,0,,,,,0,0,0,,,,,0,,0,0,0,,,,,0,,,,0,0,0,,,,5,DR,,125021,0,0,,0,,0,0,,,,,AAA LUBE,,ME01,WE01,X,X,66,"990,000.00",S,,,0,,,0,,,,1,0,,,,,,,,,0,,,,,,,,,F,,,0,,WE,2/20/17,2/20/17,10:47:59 PM,GBI-047,,MIGO_GR,,0,,,,,,,12:00:00 AM,,,,,,,,,,,0,,,,,
375,5000001853,2017,1,1,0,0,0,101,,AAA LUBE,SC00,RM00,,,,,,125021,,,0,0,,S,USD,60000.00,0,60000.00,,0,,6,DR,6,DR,6,DR,4500000422,10,,,0,,,0,X,,,,,,NA00,,,,,,,,,,,,2017,,,US00,,0,,0,0,0,,0,2,,,,,,,,,B,,,,0,,,,,0,0,0,,,,,0,,0,0,0,,,,,0,,,,0,0,0,,,,4,DR,,125021,0,0,,0,,0,0,,,,,AAA LUBE,,ME01,WE01,X,X,71,"1,065,000.00",S,,,0,,,0,,,,1,0,,,,,,,,,0,,,,,,,,,F,,,0,,WE,2/20/17,2/20/17,10:47:59 PM,GBI-052,,MIGO_GR,,0,,,,,,,12:00:00 AM,,,,,,,,,,,0,,,,,
375,5000001854,2017,1,1,0,0,0,101,,AAA LUBE,SC00,RM00,,,,,,125021,,,0,0,,S,USD,75000.00,0,75000.00,,0,,18,DR,18,DR,18,DR,4500000421,10,,,0,,,0,X,,,,,,NA00,,,,,,,,,,,,2017,,,US00,,0,,0,0,0,,0,2,,,,,,,,,B,,,,0,,,,,0,0,0,,,,,0,,0,0,0,,,,,0,,,,0,0,0,,,,5,DR,,125021,0,0,,0,,0,0,,,,,AAA LUBE,,ME01,WE01,X,X,75,"1,125,000.00",S,,,0,,,0,,,,1,0,,,,,,,,,0,,,,,,,,,F,,,0,,WE,2/20/17,2/20/17,10:48:26 PM,GBI-052,,MIGO_GR,,0,,,,,,,12:00:00 AM,,,,,,,,,,,0,,,,,
375,5000001855,2017,1,1,0,0,0,101,,AAA LUBE,SC00,RM00,,,,,,125021,,,0,0,,S,USD,30000.00,0,30000.00,,0,,18,DR,18,DR,18,DR,4500000472,10,,,0,,,0,X,,,,,,NA00,,,,,,,,,,,,2017,,,US00,,0,,0,0,0,,0,2,,,,,,,,,B,,,,0,,,,,0,0,0,,,,,0,,0,0,0,,,,,0,,,,0,0,0,,,,2,DR,,125021,0,0,,0,,0,0,,,,,AAA LUBE,,ME01,WE01,X,X,80,"1,200,000.00",S,,,0,,,0,,,,1,0,,,,,,,,,0,,,,,,,,,F,,,0,,WE,2/20/17,2/20/17,10:48:46 PM,GBI-056,,MIGO_GR,,0,,,,,,,12:00:00 AM,,,,,,,,,,,0,,,,,
375,5000001856,2017,1,1,0,0,0,101,,AAA LUBE,SC00,RM00,,,,,,125021,,,0,0,,S,USD,75000.00,0,75000.00,,0,,14,DR,14,DR,14,DR,4500000419,10,,,0,,,0,X,,,,,,NA00,,,,,,,,,,,,2017,,,US00,,0,,0,0,0,,0,2,,,,,,,,,B,,,,0,,,,,0,0,0,,,,,0,,0,0,0,,,,,0,,,,0,0,0,,,,5,DR,,125021,0,0,,0,,0,0,,,,,AAA LUBE,,ME01,WE01,X,X,82,"1,230,000.00",S,,,0,,,0,,,,1,0,,,,,,,,,0,,,,,,,,,F,,,0,,WE,2/20/17,2/20/17,10:48:56 PM,GBI-047,,MIGO_GR,,0,,,,,,,12:00:00 AM,,,,,,,,,,,0,,,,,
375,5000001857,2017,1,1,0,0,0,101,,AAA LUBE,SC00,RM00,,,,,,125021,,,0,0,,S,USD,75000.00,0,75000.00,,0,,16,DR,16,DR,16,DR,4500000420,10,,,0,,,0,X,,,,,,NA00,,,,,,,,,,,,2017,,,US00,,0,,0,0,0,,0,2,,,,,,,,,B,,,,0,,,,,0,0,0,,,,,0,,0,0,0,,,,,0,,,,0,0,0,,,,5,DR,,125021,0,0,,0,,0,0,,,,,AAA LUBE,,ME01,WE01,X,X,87,"1,305,000.00",S,,,0,,,0,,,,1,0,,,,,,,,,0,,,,,,,,,F,,,0,,WE,2/20/17,2/20/17,10:49:05 PM,GBI-052,,MIGO_GR,,0,,,,,,,12:00:00 AM,,,,,,,,,,,0,,,,,
375,5000001858,2017,1,1,0,0,0,101,,AAA LUBE,SC00,RM00,,,,,,125021,,,0,0,,S,USD,90000.00,0,90000.00,,0,,19,DR,19,DR,19,DR,4500000489,10,,,0,,,0,X,,,,,,NA00,,,,,,,,,,,,2017,,,US00,,0,,0,0,0,,0,2,,,,,,,,,B,,,,0,,,,,0,0,0,,,,,0,,0,0,0,,,,,0,,,,0,0,0,,,,6,DR,,125021,0,0,,0,,0,0,,,,,AAA LUBE,,ME01,WE01,X,X,92,"1,380,000.00",S,,,0,,,0,,,,1,0,,,,,,,,,0,,,,,,,,,F,,,0,,WE,2/20/17,2/20/17,10:49:58 PM,GBI-041,,MIGO_GR,,0,,,,,,,12:00:00 AM,,,,,,,,,,,0,,,,,
375,5000001859,2017,1,1,0,0,0,101,,AAA LUBE,SC00,RM00,,,,,,125021,,,0,0,,S,USD,45000.00,0,45000.00,,0,,20,DR,20,DR,20,DR,4500000474,10,,,0,,,0,X,,,,,,NA00,,,,,,,,,,,,2017,,,US00,,0,,0,0,0,,0,2,,,,,,,,,B,,,,0,,,,,0,0,0,,,,,0,,0,0,0,,,,,0,,,,0,0,0,,,,3,DR,,125021,0,0,,0,,0,0,,,,,AAA LUBE,,ME01,WE01,X,X,98,"1,470,000.00",S,,,0,,,0,,,,1,0,,,,,,,,,0,,,,,,,,,F,,,0,,WE,2/20/17,2/20/17,10:50:21 PM,GBI-056,,MIGO_GR,,0,,,,,,,12:00:00 AM,,,,,,,,,,,0,,,,,
375,5000001860,2017,1,1,0,0,0,101,,AAA LUBE,SC00,RM00,,,,,,125021,,,0,0,,S,USD,75000.00,0,75000.00,,0,,10,DR,10,DR,10,DR,4500000490,10,,,0,,,0,X,,,,,,NA00,,,,,,,,,,,,2017,,,US00,,0,,0,0,0,,0,2,,,,,,,,,B,,,,0,,,,,0,0,0,,,,,0,,0,0,0,,,,,0,,,,0,0,0,,,,5,DR,,125021,0,0,,0,,0,0,,,,,AAA LUBE,,ME01,WE01,X,X,101,"1,515,000.00",S,,,0,,,0,,,,1,0,,,,,,,,,0,,,,,,,,,F,,,0,,WE,2/20/17,2/20/17,10:51:01 PM,GBI-041,,MIGO_GR,,0,,,,,,,12:00:00 AM,,,,,,,,,,,0,,,,,
375,5000001861,2017,1,1,0,0,0,101,,AAA LUBE,SC00,RM00,,,,,,125021,,,0,0,,S,USD,75000.00,0,75000.00,,0,,21,DR,21,DR,21,DR,4500000477,10,,,0,,,0,X,,,,,,NA00,,,,,,,,,,,,2017,,,US00,,0,,0,0,0,,0,2,,,,,,,,,B,,,,0,,,,,0,0,0,,,,,0,,0,0,0,,,,,0,,,,0,0,0,,,,5,DR,,125021,0,0,,0,,0,0,,,,,AAA LUBE,,ME01,WE01,X,X,106,"1,590,000.00",S,,,0,,,0,,,,1,0,,,,,,,,,0,,,,,,,,,F,,,0,,WE,2/20/17,2/20/17,10:51:20 PM,GBI-056,,MIGO_GR,,0,,,,,,,12:00:00 AM,,,,,,,,,,,0,,,,,
375,5000001862,2017,1,1,0,0,0,101,,AAA LUBE,SC00,RM00,,,,,,125021,,,0,0,,S,USD,90000.00,0,90000.00,,0,,10,DR,10,DR,10,DR,4500000491,10,,,0,,,0,X,,,,,,NA00,,,,,,,,,,,,2017,,,US00,,0,,0,0,0,,0,2,,,,,,,,,B,,,,0,,,,,0,0,0,,,,,0,,0,0,0,,,,,0,,,,0,0,0,,,,6,DR,,125021,0,0,,0,,0,0,,,,,AAA LUBE,,ME01,WE01,X,X,111,"1,665,000.00",S,,,0,,,0,,,,1,0,,,,,,,,,0,,,,,,,,,F,,,0,,WE,2/20/17,2/20/17,10:53:08 PM,GBI-041,,MIGO_GR,,0,,,,,,,12:00:00 AM,,,,,,,,,,,0,,,,,
375,5000001863,2017,1,1,0,0,0,101,,AAA LUBE,SC00,RM00,,,,,,125021,,,0,0,,S,USD,75000.00,0,75000.00,,0,,6,DR,6,DR,6,DR,4500000492,10,,,0,,,0,X,,,,,,NA00,,,,,,,,,,,,2017,,,US00,,0,,0,0,0,,0,2,,,,,,,,,B,,,,0,,,,,0,0,0,,,,,0,,0,0,0,,,,,0,,,,0,0,0,,,,5,DR,,125021,0,0,,0,,0,0,,,,,AAA LUBE,,ME01,WE01,X,X,117,"1,755,000.00",S,,,0,,,0,,,,1,0,,,,,,,,,0,,,,,,,,,F,,,0,,WE,2/20/17,2/20/17,10:55:39 PM,GBI-041,,MIGO_GR,,0,,,,,,,12:00:00 AM,,,,,,,,,,,0,,,,,
375,5000001864,2017,1,1,0,0,0,101,,BLUEPAINT,SC00,RM00,,,,,,125131,,,0,0,,S,USD,1020.00,0,1020.00,,0,,521,L,521,L,521,L,4500000432,10,,,0,,,0,X,,,,,,NA00,,,,,,,,,,,,2017,,,US00,,0,,0,0,0,,0,2,,,,,,,,,B,,,,0,,,,,0,0,0,,,,,0,,0,0,0,,,,,0,,,,0,0,0,,,,102,L,,125131,0,0,,0,,0,0,,,,,BLUEPAINT,,ME01,WE01,X,X,"2,083","20,830.00",S,,,0,,,0,,,,1,0,,,,,,,,,0,,,,,,,,,F,,,0,,WE,2/20/17,2/20/17,11:00:10 PM,GBI-045,,MIGO_GR,,0,,,,,,,12:00:00 AM,,,,,,,,,,,0,,,,,
375,5000001865,2017,1,1,0,0,0,101,,BLUEPAINT,SC00,RM00,,,,,,125131,,,0,0,,S,USD,1030.00,0,1030.00,,0,,763,L,763,L,763,L,4500000436,10,,,0,,,0,X,,,,,,NA00,,,,,,,,,,,,2017,,,US00,,0,,0,0,0,,0,2,,,,,,,,,B,,,,0,,,,,0,0,0,,,,,0,,0,0,0,,,,,0,,,,0,0,0,,,,103,L,,125131,0,0,,0,,0,0,,,,,BLUEPAINT,,ME01,WE01,X,X,"2,185","21,850.00",S,,,0,,,0,,,,1,0,,,,,,,,,0,,,,,,,,,F,,,0,,WE,2/20/17,2/20/17,11:01:29 PM,GBI-045,,MIGO_GR,,0,,,,,,,12:00:00 AM,,,,,,,,,,,0,,,,,
375,5000001866,2017,1,1,0,0,0,101,,BLUEPAINT,SC00,RM00,,,,,,125131,,,0,0,,S,USD,970.00,0,970.00,,0,,375,L,375,L,375,L,4500000440,10,,,0,,,0,X,,,,,,NA00,,,,,,,,,,,,2017,,,US00,,0,,0,0,0,,0,2,,,,,,,,,B,,,,0,,,,,0,0,0,,,,,0,,0,0,0,,,,,0,,,,0,0,0,,,,97,L,,125131,0,0,,0,,0,0,,,,,BLUEPAINT,,ME01,WE01,X,X,"2,288","22,880.00",S,,,0,,,0,,,,1,0,,,,,,,,,0,,,,,,,,,F,,,0,,WE,2/20/17,2/20/17,11:02:22 PM,GBI-045,,MIGO_GR,,0,,,,,,,12:00:00 AM,,,,,,,,,,,0,,,,,
375,5000001867,2017,1,1,0,0,0,101,,BLUEPAINT,SC00,RM00,,,,,,125131,,,0,0,,S,USD,1000.00,0,1000.00,,0,,324,L,324,L,324,L,4500000443,10,,,0,,,0,X,,,,,,NA00,,,,,,,,,,,,2017,,,US00,,0,,0,0,0,,0,2,,,,,,,,,B,,,,0,,,,,0,0,0,,,,,0,,0,0,0,,,,,0,,,,0,0,0,,,,100,L,,125131,0,0,,0,,0,0,,,,,BLUEPAINT,,ME01,WE01,X,X,"2,385","23,850.00",S,,,0,,,0,,,,1,0,,,,,,,,,0,,,,,,,,,F,,,0,,WE,2/20/17,2/20/17,11:03:06 PM,GBI-045,,MIGO_GR,,0,,,,,,,12:00:00 AM,,,,,,,,,,,0,,,,,
375,5000001868,2017,1,1,0,0,0,101,,BLUEPAINT,SC00,RM00,,,,,,125133,,,0,0,,S,USD,1010.00,0,1010.00,,0,,523,L,523,L,523,L,4500000493,10,,,0,,,0,X,,,,,,NA00,,,,,,,,,,,,2017,,,US00,,0,,0,0,0,,0,2,,,,,,,,,B,,,,0,,,,,0,0,0,,,,,0,,0,0,0,,,,,0,,,,0,0,0,,,,101,L,,125133,0,0,,0,,0,0,,,,,BLUEPAINT,,ME01,WE01,X,X,"2,485","24,850.00",S,,,0,,,0,,,,1,0,,,,,,,,,0,,,,,,,,,F,,,0,,WE,2/21/17,2/21/17,10:33:19 AM,GBI-044,,MIGO_GR,,0,,,,,,,12:00:00 AM,,,,,,,,,,,0,,,,,
375,5000001869,2017,1,1,0,0,0,101,,BLUEPAINT,SC00,RM00,,,,,,125133,,,0,0,,S,USD,1000.00,0,1000.00,,0,,247,L,247,L,247,L,4500000494,10,,,0,,,0,X,,,,,,NA00,,,,,,,,,,,,2017,,,US00,,0,,0,0,0,,0,2,,,,,,,,,B,,,,0,,,,,0,0,0,,,,,0,,0,0,0,,,,,0,,,,0,0,0,,,,100,L,,125133,0,0,,0,,0,0,,,,,BLUEPAINT,,ME01,WE01,X,X,"2,586","25,860.00",S,,,0,,,0,,,,1,0,,,,,,,,,0,,,,,,,,,F,,,0,,WE,2/21/17,2/21/17,10:34:10 AM,GBI-044,,MIGO_GR,,0,,,,,,,12:00:00 AM,,,,,,,,,,,0,,,,,
375,5000001870,2017,1,1,0,0,0,101,,BLUEPAINT,SC00,RM00,,,,,,125133,,,0,0,,S,USD,990.00,0,990.00,,0,,982,L,982,L,982,L,4500000495,10,,,0,,,0,X,,,,,,NA00,,,,,,,,,,,,2017,,,US00,,0,,0,0,0,,0,2,,,,,,,,,B,,,,0,,,,,0,0,0,,,,,0,,0,0,0,,,,,0,,,,0,0,0,,,,99,L,,125133,0,0,,0,,0,0,,,,,BLUEPAINT,,ME01,WE01,X,X,"2,686","26,860.00",S,,,0,,,0,,,,1,0,,,,,,,,,0,,,,,,,,,F,,,0,,WE,2/21/17,2/21/17,10:35:38 AM,GBI-044,,MIGO_GR,,0,,,,,,,12:00:00 AM,,,,,,,,,,,0,,,,,
375,5000001871,2017,1,1,0,0,0,101,,BLUEPAINT,SC00,RM00,,,,,,125133,,,0,0,,S,USD,1020.00,0,1020.00,,0,,76,L,76,L,76,L,4500000496,10,,,0,,,0,X,,,,,,NA00,,,,,,,,,,,,2017,,,US00,,0,,0,0,0,,0,2,,,,,,,,,B,,,,0,,,,,0,0,0,,,,,0,,0,0,0,,,,,0,,,,0,0,0,,,,102,L,,125133,0,0,,0,,0,0,,,,,BLUEPAINT,,ME01,WE01,X,X,"2,785","27,850.00",S,,,0,,,0,,,,1,0,,,,,,,,,0,,,,,,,,,F,,,0,,WE,2/21/17,2/21/17,10:36:15 AM,GBI-044,,MIGO_GR,,0,,,,,,,12:00:00 AM,,,,,,,,,,,0,,,,,
375,5000001872,2017,1,1,0,0,0,101,,BLUEPAINT,SC00,RM00,,,,,,125133,,,0,0,,S,USD,980.00,0,980.00,,0,,227,L,227,L,227,L,4500000497,10,,,0,,,0,X,,,,,,NA00,,,,,,,,,,,,2017,,,US00,,0,,0,0,0,,0,2,,,,,,,,,B,,,,0,,,,,0,0,0,,,,,0,,0,0,0,,,,,0,,,,0,0,0,,,,98,L,,125133,0,0,,0,,0,0,,,,,BLUEPAINT,,ME01,WE01,X,X,"2,887","28,870.00",S,,,0,,,0,,,,1,0,,,,,,,,,0,,,,,,,,,F,,,0,,WE,2/21/17,2/21/17,10:36:50 AM,GBI-044,,MIGO_GR,,0,,,,,,,12:00:00 AM,,,,,,,,,,,0,,,,,
375,5000001873,2017,1,1,0,0,0,101,,AAA LUBE,SC00,RM00,,,,,,125021,,,0,0,,S,USD,75000.00,0,75000.00,,0,,20,DR,20,DR,20,DR,4500000498,10,,,0,,,0,X,,,,,,NA00,,,,,,,,,,,,2017,,,US00,,0,,0,0,0,,0,2,,,,,,,,,B,,,,0,,,,,0,0,0,,,,,0,,0,0,0,,,,,0,,,,0,0,0,,,,5,DR,,125021,0,0,,0,,0,0,,,,,AAA LUBE,,ME01,WE01,X,X,122,"1,830,000.00",S,,,0,,,0,,,,1,0,,,,,,,,,0,,,,,,,,,F,,,0,,WE,2/21/17,2/21/17,3:30:07 PM,GBI-030,,MIGO_GR,,0,,,,,,,12:00:00 AM,,,,,,,,,,,0,,,,,
375,5000001874,2017,1,1,0,0,0,101,,AAA LUBE,SC00,RM00,,,,,,125021,,,0,0,,S,USD,60000.00,0,60000.00,,0,,6,DR,6,DR,6,DR,4500000499,10,,,0,,,0,X,,,,,,NA00,,,,,,,,,,,,2017,,,US00,,0,,0,0,0,,0,2,,,,,,,,,B,,,,0,,,,,0,0,0,,,,,0,,0,0,0,,,,,0,,,,0,0,0,,,,4,DR,,125021,0,0,,0,,0,0,,,,,AAA LUBE,,ME01,WE01,X,X,127,"1,905,000.00",S,,,0,,,0,,,,1,0,,,,,,,,,0,,,,,,,,,F,,,0,,WE,2/21/17,2/21/17,3:30:35 PM,GBI-030,,MIGO_GR,,0,,,,,,,12:00:00 AM,,,,,,,,,,,0,,,,,
375,5000001875,2017,1,1,0,0,0,101,,AAA LUBE,SC00,RM00,,,,,,125021,,,0,0,,S,USD,150000.00,0,150000.00,,0,,8,DR,8,DR,8,DR,4500000500,10,,,0,,,0,X,,,,,,NA00,,,,,,,,,,,,2017,,,US00,,0,,0,0,0,,0,2,,,,,,,,,B,,,,0,,,,,0,0,0,,,,,0,,0,0,0,,,,,0,,,,0,0,0,,,,10,DR,,125021,0,0,,0,,0,0,,,,,AAA LUBE,,ME01,WE01,X,X,131,"1,965,000.00",S,,,0,,,0,,,,1,0,,,,,,,,,0,,,,,,,,,2,,,0,,WE,2/21/17,2/21/17,3:31:05 PM,GBI-030,,MIGO_GR,,0,,,,,,,12:00:00 AM,,,,,,,,,,,0,,,,,
375,5000001876,2017,1,1,0,0,0,101,,AAA LUBE,SC00,RM00,,,,,,125021,,,0,0,,S,USD,75000.00,0,75000.00,,0,,19,DR,19,DR,19,DR,4500000501,10,,,0,,,0,X,,,,,,NA00,,,,,,,,,,,,2017,,,US00,,0,,0,0,0,,0,2,,,,,,,,,B,,,,0,,,,,0,0,0,,,,,0,,0,0,0,,,,,0,,,,0,0,0,,,,5,DR,,125021,0,0,,0,,0,0,,,,,AAA LUBE,,ME01,WE01,X,X,141,"2,115,000.00",S,,,0,,,0,,,,1,0,,,,,,,,,0,,,,,,,,,F,,,0,,WE,2/21/17,2/21/17,3:31:36 PM,GBI-030,,MIGO_GR,,0,,,,,,,12:00:00 AM,,,,,,,,,,,0,,,,,
375,5000001877,2017,1,1,0,0,0,101,,AAA LUBE,SC00,RM00,,,,,,125021,,,0,0,,S,USD,105000.00,0,105000.00,,0,,9,DR,9,DR,9,DR,4500000502,10,,,0,,,0,X,,,,,,NA00,,,,,,,,,,,,2017,,,US00,,0,,0,0,0,,0,2,,,,,,,,,B,,,,0,,,,,0,0,0,,,,,0,,0,0,0,,,,,0,,,,0,0,0,,,,7,DR,,125021,0,0,,0,,0,0,,,,,AAA LUBE,,ME01,WE01,X,X,146,"2,190,000.00",S,,,0,,,0,,,,1,0,,,,,,,,,0,,,,,,,,,F,,,0,,WE,2/21/17,2/21/17,3:31:59 PM,GBI-030,,MIGO_GR,,0,,,,,,,12:00:00 AM,,,,,,,,,,,0,,,,,
375,5000001878,2017,1,1,0,0,0,101,,BLUEPAINT,SC00,RM00,,,,,,125134,,,0,0,,S,USD,950.00,0,950.00,,0,,1084,L,1084,L,1084,L,4500000508,10,,,0,,,0,X,,,,,,NA00,,,,,,,,,,,,2017,,,US00,,0,,0,0,0,,0,2,,,,,,,,,B,,,,0,,,,,0,0,0,,,,,0,,0,0,0,,,,,0,,,,0,0,0,,,,95,L,,125134,0,0,,0,,0,0,,,,,BLUEPAINT,,ME01,WE01,X,X,"2,985","29,850.00",S,,,0,,,0,,,,1,0,,,,,,,,,0,,,,,,,,,F,,,0,,WE,2/21/17,2/21/17,7:14:40 PM,GBI-063,,MIGO_GR,,0,,,,,,,12:00:00 AM,,,,,,,,,,,0,,,,,
375,5000001879,2017,1,1,0,0,0,101,,BLUEPAINT,SC00,RM00,,,,,,125134,,,0,0,,S,USD,1020.00,0,1020.00,,0,,67,L,67,L,67,L,4500000509,10,,,0,,,0,X,,,,,,NA00,,,,,,,,,,,,2017,,,US00,,0,,0,0,0,,0,2,,,,,,,,,B,,,,0,,,,,0,0,0,,,,,0,,0,0,0,,,,,0,,,,0,0,0,,,,102,L,,125134,0,0,,0,,0,0,,,,,BLUEPAINT,,ME01,WE01,X,X,"3,080","30,800.00",S,,,0,,,0,,,,1,0,,,,,,,,,0,,,,,,,,,F,,,0,,WE,2/21/17,2/21/17,7:16:06 PM,GBI-063,,MIGO_GR,,0,,,,,,,12:00:00 AM,,,,,,,,,,,0,,,,,
375,5000001880,2017,1,1,0,0,0,101,,BLUEPAINT,SC00,RM00,,,,,,125134,,,0,0,,S,USD,980.00,0,980.00,,0,,937,L,937,L,937,L,4500000510,10,,,0,,,0,X,,,,,,NA00,,,,,,,,,,,,2017,,,US00,,0,,0,0,0,,0,2,,,,,,,,,B,,,,0,,,,,0,0,0,,,,,0,,0,0,0,,,,,0,,,,0,0,0,,,,98,L,,125134,0,0,,0,,0,0,,,,,BLUEPAINT,,ME01,WE01,X,X,"3,182","31,820.00",S,,,0,,,0,,,,1,0,,,,,,,,,0,,,,,,,,,F,,,0,,WE,2/21/17,2/21/17,7:16:48 PM,GBI-063,,MIGO_GR,,0,,,,,,,12:00:00 AM,,,,,,,,,,,0,,,,,
375,5000001881,2017,1,1,0,0,0,101,,BLUEPAINT,SC00,RM00,,,,,,125134,,,0,0,,S,USD,1010.00,0,1010.00,,0,,1053,L,1053,L,1053,L,4500000511,10,,,0,,,0,X,,,,,,NA00,,,,,,,,,,,,2017,,,US00,,0,,0,0,0,,0,2,,,,,,,,,B,,,,0,,,,,0,0,0,,,,,0,,0,0,0,,,,,0,,,,0,0,0,,,,101,L,,125134,0,0,,0,,0,0,,,,,BLUEPAINT,,ME01,WE01,X,X,"3,280","32,800.00",S,,,0,,,0,,,,1,0,,,,,,,,,0,,,,,,,,,F,,,0,,WE,2/21/17,2/21/17,7:17:20 PM,GBI-063,,MIGO_GR,,0,,,,,,,12:00:00 AM,,,,,,,,,,,0,,,,,
375,5000001882,2017,1,1,0,0,0,101,,BLUEPAINT,SC00,RM00,,,,,,125134,,,0,0,,S,USD,1040.00,0,1040.00,,0,,529,L,529,L,529,L,4500000512,10,,,0,,,0,X,,,,,,NA00,,,,,,,,,,,,2017,,,US00,,0,,0,0,0,,0,2,,,,,,,,,B,,,,0,,,,,0,0,0,,,,,0,,0,0,0,,,,,0,,,,0,0,0,,,,104,L,,125134,0,0,,0,,0,0,,,,,BLUEPAINT,,ME01,WE01,X,X,"3,381","33,810.00",S,,,0,,,0,,,,1,0,,,,,,,,,0,,,,,,,,,F,,,0,,WE,2/21/17,2/21/17,7:17:49 PM,GBI-063,,MIGO_GR,,0,,,,,,,12:00:00 AM,,,,,,,,,,,0,,,,,
375,5000001883,2017,1,1,0,0,0,101,,AAA LUBE,SC00,RM00,,,,,,125021,,,0,0,,S,USD,150000.00,0,150000.00,,0,,25,DR,25,DR,25,DR,4500000503,10,,,0,,,0,X,,,,,,NA00,,,,,,,,,,,,2017,,,US00,,0,,0,0,0,,0,2,,,,,,,,,B,,,,0,,,,,0,0,0,,,,,0,,0,0,0,,,,,0,,,,0,0,0,,,,10,DR,,125021,0,0,,0,,0,0,,,,,AAA LUBE,,ME01,WE01,X,X,153,"2,295,000.00",S,,,0,,,0,,,,1,0,,,,,,,,,0,,,,,,,,,F,,,0,,WE,2/23/17,2/23/17,2:48:38 PM,GBI-052,,MIGO_GR,,0,,,,,,,12:00:00 AM,,,,,,,,,,,0,,,,,
375,5000001884,2017,1,1,0,0,0,101,,BLUEPAINT,SC00,RM00,,,,,,125132,,,0,0,,S,USD,980.00,0,980.00,,0,,790,L,790,L,790,L,4500000448,10,,,0,,,0,X,,,,,,NA00,,,,,,,,,,,,2017,,,US00,,0,,0,0,0,,0,2,,,,,,,,,B,,,,0,,,,,0,0,0,,,,,0,,0,0,0,,,,,0,,,,0,0,0,,,,98,L,,125132,0,0,,0,,0,0,,,,,BLUEPAINT,,ME01,WE01,X,X,698,"6,980.00",S,,,0,,,0,,,,1,0,,,,,,,,,0,,,,,,,,,F,,,0,,WE,2/20/17,2/20/17,6:55:46 PM,GBI-053,,MIGO_GR,,0,,,,,,,12:00:00 AM,,,,,,,,,,,0,,,,,
375,5000001885,2017,1,1,0,0,0,101,,BLUEPAINT,SC00,RM00,,,,,,125136,,,0,0,,S,USD,990.00,0,990.00,,0,,725,L,725,L,725,L,4500000449,10,,,0,,,0,X,,,,,,NA00,,,,,,,,,,,,2017,,,US00,,0,,0,0,0,,0,2,,,,,,,,,B,,,,0,,,,,0,0,0,,,,,0,,0,0,0,,,,,0,,,,0,0,0,,,,99,L,,125136,0,0,,0,,0,0,,,,,BLUEPAINT,,ME01,WE01,X,X,796,"7,960.00",S,,,0,,,0,,,,1,0,,,,,,,,,0,,,,,,,,,F,,,0,,WE,2/20/17,2/20/17,6:55:52 PM,GBI-009,,MIGO_GR,,0,,,,,,,12:00:00 AM,,,,,,,,,,,0,,,,,
375,5000001886,2017,1,1,0,0,0,101,,BLUEPAINT,SC00,RM00,,,,,,125133,,,0,0,,S,USD,1000.00,0,1000.00,,0,,614,L,614,L,614,L,4500000435,10,,,0,,,0,X,,,,,,NA00,,,,,,,,,,,,2017,,,US00,,0,,0,0,0,,0,2,,,,,,,,,B,,,,0,,,,,0,0,0,,,,,0,,0,0,0,,,,,0,,,,0,0,0,,,,100,L,,125133,0,0,,0,,0,0,,,,,BLUEPAINT,,ME01,WE01,X,X,895,"8,950.00",S,,,0,,,0,,,,1,0,,,,,,,,,0,,,,,,,,,F,,,0,,WE,2/20/17,2/20/17,6:56:09 PM,GBI-044,,MIGO_GR,,0,,,,,,,12:00:00 AM,,,,,,,,,,,0,,,,,
375,5000001887,2017,1,1,0,0,0,101,,BLUEPAINT,SC00,RM00,,,,,,125132,,,0,0,,S,USD,950.00,0,950.00,,0,,920,L,920,L,920,L,4500000445,10,,,0,,,0,X,,,,,,NA00,,,,,,,,,,,,2017,,,US00,,0,,0,0,0,,0,2,,,,,,,,,B,,,,0,,,,,0,0,0,,,,,0,,0,0,0,,,,,0,,,,0,0,0,,,,95,L,,125132,0,0,,0,,0,0,,,,,BLUEPAINT,,ME01,WE01,X,X,995,"9,950.00",S,,,0,,,0,,,,1,0,,,,,,,,,0,,,,,,,,,F,,,0,,WE,2/20/17,2/20/17,6:56:29 PM,GBI-053,,MIGO_GR,,0,,,,,,,12:00:00 AM,,,,,,,,,,,0,,,,,
375,5000001888,2017,1,1,0,0,0,101,,BLUEPAINT,SC00,RM00,,,,,,125136,,,0,0,,S,USD,1010.00,0,1010.00,,0,,795,L,795,L,795,L,4500000438,10,,,0,,,0,X,,,,,,NA00,,,,,,,,,,,,2017,,,US00,,0,,0,0,0,,0,2,,,,,,,,,B,,,,0,,,,,0,0,0,,,,,0,,0,0,0,,,,,0,,,,0,0,0,,,,101,L,,125136,0,0,,0,,0,0,,,,,BLUEPAINT,,ME01,WE01,X,X,"1,090","10,900.00",S,,,0,,,0,,,,1,0,,,,,,,,,0,,,,,,,,,F,,,0,,WE,2/20/17,2/20/17,6:56:38 PM,GBI-009,,MIGO_GR,,0,,,,,,,12:00:00 AM,,,,,,,,,,,0,,,,,
375,5000001889,2017,1,1,0,0,0,101,,BLUEPAINT,SC00,RM00,,,,,,125135,,,0,0,,S,USD,1040.00,0,1040.00,,0,,299,L,299,L,299,L,4500000437,10,,,0,,,0,X,,,,,,NA00,,,,,,,,,,,,2017,,,US00,,0,,0,0,0,,0,2,,,,,,,,,B,,,,0,,,,,0,0,0,,,,,0,,0,0,0,,,,,0,,,,0,0,0,,,,104,L,,125135,0,0,,0,,0,0,,,,,BLUEPAINT,,ME01,WE01,X,X,"1,191","11,910.00",S,,,0,,,0,,,,1,0,,,,,,,,,0,,,,,,,,,F,,,0,,WE,2/20/17,2/20/17,6:57:04 PM,GBI-054,,MIGO_GR,,0,,,,,,,12:00:00 AM,,,,,,,,,,,0,,,,,
375,5000001890,2017,1,1,0,0,0,101,,BLUEPAINT,SC00,RM00,,,,,,125132,,,0,0,,S,USD,990.00,0,990.00,,0,,119,L,119,L,119,L,4500000442,10,,,0,,,0,X,,,,,,NA00,,,,,,,,,,,,2017,,,US00,,0,,0,0,0,,0,2,,,,,,,,,B,,,,0,,,,,0,0,0,,,,,0,,0,0,0,,,,,0,,,,0,0,0,,,,99,L,,125132,0,0,,0,,0,0,,,,,BLUEPAINT,,ME01,WE01,X,X,"1,295","12,950.00",S,,,0,,,0,,,,1,0,,,,,,,,,0,,,,,,,,,F,,,0,,WE,2/20/17,2/20/17,6:57:04 PM,GBI-053,,MIGO_GR,,0,,,,,,,12:00:00 AM,,,,,,,,,,,0,,,,,
375,5000001891,2017,1,1,0,0,0,101,,BLUEPAINT,SC00,RM00,,,,,,125133,,,0,0,,S,USD,990.00,0,990.00,,0,,541,L,541,L,541,L,4500000439,10,,,0,,,0,X,,,,,,NA00,,,,,,,,,,,,2017,,,US00,,0,,0,0,0,,0,2,,,,,,,,,B,,,,0,,,,,0,0,0,,,,,0,,0,0,0,,,,,0,,,,0,0,0,,,,99,L,,125133,0,0,,0,,0,0,,,,,BLUEPAINT,,ME01,WE01,X,X,"1,394","13,940.00",S,,,0,,,0,,,,1,0,,,,,,,,,0,,,,,,,,,F,,,0,,WE,2/20/17,2/20/17,6:57:07 PM,GBI-044,,MIGO_GR,,0,,,,,,,12:00:00 AM,,,,,,,,,,,0,,,,,
375,5000001892,2017,1,1,0,0,0,101,,BLUEPAINT,SC00,RM00,,,,,,125136,,,0,0,,S,USD,980.00,0,980.00,,0,,87,L,87,L,87,L,4500000431,10,,,0,,,0,X,,,,,,NA00,,,,,,,,,,,,2017,,,US00,,0,,0,0,0,,0,2,,,,,,,,,B,,,,0,,,,,0,0,0,,,,,0,,0,0,0,,,,,0,,,,0,0,0,,,,98,L,,125136,0,0,,0,,0,0,,,,,BLUEPAINT,,ME01,WE01,X,X,"1,493","14,930.00",S,,,0,,,0,,,,1,0,,,,,,,,,0,,,,,,,,,F,,,0,,WE,2/20/17,2/20/17,6:57:34 PM,GBI-009,,MIGO_GR,,0,,,,,,,12:00:00 AM,,,,,,,,,,,0,,,,,
375,5000001893,2017,1,1,0,0,0,101,,BLUEPAINT,SC00,RM00,,,,,,125132,,,0,0,,S,USD,960.00,0,960.00,,0,,543,L,543,L,543,L,4500000429,10,,,0,,,0,X,,,,,,NA00,,,,,,,,,,,,2017,,,US00,,0,,0,0,0,,0,2,,,,,,,,,B,,,,0,,,,,0,0,0,,,,,0,,0,0,0,,,,,0,,,,0,0,0,,,,96,L,,125132,0,0,,0,,0,0,,,,,BLUEPAINT,,ME01,WE01,X,X,"1,591","15,910.00",S,,,0,,,0,,,,1,0,,,,,,,,,0,,,,,,,,,F,,,0,,WE,2/20/17,2/20/17,6:57:51 PM,GBI-053,,MIGO_GR,,0,,,,,,,12:00:00 AM,,,,,,,,,,,0,,,,,
375,5000001894,2017,1,1,0,0,0,101,,BLUEPAINT,SC00,RM00,,,,,,125133,,,0,0,,S,USD,1020.00,0,1020.00,,0,,142,L,142,L,142,L,4500000446,10,,,0,,,0,X,,,,,,NA00,,,,,,,,,,,,2017,,,US00,,0,,0,0,0,,0,2,,,,,,,,,B,,,,0,,,,,0,0,0,,,,,0,,0,0,0,,,,,0,,,,0,0,0,,,,102,L,,125133,0,0,,0,,0,0,,,,,BLUEPAINT,,ME01,WE01,X,X,"1,687","16,870.00",S,,,0,,,0,,,,1,0,,,,,,,,,0,,,,,,,,,F,,,0,,WE,2/20/17,2/20/17,6:58:25 PM,GBI-044,,MIGO_GR,,0,,,,,,,12:00:00 AM,,,,,,,,,,,0,,,,,
375,5000001895,2017,1,1,0,0,0,101,,BLUEPAINT,SC00,RM00,,,,,,125135,,,0,0,,S,USD,970.00,0,970.00,,0,,521,L,521,L,521,L,4500000441,10,,,0,,,0,X,,,,,,NA00,,,,,,,,,,,,2017,,,US00,,0,,0,0,0,,0,2,,,,,,,,,B,,,,0,,,,,0,0,0,,,,,0,,0,0,0,,,,,0,,,,0,0,0,,,,97,L,,125135,0,0,,0,,0,0,,,,,BLUEPAINT,,ME01,WE01,X,X,"1,789","17,890.00",S,,,0,,,0,,,,1,0,,,,,,,,,0,,,,,,,,,F,,,0,,WE,2/20/17,2/20/17,6:58:29 PM,GBI-054,,MIGO_GR,,0,,,,,,,12:00:00 AM,,,,,,,,,,,0,,,,,
375,5000001896,2017,1,1,0,0,0,101,,BLUEPAINT,SC00,RM00,,,,,,125135,,,0,0,,S,USD,990.00,0,990.00,,0,,530,L,530,L,530,L,4500000444,10,,,0,,,0,X,,,,,,NA00,,,,,,,,,,,,2017,,,US00,,0,,0,0,0,,0,2,,,,,,,,,B,,,,0,,,,,0,0,0,,,,,0,,0,0,0,,,,,0,,,,0,0,0,,,,99,L,,125135,0,0,,0,,0,0,,,,,BLUEPAINT,,ME01,WE01,X,X,"1,886","18,860.00",S,,,0,,,0,,,,1,0,,,,,,,,,0,,,,,,,,,F,,,0,,WE,2/20/17,2/20/17,6:59:25 PM,GBI-054,,MIGO_GR,,0,,,,,,,12:00:00 AM,,,,,,,,,,,0,,,,,
375,5000001897,2017,1,1,0,0,0,101,,BLUEPAINT,SC00,RM00,,,,,,125133,,,0,0,,S,USD,980.00,0,980.00,,0,,926,L,926,L,926,L,4500000447,10,,,0,,,0,X,,,,,,NA00,,,,,,,,,,,,2017,,,US00,,0,,0,0,0,,0,2,,,,,,,,,B,,,,0,,,,,0,0,0,,,,,0,,0,0,0,,,,,0,,,,0,0,0,,,,98,L,,125133,0,0,,0,,0,0,,,,,BLUEPAINT,,ME01,WE01,X,X,"1,985","19,850.00",S,,,0,,,0,,,,1,0,,,,,,,,,0,,,,,,,,,F,,,0,,WE,2/20/17,2/20/17,6:59:42 PM,GBI-044,,MIGO_GR,,0,,,,,,,12:00:00 AM,,,,,,,,,,,0,,,,,
375,5000001898,2017,1,1,0,0,0,101,,BLUEPAINT,SC00,RM00,,,,,,125105,,,0,0,,S,USD,62500.00,0,62500.00,,0,,932,L,932,L,932,L,4500000464,10,2017,1000000060,1,,,0,,,,,,,NA00,BI00,,NAIS1000,,,,,,,,,2017,,,US00,,0,,0,0,0,,0,2,,,,,,,,,B,V,,,0,,,,,0,0,0,,,,,0,,0,1,0,,,,,0,,,,0,0,0,,,770000,1,AU,,,0,0,,1,,0,0,,,,,,,ME02,WE06,,,0,0,,,,0,,,0,,,,1,0,,,,,,,,,0,,,,,,,,,F,,,0,,WE,2/20/17,2/20/17,7:37:42 PM,GBI-034,,ML81N,,0,,,,,,,12:00:00 AM,,,,,,,,,,,0,,,,,
375,5000001899,2017,1,1,0,0,0,101,,BLUEPAINT,SC00,RM00,,,,,,125107,,,0,0,,S,USD,111000.00,0,111000.00,,0,,602,L,602,L,602,L,4500000465,10,2017,1000000062,1,,,0,,,,,,,NA00,BI00,,NAIS1000,,,,,,,,,2017,,,US00,,0,,0,0,0,,0,2,,,,,,,,,B,V,,,0,,,,,0,0,0,,,,,0,,0,1,0,,,,,0,,,,0,0,0,,,770000,1,AU,,,0,0,,1,,0,0,,,,,,,ME02,WE06,,,0,0,,,,0,,,0,,,,1,0,,,,,,,,,0,,,,,,,,,F,,,0,,WE,2/20/17,2/20/17,7:54:29 PM,GBI-049,,ML81N,,0,,,,,,,12:00:00 AM,,,,,,,,,,,0,,,,,
375,5000001900,2017,1,1,0,0,0,101,,BLUEPAINT,SC00,RM00,,,,,,125107,,,0,0,,S,USD,74750.00,0,74750.00,,0,,637,L,637,L,637,L,4500000466,10,2017,1000000061,1,,,0,,,,,,,NA00,BI00,,NAIS1000,,,,,,,,,2017,,,US00,,0,,0,0,0,,0,2,,,,,,,,,B,V,,,0,,,,,0,0,0,,,,,0,,0,1,0,,,,,0,,,,0,0,0,,,770000,1,AU,,,0,0,,1,,0,0,,,,,,,ME02,WE06,,,0,0,,,,0,,,0,,,,1,0,,,,,,,,,0,,,,,,,,,F,,,0,,WE,2/20/17,2/20/17,7:55:08 PM,GBI-034,,ML81N,,0,,,,,,,12:00:00 AM,,,,,,,,,,,0,,,,,
375,5000001901,2017,1,1,0,0,0,101,,BLUEPAINT,SC00,RM00,,,,,,125107,,,0,0,,S,USD,48000.00,0,48000.00,,0,,950,L,950,L,950,L,4500000468,10,2017,1000000063,1,,,0,,,,,,,NA00,BI00,,NAIS1000,,,,,,,,,2017,,,US00,,0,,0,0,0,,0,2,,,,,,,,,B,V,,,0,,,,,0,0,0,,,,,0,,0,1,0,,,,,0,,,,0,0,0,,,770000,1,AU,,,0,0,,1,,0,0,,,,,,,ME02,WE06,,,0,0,,,,0,,,0,,,,1,0,,,,,,,,,0,,,,,,,,,F,,,0,,WE,2/20/17,2/20/17,8:22:37 PM,GBI-049,,ML81N,,0,,,,,,,12:00:00 AM,,,,,,,,,,,0,,,,,
375,5000001902,2017,1,1,0,0,0,101,,BLUEPAINT,SC00,RM00,,,,,,125107,,,0,0,,S,USD,66000.00,0,66000.00,,0,,962,L,962,L,962,L,4500000475,10,2017,1000000064,1,,,0,,,,,,,NA00,BI00,,NAIS1000,,,,,,,,,2017,,,US00,,0,,0,0,0,,0,2,,,,,,,,,B,V,,,0,,,,,0,0,0,,,,,0,,0,1,0,,,,,0,,,,0,0,0,,,770000,1,AU,,,0,0,,1,,0,0,,,,,,,ME02,WE06,,,0,0,,,,0,,,0,,,,1,0,,,,,,,,,0,,,,,,,,,F,,,0,,WE,2/20/17,2/20/17,8:33:50 PM,GBI-049,,ML81N,,0,,,,,,,12:00:00 AM,,,,,,,,,,,0,,,,,
375,5000001903,2017,1,1,0,0,0,101,,BLUEPAINT,SC00,RM00,,,,,,125107,,,0,0,,S,USD,87750.00,0,87750.00,,0,,59,L,59,L,59,L,4500000482,10,2017,1000000065,1,,,0,,,,,,,NA00,BI00,,NAIS1000,,,,,,,,,2017,,,US00,,0,,0,0,0,,0,2,,,,,,,,,B,V,,,0,,,,,0,0,0,,,,,0,,0,1,0,,,,,0,,,,0,0,0,,,770000,1,AU,,,0,0,,1,,0,0,,,,,,,ME02,WE06,,,0,0,,,,0,,,0,,,,1,0,,,,,,,,,0,,,,,,,,,F,,,0,,WE,2/20/17,2/20/17,8:46:38 PM,GBI-049,,ML81N,,0,,,,,,,12:00:00 AM,,,,,,,,,,,0,,,,,
375,5000001904,2017,1,1,0,0,0,101,,AAA LUBE,SC00,RM00,,,,,,125021,,,0,0,,S,USD,75000.00,0,75000.00,,0,,13,DR,13,DR,13,DR,4500000484,10,,,0,,,0,X,,,,,,NA00,,,,,,,,,,,,2017,,,US00,,0,,0,0,0,,0,2,,,,,,,,,B,,,,0,,,,,0,0,0,,,,,0,,0,0,0,,,,,0,,,,0,0,0,,,,5,DR,,125021,0,0,,0,,0,0,,,,,AAA LUBE,,ME01,WE01,X,X,0,0,S,,,0,,,0,,,,1,0,,,,,,,,,0,,,,,,,,,F,,,0,,WE,2/20/17,2/20/17,10:42:51 PM,GBI-041,,MIGO_GR,,0,,,,,,,12:00:00 AM,,,,,,,,,,,0,,,,,
375,5000001905,2017,1,1,0,0,0,101,,AAA LUBE,SC00,RM00,,,,,,125021,,,0,0,,S,USD,45000.00,0,45000.00,,0,,10,DR,10,DR,10,DR,4500000483,10,,,0,,,0,X,,,,,,NA00,,,,,,,,,,,,2017,,,US00,,0,,0,0,0,,0,2,,,,,,,,,B,,,,0,,,,,0,0,0,,,,,0,,0,0,0,,,,,0,,,,0,0,0,,,,3,DR,,125021,0,0,,0,,0,0,,,,,AAA LUBE,,ME01,WE01,X,X,5,"75,000.00",S,,,0,,,0,,,,1,0,,,,,,,,,0,,,,,,,,,F,,,0,,WE,2/20/17,2/20/17,10:43:23 PM,GBI-047,,MIGO_GR,,0,,,,,,,12:00:00 AM,,,,,,,,,,,0,,,,,
375,5000001906,2017,1,1,0,0,0,101,,AAA LUBE,SC00,RM00,,,,,,125021,,,0,0,,S,USD,90000.00,0,90000.00,,0,,21,DR,21,DR,21,DR,4500000467,10,,,0,,,0,X,,,,,,NA00,,,,,,,,,,,,2017,,,US00,,0,,0,0,0,,0,2,,,,,,,,,B,,,,0,,,,,0,0,0,,,,,0,,0,0,0,,,,,0,,,,0,0,0,,,,6,DR,,125021,0,0,,0,,0,0,,,,,AAA LUBE,,ME01,WE01,X,X,8,"120,000.00",S,,,0,,,0,,,,1,0,,,,,,,,,0,,,,,,,,,2,,,0,,WE,2/20/17,2/20/17,10:43:25 PM,GBI-052,,MIGO_GR,,0,,,,,,,12:00:00 AM,,,,,,,,,,,0,,,,,
375,5000001907,2017,1,1,0,0,0,101,,AAA LUBE,SC00,RM00,,,,,,125021,,,0,0,,S,USD,90000.00,0,90000.00,,0,,16,DR,16,DR,16,DR,4500000485,10,,,0,,,0,X,,,,,,NA00,,,,,,,,,,,,2017,,,US00,,0,,0,0,0,,0,2,,,,,,,,,B,,,,0,,,,,0,0,0,,,,,0,,0,0,0,,,,,0,,,,0,0,0,,,,6,DR,,125021,0,0,,0,,0,0,,,,,AAA LUBE,,ME01,WE01,X,X,14,"210,000.00",S,,,0,,,0,,,,1,0,,,,,,,,,0,,,,,,,,,F,,,0,,WE,2/20/17,2/20/17,10:43:52 PM,GBI-047,,MIGO_GR,,0,,,,,,,12:00:00 AM,,,,,,,,,,,0,,,,,
375,5000001908,2017,1,1,0,0,0,101,,AAA LUBE,SC00,RM00,,,,,,125021,,,0,0,,S,USD,105000.00,0,105000.00,,0,,18,DR,18,DR,18,DR,4500000486,10,,,0,,,0,X,,,,,,NA00,,,,,,,,,,,,2017,,,US00,,0,,0,0,0,,0,2,,,,,,,,,B,,,,0,,,,,0,0,0,,,,,0,,0,0,0,,,,,0,,,,0,0,0,,,,7,DR,,125021,0,0,,0,,0,0,,,,,AAA LUBE,,ME01,WE01,X,X,20,"300,000.00",S,,,0,,,0,,,,1,0,,,,,,,,,0,,,,,,,,,F,,,0,,WE,2/20/17,2/20/17,10:44:29 PM,GBI-047,,MIGO_GR,,0,,,,,,,12:00:00 AM,,,,,,,,,,,0,,,,,
375,5000001909,2017,1,1,0,0,0,101,,AAA LUBE,SC00,RM00,,,,,,125021,,,0,0,,S,USD,30000.00,0,30000.00,,0,,9,DR,9,DR,9,DR,4500000487,10,,,0,,,0,X,,,,,,NA00,,,,,,,,,,,,2017,,,US00,,0,,0,0,0,,0,2,,,,,,,,,B,,,,0,,,,,0,0,0,,,,,0,,0,0,0,,,,,0,,,,0,0,0,,,,2,DR,,125021,0,0,,0,,0,0,,,,,AAA LUBE,,ME01,WE01,X,X,27,"405,000.00",S,,,0,,,0,,,,1,0,,,,,,,,,0,,,,,,,,,F,,,0,,WE,2/20/17,2/20/17,10:45:16 PM,GBI-047,,MIGO_GR,,0,,,,,,,12:00:00 AM,,,,,,,,,,,0,,,,,
375,5000001910,2017,1,1,0,0,0,101,,AAA LUBE,SC00,RM00,,,,,,125021,,,0,0,,S,USD,75000.00,0,75000.00,,0,,19,DR,19,DR,19,DR,4500000470,10,,,0,,,0,X,,,,,,NA00,,,,,,,,,,,,2017,,,US00,,0,,0,0,0,,0,2,,,,,,,,,B,,,,0,,,,,0,0,0,,,,,0,,0,0,0,,,,,0,,,,0,0,0,,,,5,DR,,125021,0,0,,0,,0,0,,,,,AAA LUBE,,ME01,WE01,X,X,29,"435,000.00",S,,,0,,,0,,,,1,0,,,,,,,,,0,,,,,,,,,2,,,0,,WE,2/20/17,2/20/17,10:45:26 PM,GBI-052,,MIGO_GR,,0,,,,,,,12:00:00 AM,,,,,,,,,,,0,,,,,
375,5000001911,2017,1,1,0,0,0,101,,AAA LUBE,SC00,RM00,,,,,,125021,,,0,0,,S,USD,15000.00,0,15000.00,,0,,16,DR,16,DR,16,DR,4500000488,10,,,0,,,0,X,,,,,,NA00,,,,,,,,,,,,2017,,,US00,,0,,0,0,0,,0,2,,,,,,,,,B,,,,0,,,,,0,0,0,,,,,0,,0,0,0,,,,,0,,,,0,0,0,,,,1,DR,,125021,0,0,,0,,0,0,,,,,AAA LUBE,,ME01,WE01,X,X,34,"510,000.00",S,,,0,,,0,,,,1,0,,,,,,,,,0,,,,,,,,,F,,,0,,WE,2/20/17,2/20/17,10:46:06 PM,GBI-047,,MIGO_GR,,0,,,,,,,12:00:00 AM,,,,,,,,,,,0,,,,,
375,5000001912,2017,1,1,0,0,0,101,,AAA LUBE,SC00,RM00,,,,,,125021,,,0,0,,S,USD,120000.00,0,120000.00,,0,,8,DR,8,DR,8,DR,4500000473,10,,,0,,,0,X,,,,,,NA00,,,,,,,,,,,,2017,,,US00,,0,,0,0,0,,0,2,,,,,,,,,B,,,,0,,,,,0,0,0,,,,,0,,0,0,0,,,,,0,,,,0,0,0,,,,8,DR,,125021,0,0,,0,,0,0,,,,,AAA LUBE,,ME01,WE01,X,X,35,"525,000.00",S,,,0,,,0,,,,1,0,,,,,,,,,0,,,,,,,,,2,,,0,,WE,2/20/17,2/20/17,10:46:19 PM,GBI-052,,MIGO_GR,,0,,,,,,,12:00:00 AM,,,,,,,,,,,0,,,,,
375,5000001913,2017,1,1,0,0,0,101,,AAA LUBE,SC00,RM00,,,,,,125021,,,0,0,,S,USD,90000.00,0,90000.00,,0,,24,DR,24,DR,24,DR,4500000469,10,,,0,,,0,X,,,,,,NA00,,,,,,,,,,,,2017,,,US00,,0,,0,0,0,,0,2,,,,,,,,,B,,,,0,,,,,0,0,0,,,,,0,,0,0,0,,,,,0,,,,0,0,0,,,,6,DR,,125021,0,0,,0,,0,0,,,,,AAA LUBE,,ME01,WE01,X,X,43,"645,000.00",S,,,0,,,0,,,,1,0,,,,,,,,,0,,,,,,,,,F,,,0,,WE,2/20/17,2/20/17,10:46:48 PM,GBI-056,,MIGO_GR,,0,,,,,,,12:00:00 AM,,,,,,,,,,,0,,,,,
375,5000001914,2017,1,1,0,0,0,101,,AAA LUBE,SC00,RM00,,,,,,125021,,,0,0,,S,USD,45000.00,0,45000.00,,0,,20,DR,20,DR,20,DR,4500000476,10,,,0,,,0,X,,,,,,NA00,,,,,,,,,,,,2017,,,US00,,0,,0,0,0,,0,2,,,,,,,,,B,,,,0,,,,,0,0,0,,,,,0,,0,0,0,,,,,0,,,,0,0,0,,,,3,DR,,125021,0,0,,0,,0,0,,,,,AAA LUBE,,ME01,WE01,X,X,49,"735,000.00",S,,,0,,,0,,,,1,0,,,,,,,,,0,,,,,,,,,2,,,0,,WE,2/20/17,2/20/17,10:46:52 PM,GBI-052,,MIGO_GR,,0,,,,,,,12:00:00 AM,,,,,,,,,,,0,,,,,
375,5000001915,2017,1,1,0,0,0,101,,AAA LUBE,SC00,RM00,,,,,,125021,,,0,0,,S,USD,75000.00,0,75000.00,,0,,9,DR,9,DR,9,DR,4500000479,10,,,0,,,0,X,,,,,,NA00,,,,,,,,,,,,2017,,,US00,,0,,0,0,0,,0,2,,,,,,,,,B,,,,0,,,,,0,0,0,,,,,0,,0,0,0,,,,,0,,,,0,0,0,,,,5,DR,,125021,0,0,,0,,0,0,,,,,AAA LUBE,,ME01,WE01,X,X,52,"780,000.00",S,,,0,,,0,,,,1,0,,,,,,,,,0,,,,,,,,,2,,,0,,WE,2/20/17,2/20/17,10:47:28 PM,GBI-052,,MIGO_GR,,0,,,,,,,12:00:00 AM,,,,,,,,,,,0,,,,,
375,5000001916,2017,1,1,0,0,0,101,,AAA LUBE,SC00,RM00,,,,,,125021,,,0,0,,S,USD,135000.00,0,135000.00,,0,,21,DR,21,DR,21,DR,4500000471,10,,,0,,,0,X,,,,,,NA00,,,,,,,,,,,,2017,,,US00,,0,,0,0,0,,0,2,,,,,,,,,B,,,,0,,,,,0,0,0,,,,,0,,0,0,0,,,,,0,,,,0,0,0,,,,9,DR,,125021,0,0,,0,,0,0,,,,,AAA LUBE,,ME01,WE01,X,X,57,"855,000.00",S,,,0,,,0,,,,1,0,,,,,,,,,0,,,,,,,,,F,,,0,,WE,2/20/17,2/20/17,10:47:58 PM,GBI-056,,MIGO_GR,,0,,,,,,,12:00:00 AM,,,,,,,,,,,0,,,,,
375,5000001917,2017,1,1,0,0,0,101,,AAA LUBE,SC00,RM00,,,,,,125021,,,0,0,,S,USD,75000.00,0,75000.00,,0,,24,DR,24,DR,24,DR,4500000418,10,,,0,,,0,X,,,,,,NA00,,,,,,,,,,,,2017,,,US00,,0,,0,0,0,,0,2,,,,,,,,,B,,,,0,,,,,0,0,0,,,,,0,,0,0,0,,,,,0,,,,0,0,0,,,,5,DR,,125021,0,0,,0,,0,0,,,,,AAA LUBE,,ME01,WE01,X,X,66,"990,000.00",S,,,0,,,0,,,,1,0,,,,,,,,,0,,,,,,,,,F,,,0,,WE,2/20/17,2/20/17,10:47:59 PM,GBI-047,,MIGO_GR,,0,,,,,,,12:00:00 AM,,,,,,,,,,,0,,,,,
375,5000001918,2017,1,1,0,0,0,101,,AAA LUBE,SC00,RM00,,,,,,125021,,,0,0,,S,USD,60000.00,0,60000.00,,0,,24,DR,24,DR,24,DR,4500000422,10,,,0,,,0,X,,,,,,NA00,,,,,,,,,,,,2017,,,US00,,0,,0,0,0,,0,2,,,,,,,,,B,,,,0,,,,,0,0,0,,,,,0,,0,0,0,,,,,0,,,,0,0,0,,,,4,DR,,125021,0,0,,0,,0,0,,,,,AAA LUBE,,ME01,WE01,X,X,71,"1,065,000.00",S,,,0,,,0,,,,1,0,,,,,,,,,0,,,,,,,,,F,,,0,,WE,2/20/17,2/20/17,10:47:59 PM,GBI-052,,MIGO_GR,,0,,,,,,,12:00:00 AM,,,,,,,,,,,0,,,,,
375,5000001919,2017,1,1,0,0,0,101,,AAA LUBE,SC00,RM00,,,,,,125021,,,0,0,,S,USD,75000.00,0,75000.00,,0,,17,DR,17,DR,17,DR,4500000421,10,,,0,,,0,X,,,,,,NA00,,,,,,,,,,,,2017,,,US00,,0,,0,0,0,,0,2,,,,,,,,,B,,,,0,,,,,0,0,0,,,,,0,,0,0,0,,,,,0,,,,0,0,0,,,,5,DR,,125021,0,0,,0,,0,0,,,,,AAA LUBE,,ME01,WE01,X,X,75,"1,125,000.00",S,,,0,,,0,,,,1,0,,,,,,,,,0,,,,,,,,,F,,,0,,WE,2/20/17,2/20/17,10:48:26 PM,GBI-052,,MIGO_GR,,0,,,,,,,12:00:00 AM,,,,,,,,,,,0,,,,,
375,5000001920,2017,1,1,0,0,0,101,,AAA LUBE,SC00,RM00,,,,,,125021,,,0,0,,S,USD,30000.00,0,30000.00,,0,,12,DR,12,DR,12,DR,4500000472,10,,,0,,,0,X,,,,,,NA00,,,,,,,,,,,,2017,,,US00,,0,,0,0,0,,0,2,,,,,,,,,B,,,,0,,,,,0,0,0,,,,,0,,0,0,0,,,,,0,,,,0,0,0,,,,2,DR,,125021,0,0,,0,,0,0,,,,,AAA LUBE,,ME01,WE01,X,X,80,"1,200,000.00",S,,,0,,,0,,,,1,0,,,,,,,,,0,,,,,,,,,F,,,0,,WE,2/20/17,2/20/17,10:48:46 PM,GBI-056,,MIGO_GR,,0,,,,,,,12:00:00 AM,,,,,,,,,,,0,,,,,
375,5000001921,2017,1,1,0,0,0,101,,AAA LUBE,SC00,RM00,,,,,,125021,,,0,0,,S,USD,75000.00,0,75000.00,,0,,12,DR,12,DR,12,DR,4500000419,10,,,0,,,0,X,,,,,,NA00,,,,,,,,,,,,2017,,,US00,,0,,0,0,0,,0,2,,,,,,,,,B,,,,0,,,,,0,0,0,,,,,0,,0,0,0,,,,,0,,,,0,0,0,,,,5,DR,,125021,0,0,,0,,0,0,,,,,AAA LUBE,,ME01,WE01,X,X,82,"1,230,000.00",S,,,0,,,0,,,,1,0,,,,,,,,,0,,,,,,,,,F,,,0,,WE,2/20/17,2/20/17,10:48:56 PM,GBI-047,,MIGO_GR,,0,,,,,,,12:00:00 AM,,,,,,,,,,,0,,,,,
375,5000001922,2017,1,1,0,0,0,101,,AAA LUBE,SC00,RM00,,,,,,125021,,,0,0,,S,USD,75000.00,0,75000.00,,0,,4,DR,4,DR,4,DR,4500000420,10,,,0,,,0,X,,,,,,NA00,,,,,,,,,,,,2017,,,US00,,0,,0,0,0,,0,2,,,,,,,,,B,,,,0,,,,,0,0,0,,,,,0,,0,0,0,,,,,0,,,,0,0,0,,,,5,DR,,125021,0,0,,0,,0,0,,,,,AAA LUBE,,ME01,WE01,X,X,87,"1,305,000.00",S,,,0,,,0,,,,1,0,,,,,,,,,0,,,,,,,,,F,,,0,,WE,2/20/17,2/20/17,10:49:05 PM,GBI-052,,MIGO_GR,,0,,,,,,,12:00:00 AM,,,,,,,,,,,0,,,,,
375,5000001923,2017,1,1,0,0,0,101,,AAA LUBE,SC00,RM00,,,,,,125021,,,0,0,,S,USD,90000.00,0,90000.00,,0,,9,DR,9,DR,9,DR,4500000489,10,,,0,,,0,X,,,,,,NA00,,,,,,,,,,,,2017,,,US00,,0,,0,0,0,,0,2,,,,,,,,,B,,,,0,,,,,0,0,0,,,,,0,,0,0,0,,,,,0,,,,0,0,0,,,,6,DR,,125021,0,0,,0,,0,0,,,,,AAA LUBE,,ME01,WE01,X,X,92,"1,380,000.00",S,,,0,,,0,,,,1,0,,,,,,,,,0,,,,,,,,,F,,,0,,WE,2/20/17,2/20/17,10:49:58 PM,GBI-041,,MIGO_GR,,0,,,,,,,12:00:00 AM,,,,,,,,,,,0,,,,,
375,5000001924,2017,1,1,0,0,0,101,,AAA LUBE,SC00,RM00,,,,,,125021,,,0,0,,S,USD,45000.00,0,45000.00,,0,,17,DR,17,DR,17,DR,4500000474,10,,,0,,,0,X,,,,,,NA00,,,,,,,,,,,,2017,,,US00,,0,,0,0,0,,0,2,,,,,,,,,B,,,,0,,,,,0,0,0,,,,,0,,0,0,0,,,,,0,,,,0,0,0,,,,3,DR,,125021,0,0,,0,,0,0,,,,,AAA LUBE,,ME01,WE01,X,X,98,"1,470,000.00",S,,,0,,,0,,,,1,0,,,,,,,,,0,,,,,,,,,F,,,0,,WE,2/20/17,2/20/17,10:50:21 PM,GBI-056,,MIGO_GR,,0,,,,,,,12:00:00 AM,,,,,,,,,,,0,,,,,
375,5000001925,2017,1,1,0,0,0,101,,AAA LUBE,SC00,RM00,,,,,,125021,,,0,0,,S,USD,75000.00,0,75000.00,,0,,14,DR,14,DR,14,DR,4500000490,10,,,0,,,0,X,,,,,,NA00,,,,,,,,,,,,2017,,,US00,,0,,0,0,0,,0,2,,,,,,,,,B,,,,0,,,,,0,0,0,,,,,0,,0,0,0,,,,,0,,,,0,0,0,,,,5,DR,,125021,0,0,,0,,0,0,,,,,AAA LUBE,,ME01,WE01,X,X,101,"1,515,000.00",S,,,0,,,0,,,,1,0,,,,,,,,,0,,,,,,,,,F,,,0,,WE,2/20/17,2/20/17,10:51:01 PM,GBI-041,,MIGO_GR,,0,,,,,,,12:00:00 AM,,,,,,,,,,,0,,,,,
375,5000001926,2017,1,1,0,0,0,101,,AAA LUBE,SC00,RM00,,,,,,125021,,,0,0,,S,USD,75000.00,0,75000.00,,0,,25,DR,25,DR,25,DR,4500000477,10,,,0,,,0,X,,,,,,NA00,,,,,,,,,,,,2017,,,US00,,0,,0,0,0,,0,2,,,,,,,,,B,,,,0,,,,,0,0,0,,,,,0,,0,0,0,,,,,0,,,,0,0,0,,,,5,DR,,125021,0,0,,0,,0,0,,,,,AAA LUBE,,ME01,WE01,X,X,106,"1,590,000.00",S,,,0,,,0,,,,1,0,,,,,,,,,0,,,,,,,,,F,,,0,,WE,2/20/17,2/20/17,10:51:20 PM,GBI-056,,MIGO_GR,,0,,,,,,,12:00:00 AM,,,,,,,,,,,0,,,,,
375,5000001927,2017,1,1,0,0,0,101,,AAA LUBE,SC00,RM00,,,,,,125021,,,0,0,,S,USD,90000.00,0,90000.00,,0,,21,DR,21,DR,21,DR,4500000491,10,,,0,,,0,X,,,,,,NA00,,,,,,,,,,,,2017,,,US00,,0,,0,0,0,,0,2,,,,,,,,,B,,,,0,,,,,0,0,0,,,,,0,,0,0,0,,,,,0,,,,0,0,0,,,,6,DR,,125021,0,0,,0,,0,0,,,,,AAA LUBE,,ME01,WE01,X,X,111,"1,665,000.00",S,,,0,,,0,,,,1,0,,,,,,,,,0,,,,,,,,,F,,,0,,WE,2/20/17,2/20/17,10:53:08 PM,GBI-041,,MIGO_GR,,0,,,,,,,12:00:00 AM,,,,,,,,,,,0,,,,,
375,5000001928,2017,1,1,0,0,0,101,,AAA LUBE,SC00,RM00,,,,,,125021,,,0,0,,S,USD,75000.00,0,75000.00,,0,,15,DR,15,DR,15,DR,4500000492,10,,,0,,,0,X,,,,,,NA00,,,,,,,,,,,,2017,,,US00,,0,,0,0,0,,0,2,,,,,,,,,B,,,,0,,,,,0,0,0,,,,,0,,0,0,0,,,,,0,,,,0,0,0,,,,5,DR,,125021,0,0,,0,,0,0,,,,,AAA LUBE,,ME01,WE01,X,X,117,"1,755,000.00",S,,,0,,,0,,,,1,0,,,,,,,,,0,,,,,,,,,F,,,0,,WE,2/20/17,2/20/17,10:55:39 PM,GBI-041,,MIGO_GR,,0,,,,,,,12:00:00 AM,,,,,,,,,,,0,,,,,
375,5000001929,2017,1,1,0,0,0,101,,BLUEPAINT,SC00,RM00,,,,,,125131,,,0,0,,S,USD,1020.00,0,1020.00,,0,,1094,L,1094,L,1094,L,4500000432,10,,,0,,,0,X,,,,,,NA00,,,,,,,,,,,,2017,,,US00,,0,,0,0,0,,0,2,,,,,,,,,B,,,,0,,,,,0,0,0,,,,,0,,0,0,0,,,,,0,,,,0,0,0,,,,102,L,,125131,0,0,,0,,0,0,,,,,BLUEPAINT,,ME01,WE01,X,X,"2,083","20,830.00",S,,,0,,,0,,,,1,0,,,,,,,,,0,,,,,,,,,F,,,0,,WE,2/20/17,2/20/17,11:00:10 PM,GBI-045,,MIGO_GR,,0,,,,,,,12:00:00 AM,,,,,,,,,,,0,,,,,
375,5000001930,2017,1,1,0,0,0,101,,BLUEPAINT,SC00,RM00,,,,,,125131,,,0,0,,S,USD,1030.00,0,1030.00,,0,,798,L,798,L,798,L,4500000436,10,,,0,,,0,X,,,,,,NA00,,,,,,,,,,,,2017,,,US00,,0,,0,0,0,,0,2,,,,,,,,,B,,,,0,,,,,0,0,0,,,,,0,,0,0,0,,,,,0,,,,0,0,0,,,,103,L,,125131,0,0,,0,,0,0,,,,,BLUEPAINT,,ME01,WE01,X,X,"2,185","21,850.00",S,,,0,,,0,,,,1,0,,,,,,,,,0,,,,,,,,,F,,,0,,WE,2/20/17,2/20/17,11:01:29 PM,GBI-045,,MIGO_GR,,0,,,,,,,12:00:00 AM,,,,,,,,,,,0,,,,,
375,5000001931,2017,1,1,0,0,0,101,,BLUEPAINT,SC00,RM00,,,,,,125131,,,0,0,,S,USD,970.00,0,970.00,,0,,217,L,217,L,217,L,4500000440,10,,,0,,,0,X,,,,,,NA00,,,,,,,,,,,,2017,,,US00,,0,,0,0,0,,0,2,,,,,,,,,B,,,,0,,,,,0,0,0,,,,,0,,0,0,0,,,,,0,,,,0,0,0,,,,97,L,,125131,0,0,,0,,0,0,,,,,BLUEPAINT,,ME01,WE01,X,X,"2,288","22,880.00",S,,,0,,,0,,,,1,0,,,,,,,,,0,,,,,,,,,F,,,0,,WE,2/20/17,2/20/17,11:02:22 PM,GBI-045,,MIGO_GR,,0,,,,,,,12:00:00 AM,,,,,,,,,,,0,,,,,
375,5000001932,2017,1,1,0,0,0,101,,BLUEPAINT,SC00,RM00,,,,,,125131,,,0,0,,S,USD,1000.00,0,1000.00,,0,,109,L,109,L,109,L,4500000443,10,,,0,,,0,X,,,,,,NA00,,,,,,,,,,,,2017,,,US00,,0,,0,0,0,,0,2,,,,,,,,,B,,,,0,,,,,0,0,0,,,,,0,,0,0,0,,,,,0,,,,0,0,0,,,,100,L,,125131,0,0,,0,,0,0,,,,,BLUEPAINT,,ME01,WE01,X,X,"2,385","23,850.00",S,,,0,,,0,,,,1,0,,,,,,,,,0,,,,,,,,,F,,,0,,WE,2/20/17,2/20/17,11:03:06 PM,GBI-045,,MIGO_GR,,0,,,,,,,12:00:00 AM,,,,,,,,,,,0,,,,,
375,5000001933,2017,1,1,0,0,0,101,,BLUEPAINT,SC00,RM00,,,,,,125133,,,0,0,,S,USD,1010.00,0,1010.00,,0,,765,L,765,L,765,L,4500000493,10,,,0,,,0,X,,,,,,NA00,,,,,,,,,,,,2017,,,US00,,0,,0,0,0,,0,2,,,,,,,,,B,,,,0,,,,,0,0,0,,,,,0,,0,0,0,,,,,0,,,,0,0,0,,,,101,L,,125133,0,0,,0,,0,0,,,,,BLUEPAINT,,ME01,WE01,X,X,"2,485","24,850.00",S,,,0,,,0,,,,1,0,,,,,,,,,0,,,,,,,,,F,,,0,,WE,2/21/17,2/21/17,10:33:19 AM,GBI-044,,MIGO_GR,,0,,,,,,,12:00:00 AM,,,,,,,,,,,0,,,,,
375,5000001934,2017,1,1,0,0,0,101,,BLUEPAINT,SC00,RM00,,,,,,125133,,,0,0,,S,USD,1000.00,0,1000.00,,0,,877,L,877,L,877,L,4500000494,10,,,0,,,0,X,,,,,,NA00,,,,,,,,,,,,2017,,,US00,,0,,0,0,0,,0,2,,,,,,,,,B,,,,0,,,,,0,0,0,,,,,0,,0,0,0,,,,,0,,,,0,0,0,,,,100,L,,125133,0,0,,0,,0,0,,,,,BLUEPAINT,,ME01,WE01,X,X,"2,586","25,860.00",S,,,0,,,0,,,,1,0,,,,,,,,,0,,,,,,,,,F,,,0,,WE,2/21/17,2/21/17,10:34:10 AM,GBI-044,,MIGO_GR,,0,,,,,,,12:00:00 AM,,,,,,,,,,,0,,,,,
375,5000001935,2017,1,1,0,0,0,101,,BLUEPAINT,SC00,RM00,,,,,,125133,,,0,0,,S,USD,990.00,0,990.00,,0,,515,L,515,L,515,L,4500000495,10,,,0,,,0,X,,,,,,NA00,,,,,,,,,,,,2017,,,US00,,0,,0,0,0,,0,2,,,,,,,,,B,,,,0,,,,,0,0,0,,,,,0,,0,0,0,,,,,0,,,,0,0,0,,,,99,L,,125133,0,0,,0,,0,0,,,,,BLUEPAINT,,ME01,WE01,X,X,"2,686","26,860.00",S,,,0,,,0,,,,1,0,,,,,,,,,0,,,,,,,,,F,,,0,,WE,2/21/17,2/21/17,10:35:38 AM,GBI-044,,MIGO_GR,,0,,,,,,,12:00:00 AM,,,,,,,,,,,0,,,,,
375,5000001936,2017,1,1,0,0,0,101,,BLUEPAINT,SC00,RM00,,,,,,125133,,,0,0,,S,USD,1020.00,0,1020.00,,0,,765,L,765,L,765,L,4500000496,10,,,0,,,0,X,,,,,,NA00,,,,,,,,,,,,2017,,,US00,,0,,0,0,0,,0,2,,,,,,,,,B,,,,0,,,,,0,0,0,,,,,0,,0,0,0,,,,,0,,,,0,0,0,,,,102,L,,125133,0,0,,0,,0,0,,,,,BLUEPAINT,,ME01,WE01,X,X,"2,785","27,850.00",S,,,0,,,0,,,,1,0,,,,,,,,,0,,,,,,,,,F,,,0,,WE,2/21/17,2/21/17,10:36:15 AM,GBI-044,,MIGO_GR,,0,,,,,,,12:00:00 AM,,,,,,,,,,,0,,,,,
375,5000001937,2017,1,1,0,0,0,101,,BLUEPAINT,SC00,RM00,,,,,,125133,,,0,0,,S,USD,980.00,0,980.00,,0,,409,L,409,L,409,L,4500000497,10,,,0,,,0,X,,,,,,NA00,,,,,,,,,,,,2017,,,US00,,0,,0,0,0,,0,2,,,,,,,,,B,,,,0,,,,,0,0,0,,,,,0,,0,0,0,,,,,0,,,,0,0,0,,,,98,L,,125133,0,0,,0,,0,0,,,,,BLUEPAINT,,ME01,WE01,X,X,"2,887","28,870.00",S,,,0,,,0,,,,1,0,,,,,,,,,0,,,,,,,,,F,,,0,,WE,2/21/17,2/21/17,10:36:50 AM,GBI-044,,MIGO_GR,,0,,,,,,,12:00:00 AM,,,,,,,,,,,0,,,,,
375,5000001938,2017,1,1,0,0,0,101,,AAA LUBE,SC00,RM00,,,,,,125021,,,0,0,,S,USD,75000.00,0,75000.00,,0,,9,DR,9,DR,9,DR,4500000498,10,,,0,,,0,X,,,,,,NA00,,,,,,,,,,,,2017,,,US00,,0,,0,0,0,,0,2,,,,,,,,,B,,,,0,,,,,0,0,0,,,,,0,,0,0,0,,,,,0,,,,0,0,0,,,,5,DR,,125021,0,0,,0,,0,0,,,,,AAA LUBE,,ME01,WE01,X,X,122,"1,830,000.00",S,,,0,,,0,,,,1,0,,,,,,,,,0,,,,,,,,,F,,,0,,WE,2/21/17,2/21/17,3:30:07 PM,GBI-030,,MIGO_GR,,0,,,,,,,12:00:00 AM,,,,,,,,,,,0,,,,,
375,5000001939,2017,1,1,0,0,0,101,,AAA LUBE,SC00,RM00,,,,,,125021,,,0,0,,S,USD,60000.00,0,60000.00,,0,,11,DR,11,DR,11,DR,4500000499,10,,,0,,,0,X,,,,,,NA00,,,,,,,,,,,,2017,,,US00,,0,,0,0,0,,0,2,,,,,,,,,B,,,,0,,,,,0,0,0,,,,,0,,0,0,0,,,,,0,,,,0,0,0,,,,4,DR,,125021,0,0,,0,,0,0,,,,,AAA LUBE,,ME01,WE01,X,X,127,"1,905,000.00",S,,,0,,,0,,,,1,0,,,,,,,,,0,,,,,,,,,F,,,0,,WE,2/21/17,2/21/17,3:30:35 PM,GBI-030,,MIGO_GR,,0,,,,,,,12:00:00 AM,,,,,,,,,,,0,,,,,
375,5000001940,2017,1,1,0,0,0,101,,AAA LUBE,SC00,RM00,,,,,,125021,,,0,0,,S,USD,150000.00,0,150000.00,,0,,13,DR,13,DR,13,DR,4500000500,10,,,0,,,0,X,,,,,,NA00,,,,,,,,,,,,2017,,,US00,,0,,0,0,0,,0,2,,,,,,,,,B,,,,0,,,,,0,0,0,,,,,0,,0,0,0,,,,,0,,,,0,0,0,,,,10,DR,,125021,0,0,,0,,0,0,,,,,AAA LUBE,,ME01,WE01,X,X,131,"1,965,000.00",S,,,0,,,0,,,,1,0,,,,,,,,,0,,,,,,,,,2,,,0,,WE,2/21/17,2/21/17,3:31:05 PM,GBI-030,,MIGO_GR,,0,,,,,,,12:00:00 AM,,,,,,,,,,,0,,,,,
375,5000001941,2017,1,1,0,0,0,101,,AAA LUBE,SC00,RM00,,,,,,125021,,,0,0,,S,USD,75000.00,0,75000.00,,0,,12,DR,12,DR,12,DR,4500000501,10,,,0,,,0,X,,,,,,NA00,,,,,,,,,,,,2017,,,US00,,0,,0,0,0,,0,2,,,,,,,,,B,,,,0,,,,,0,0,0,,,,,0,,0,0,0,,,,,0,,,,0,0,0,,,,5,DR,,125021,0,0,,0,,0,0,,,,,AAA LUBE,,ME01,WE01,X,X,141,"2,115,000.00",S,,,0,,,0,,,,1,0,,,,,,,,,0,,,,,,,,,F,,,0,,WE,2/21/17,2/21/17,3:31:36 PM,GBI-030,,MIGO_GR,,0,,,,,,,12:00:00 AM,,,,,,,,,,,0,,,,,
375,5000001942,2017,1,1,0,0,0,101,,AAA LUBE,SC00,RM00,,,,,,125021,,,0,0,,S,USD,105000.00,0,105000.00,,0,,8,DR,8,DR,8,DR,4500000502,10,,,0,,,0,X,,,,,,NA00,,,,,,,,,,,,2017,,,US00,,0,,0,0,0,,0,2,,,,,,,,,B,,,,0,,,,,0,0,0,,,,,0,,0,0,0,,,,,0,,,,0,0,0,,,,7,DR,,125021,0,0,,0,,0,0,,,,,AAA LUBE,,ME01,WE01,X,X,146,"2,190,000.00",S,,,0,,,0,,,,1,0,,,,,,,,,0,,,,,,,,,F,,,0,,WE,2/21/17,2/21/17,3:31:59 PM,GBI-030,,MIGO_GR,,0,,,,,,,12:00:00 AM,,,,,,,,,,,0,,,,,
375,5000001943,2017,1,1,0,0,0,101,,BLUEPAINT,SC00,RM00,,,,,,125134,,,0,0,,S,USD,950.00,0,950.00,,0,,834,L,834,L,834,L,4500000508,10,,,0,,,0,X,,,,,,NA00,,,,,,,,,,,,2017,,,US00,,0,,0,0,0,,0,2,,,,,,,,,B,,,,0,,,,,0,0,0,,,,,0,,0,0,0,,,,,0,,,,0,0,0,,,,95,L,,125134,0,0,,0,,0,0,,,,,BLUEPAINT,,ME01,WE01,X,X,"2,985","29,850.00",S,,,0,,,0,,,,1,0,,,,,,,,,0,,,,,,,,,F,,,0,,WE,2/21/17,2/21/17,7:14:40 PM,GBI-063,,MIGO_GR,,0,,,,,,,12:00:00 AM,,,,,,,,,,,0,,,,,
375,5000001944,2017,1,1,0,0,0,101,,BLUEPAINT,SC00,RM00,,,,,,125134,,,0,0,,S,USD,1020.00,0,1020.00,,0,,449,L,449,L,449,L,4500000509,10,,,0,,,0,X,,,,,,NA00,,,,,,,,,,,,2017,,,US00,,0,,0,0,0,,0,2,,,,,,,,,B,,,,0,,,,,0,0,0,,,,,0,,0,0,0,,,,,0,,,,0,0,0,,,,102,L,,125134,0,0,,0,,0,0,,,,,BLUEPAINT,,ME01,WE01,X,X,"3,080","30,800.00",S,,,0,,,0,,,,1,0,,,,,,,,,0,,,,,,,,,F,,,0,,WE,2/21/17,2/21/17,7:16:06 PM,GBI-063,,MIGO_GR,,0,,,,,,,12:00:00 AM,,,,,,,,,,,0,,,,,
375,5000001945,2017,1,1,0,0,0,101,,BLUEPAINT,SC00,RM00,,,,,,125134,,,0,0,,S,USD,980.00,0,980.00,,0,,812,L,812,L,812,L,4500000510,10,,,0,,,0,X,,,,,,NA00,,,,,,,,,,,,2017,,,US00,,0,,0,0,0,,0,2,,,,,,,,,B,,,,0,,,,,0,0,0,,,,,0,,0,0,0,,,,,0,,,,0,0,0,,,,98,L,,125134,0,0,,0,,0,0,,,,,BLUEPAINT,,ME01,WE01,X,X,"3,182","31,820.00",S,,,0,,,0,,,,1,0,,,,,,,,,0,,,,,,,,,F,,,0,,WE,2/21/17,2/21/17,7:16:48 PM,GBI-063,,MIGO_GR,,0,,,,,,,12:00:00 AM,,,,,,,,,,,0,,,,,
375,5000001946,2017,1,1,0,0,0,101,,BLUEPAINT,SC00,RM00,,,,,,125134,,,0,0,,S,USD,1010.00,0,1010.00,,0,,1061,L,1061,L,1061,L,4500000511,10,,,0,,,0,X,,,,,,NA00,,,,,,,,,,,,2017,,,US00,,0,,0,0,0,,0,2,,,,,,,,,B,,,,0,,,,,0,0,0,,,,,0,,0,0,0,,,,,0,,,,0,0,0,,,,101,L,,125134,0,0,,0,,0,0,,,,,BLUEPAINT,,ME01,WE01,X,X,"3,280","32,800.00",S,,,0,,,0,,,,1,0,,,,,,,,,0,,,,,,,,,F,,,0,,WE,2/21/17,2/21/17,7:17:20 PM,GBI-063,,MIGO_GR,,0,,,,,,,12:00:00 AM,,,,,,,,,,,0,,,,,
375,5000001947,2017,1,1,0,0,0,101,,BLUEPAINT,SC00,RM00,,,,,,125134,,,0,0,,S,USD,1040.00,0,1040.00,,0,,789,L,789,L,789,L,4500000512,10,,,0,,,0,X,,,,,,NA00,,,,,,,,,,,,2017,,,US00,,0,,0,0,0,,0,2,,,,,,,,,B,,,,0,,,,,0,0,0,,,,,0,,0,0,0,,,,,0,,,,0,0,0,,,,104,L,,125134,0,0,,0,,0,0,,,,,BLUEPAINT,,ME01,WE01,X,X,"3,381","33,810.00",S,,,0,,,0,,,,1,0,,,,,,,,,0,,,,,,,,,F,,,0,,WE,2/21/17,2/21/17,7:17:49 PM,GBI-063,,MIGO_GR,,0,,,,,,,12:00:00 AM,,,,,,,,,,,0,,,,,
375,5000001948,2017,1,1,0,0,0,101,,AAA LUBE,SC00,RM00,,,,,,125021,,,0,0,,S,USD,150000.00,0,150000.00,,0,,4,DR,4,DR,4,DR,4500000503,10,,,0,,,0,X,,,,,,NA00,,,,,,,,,,,,2017,,,US00,,0,,0,0,0,,0,2,,,,,,,,,B,,,,0,,,,,0,0,0,,,,,0,,0,0,0,,,,,0,,,,0,0,0,,,,10,DR,,125021,0,0,,0,,0,0,,,,,AAA LUBE,,ME01,WE01,X,X,153,"2,295,000.00",S,,,0,,,0,,,,1,0,,,,,,,,,0,,,,,,,,,F,,,0,,WE,2/23/17,2/23/17,2:48:38 PM,GBI-052,,MIGO_GR,,0,,,,,,,12:00:00 AM,,,,,,,,,,,0,,,,,
375,5000001949,2017,1,1,0,0,0,101,,BLUEPAINT,SC00,RM00,,,,,,125132,,,0,0,,S,USD,980.00,0,980.00,,0,,326,L,326,L,326,L,4500000448,10,,,0,,,0,X,,,,,,NA00,,,,,,,,,,,,2017,,,US00,,0,,0,0,0,,0,2,,,,,,,,,B,,,,0,,,,,0,0,0,,,,,0,,0,0,0,,,,,0,,,,0,0,0,,,,98,L,,125132,0,0,,0,,0,0,,,,,BLUEPAINT,,ME01,WE01,X,X,698,"6,980.00",S,,,0,,,0,,,,1,0,,,,,,,,,0,,,,,,,,,F,,,0,,WE,2/20/17,2/20/17,6:55:46 PM,GBI-053,,MIGO_GR,,0,,,,,,,12:00:00 AM,,,,,,,,,,,0,,,,,
375,5000001950,2017,1,1,0,0,0,101,,BLUEPAINT,SC00,RM00,,,,,,125136,,,0,0,,S,USD,990.00,0,990.00,,0,,880,L,880,L,880,L,4500000449,10,,,0,,,0,X,,,,,,NA00,,,,,,,,,,,,2017,,,US00,,0,,0,0,0,,0,2,,,,,,,,,B,,,,0,,,,,0,0,0,,,,,0,,0,0,0,,,,,0,,,,0,0,0,,,,99,L,,125136,0,0,,0,,0,0,,,,,BLUEPAINT,,ME01,WE01,X,X,796,"7,960.00",S,,,0,,,0,,,,1,0,,,,,,,,,0,,,,,,,,,F,,,0,,WE,2/20/17,2/20/17,6:55:52 PM,GBI-009,,MIGO_GR,,0,,,,,,,12:00:00 AM,,,,,,,,,,,0,,,,,
375,5000001951,2017,1,1,0,0,0,101,,BLUEPAINT,SC00,RM00,,,,,,125133,,,0,0,,S,USD,1000.00,0,1000.00,,0,,423,L,423,L,423,L,4500000435,10,,,0,,,0,X,,,,,,NA00,,,,,,,,,,,,2017,,,US00,,0,,0,0,0,,0,2,,,,,,,,,B,,,,0,,,,,0,0,0,,,,,0,,0,0,0,,,,,0,,,,0,0,0,,,,100,L,,125133,0,0,,0,,0,0,,,,,BLUEPAINT,,ME01,WE01,X,X,895,"8,950.00",S,,,0,,,0,,,,1,0,,,,,,,,,0,,,,,,,,,F,,,0,,WE,2/20/17,2/20/17,6:56:09 PM,GBI-044,,MIGO_GR,,0,,,,,,,12:00:00 AM,,,,,,,,,,,0,,,,,
375,5000001952,2017,1,1,0,0,0,101,,BLUEPAINT,SC00,RM00,,,,,,125132,,,0,0,,S,USD,950.00,0,950.00,,0,,346,L,346,L,346,L,4500000445,10,,,0,,,0,X,,,,,,NA00,,,,,,,,,,,,2017,,,US00,,0,,0,0,0,,0,2,,,,,,,,,B,,,,0,,,,,0,0,0,,,,,0,,0,0,0,,,,,0,,,,0,0,0,,,,95,L,,125132,0,0,,0,,0,0,,,,,BLUEPAINT,,ME01,WE01,X,X,995,"9,950.00",S,,,0,,,0,,,,1,0,,,,,,,,,0,,,,,,,,,F,,,0,,WE,2/20/17,2/20/17,6:56:29 PM,GBI-053,,MIGO_GR,,0,,,,,,,12:00:00 AM,,,,,,,,,,,0,,,,,
375,5000001953,2017,1,1,0,0,0,101,,BLUEPAINT,SC00,RM00,,,,,,125136,,,0,0,,S,USD,1010.00,0,1010.00,,0,,663,L,663,L,663,L,4500000438,10,,,0,,,0,X,,,,,,NA00,,,,,,,,,,,,2017,,,US00,,0,,0,0,0,,0,2,,,,,,,,,B,,,,0,,,,,0,0,0,,,,,0,,0,0,0,,,,,0,,,,0,0,0,,,,101,L,,125136,0,0,,0,,0,0,,,,,BLUEPAINT,,ME01,WE01,X,X,"1,090","10,900.00",S,,,0,,,0,,,,1,0,,,,,,,,,0,,,,,,,,,F,,,0,,WE,2/20/17,2/20/17,6:56:38 PM,GBI-009,,MIGO_GR,,0,,,,,,,12:00:00 AM,,,,,,,,,,,0,,,,,
375,5000001954,2017,1,1,0,0,0,101,,BLUEPAINT,SC00,RM00,,,,,,125135,,,0,0,,S,USD,1040.00,0,1040.00,,0,,471,L,471,L,471,L,4500000437,10,,,0,,,0,X,,,,,,NA00,,,,,,,,,,,,2017,,,US00,,0,,0,0,0,,0,2,,,,,,,,,B,,,,0,,,,,0,0,0,,,,,0,,0,0,0,,,,,0,,,,0,0,0,,,,104,L,,125135,0,0,,0,,0,0,,,,,BLUEPAINT,,ME01,WE01,X,X,"1,191","11,910.00",S,,,0,,,0,,,,1,0,,,,,,,,,0,,,,,,,,,F,,,0,,WE,2/20/17,2/20/17,6:57:04 PM,GBI-054,,MIGO_GR,,0,,,,,,,12:00:00 AM,,,,,,,,,,,0,,,,,
375,5000001955,2017,1,1,0,0,0,101,,BLUEPAINT,SC00,RM00,,,,,,125132,,,0,0,,S,USD,990.00,0,990.00,,0,,364,L,364,L,364,L,4500000442,10,,,0,,,0,X,,,,,,NA00,,,,,,,,,,,,2017,,,US00,,0,,0,0,0,,0,2,,,,,,,,,B,,,,0,,,,,0,0,0,,,,,0,,0,0,0,,,,,0,,,,0,0,0,,,,99,L,,125132,0,0,,0,,0,0,,,,,BLUEPAINT,,ME01,WE01,X,X,"1,295","12,950.00",S,,,0,,,0,,,,1,0,,,,,,,,,0,,,,,,,,,F,,,0,,WE,2/20/17,2/20/17,6:57:04 PM,GBI-053,,MIGO_GR,,0,,,,,,,12:00:00 AM,,,,,,,,,,,0,,,,,
375,5000001956,2017,1,1,0,0,0,101,,BLUEPAINT,SC00,RM00,,,,,,125133,,,0,0,,S,USD,990.00,0,990.00,,0,,643,L,643,L,643,L,4500000439,10,,,0,,,0,X,,,,,,NA00,,,,,,,,,,,,2017,,,US00,,0,,0,0,0,,0,2,,,,,,,,,B,,,,0,,,,,0,0,0,,,,,0,,0,0,0,,,,,0,,,,0,0,0,,,,99,L,,125133,0,0,,0,,0,0,,,,,BLUEPAINT,,ME01,WE01,X,X,"1,394","13,940.00",S,,,0,,,0,,,,1,0,,,,,,,,,0,,,,,,,,,F,,,0,,WE,2/20/17,2/20/17,6:57:07 PM,GBI-044,,MIGO_GR,,0,,,,,,,12:00:00 AM,,,,,,,,,,,0,,,,,
375,5000001957,2017,1,1,0,0,0,101,,BLUEPAINT,SC00,RM00,,,,,,125136,,,0,0,,S,USD,980.00,0,980.00,,0,,72,L,72,L,72,L,4500000431,10,,,0,,,0,X,,,,,,NA00,,,,,,,,,,,,2017,,,US00,,0,,0,0,0,,0,2,,,,,,,,,B,,,,0,,,,,0,0,0,,,,,0,,0,0,0,,,,,0,,,,0,0,0,,,,98,L,,125136,0,0,,0,,0,0,,,,,BLUEPAINT,,ME01,WE01,X,X,"1,493","14,930.00",S,,,0,,,0,,,,1,0,,,,,,,,,0,,,,,,,,,F,,,0,,WE,2/20/17,2/20/17,6:57:34 PM,GBI-009,,MIGO_GR,,0,,,,,,,12:00:00 AM,,,,,,,,,,,0,,,,,
375,5000001958,2017,1,1,0,0,0,101,,BLUEPAINT,SC00,RM00,,,,,,125132,,,0,0,,S,USD,960.00,0,960.00,,0,,625,L,625,L,625,L,4500000429,10,,,0,,,0,X,,,,,,NA00,,,,,,,,,,,,2017,,,US00,,0,,0,0,0,,0,2,,,,,,,,,B,,,,0,,,,,0,0,0,,,,,0,,0,0,0,,,,,0,,,,0,0,0,,,,96,L,,125132,0,0,,0,,0,0,,,,,BLUEPAINT,,ME01,WE01,X,X,"1,591","15,910.00",S,,,0,,,0,,,,1,0,,,,,,,,,0,,,,,,,,,F,,,0,,WE,2/20/17,2/20/17,6:57:51 PM,GBI-053,,MIGO_GR,,0,,,,,,,12:00:00 AM,,,,,,,,,,,0,,,,,
375,5000001959,2017,1,1,0,0,0,101,,BLUEPAINT,SC00,RM00,,,,,,125133,,,0,0,,S,USD,1020.00,0,1020.00,,0,,390,L,390,L,390,L,4500000446,10,,,0,,,0,X,,,,,,NA00,,,,,,,,,,,,2017,,,US00,,0,,0,0,0,,0,2,,,,,,,,,B,,,,0,,,,,0,0,0,,,,,0,,0,0,0,,,,,0,,,,0,0,0,,,,102,L,,125133,0,0,,0,,0,0,,,,,BLUEPAINT,,ME01,WE01,X,X,"1,687","16,870.00",S,,,0,,,0,,,,1,0,,,,,,,,,0,,,,,,,,,F,,,0,,WE,2/20/17,2/20/17,6:58:25 PM,GBI-044,,MIGO_GR,,0,,,,,,,12:00:00 AM,,,,,,,,,,,0,,,,,
375,5000001960,2017,1,1,0,0,0,101,,BLUEPAINT,SC00,RM00,,,,,,125135,,,0,0,,S,USD,970.00,0,970.00,,0,,45,L,45,L,45,L,4500000441,10,,,0,,,0,X,,,,,,NA00,,,,,,,,,,,,2017,,,US00,,0,,0,0,0,,0,2,,,,,,,,,B,,,,0,,,,,0,0,0,,,,,0,,0,0,0,,,,,0,,,,0,0,0,,,,97,L,,125135,0,0,,0,,0,0,,,,,BLUEPAINT,,ME01,WE01,X,X,"1,789","17,890.00",S,,,0,,,0,,,,1,0,,,,,,,,,0,,,,,,,,,F,,,0,,WE,2/20/17,2/20/17,6:58:29 PM,GBI-054,,MIGO_GR,,0,,,,,,,12:00:00 AM,,,,,,,,,,,0,,,,,
375,5000001961,2017,1,1,0,0,0,101,,BLUEPAINT,SC00,RM00,,,,,,125135,,,0,0,,S,USD,990.00,0,990.00,,0,,14,L,14,L,14,L,4500000444,10,,,0,,,0,X,,,,,,NA00,,,,,,,,,,,,2017,,,US00,,0,,0,0,0,,0,2,,,,,,,,,B,,,,0,,,,,0,0,0,,,,,0,,0,0,0,,,,,0,,,,0,0,0,,,,99,L,,125135,0,0,,0,,0,0,,,,,BLUEPAINT,,ME01,WE01,X,X,"1,886","18,860.00",S,,,0,,,0,,,,1,0,,,,,,,,,0,,,,,,,,,F,,,0,,WE,2/20/17,2/20/17,6:59:25 PM,GBI-054,,MIGO_GR,,0,,,,,,,12:00:00 AM,,,,,,,,,,,0,,,,,
375,5000001962,2017,1,1,0,0,0,101,,BLUEPAINT,SC00,RM00,,,,,,125133,,,0,0,,S,USD,980.00,0,980.00,,0,,692,L,692,L,692,L,4500000447,10,,,0,,,0,X,,,,,,NA00,,,,,,,,,,,,2017,,,US00,,0,,0,0,0,,0,2,,,,,,,,,B,,,,0,,,,,0,0,0,,,,,0,,0,0,0,,,,,0,,,,0,0,0,,,,98,L,,125133,0,0,,0,,0,0,,,,,BLUEPAINT,,ME01,WE01,X,X,"1,985","19,850.00",S,,,0,,,0,,,,1,0,,,,,,,,,0,,,,,,,,,F,,,0,,WE,2/20/17,2/20/17,6:59:42 PM,GBI-044,,MIGO_GR,,0,,,,,,,12:00:00 AM,,,,,,,,,,,0,,,,,
375,5000001963,2017,1,1,0,0,0,101,,BLUEPAINT,SC00,RM00,,,,,,125105,,,0,0,,S,USD,62500.00,0,62500.00,,0,,525,L,525,L,525,L,4500000464,10,2017,1000000060,1,,,0,,,,,,,NA00,BI00,,NAIS1000,,,,,,,,,2017,,,US00,,0,,0,0,0,,0,2,,,,,,,,,B,V,,,0,,,,,0,0,0,,,,,0,,0,1,0,,,,,0,,,,0,0,0,,,770000,1,AU,,,0,0,,1,,0,0,,,,,,,ME02,WE06,,,0,0,,,,0,,,0,,,,1,0,,,,,,,,,0,,,,,,,,,F,,,0,,WE,2/20/17,2/20/17,7:37:42 PM,GBI-034,,ML81N,,0,,,,,,,12:00:00 AM,,,,,,,,,,,0,,,,,
375,5000001964,2017,1,1,0,0,0,101,,BLUEPAINT,SC00,RM00,,,,,,125107,,,0,0,,S,USD,111000.00,0,111000.00,,0,,471,L,471,L,471,L,4500000465,10,2017,1000000062,1,,,0,,,,,,,NA00,BI00,,NAIS1000,,,,,,,,,2017,,,US00,,0,,0,0,0,,0,2,,,,,,,,,B,V,,,0,,,,,0,0,0,,,,,0,,0,1,0,,,,,0,,,,0,0,0,,,770000,1,AU,,,0,0,,1,,0,0,,,,,,,ME02,WE06,,,0,0,,,,0,,,0,,,,1,0,,,,,,,,,0,,,,,,,,,F,,,0,,WE,2/20/17,2/20/17,7:54:29 PM,GBI-049,,ML81N,,0,,,,,,,12:00:00 AM,,,,,,,,,,,0,,,,,
375,5000001965,2017,1,1,0,0,0,101,,BLUEPAINT,SC00,RM00,,,,,,125107,,,0,0,,S,USD,74750.00,0,74750.00,,0,,8,L,8,L,8,L,4500000466,10,2017,1000000061,1,,,0,,,,,,,NA00,BI00,,NAIS1000,,,,,,,,,2017,,,US00,,0,,0,0,0,,0,2,,,,,,,,,B,V,,,0,,,,,0,0,0,,,,,0,,0,1,0,,,,,0,,,,0,0,0,,,770000,1,AU,,,0,0,,1,,0,0,,,,,,,ME02,WE06,,,0,0,,,,0,,,0,,,,1,0,,,,,,,,,0,,,,,,,,,F,,,0,,WE,2/20/17,2/20/17,7:55:08 PM,GBI-034,,ML81N,,0,,,,,,,12:00:00 AM,,,,,,,,,,,0,,,,,
375,5000001966,2017,1,1,0,0,0,101,,BLUEPAINT,SC00,RM00,,,,,,125107,,,0,0,,S,USD,48000.00,0,48000.00,,0,,441,L,441,L,441,L,4500000468,10,2017,1000000063,1,,,0,,,,,,,NA00,BI00,,NAIS1000,,,,,,,,,2017,,,US00,,0,,0,0,0,,0,2,,,,,,,,,B,V,,,0,,,,,0,0,0,,,,,0,,0,1,0,,,,,0,,,,0,0,0,,,770000,1,AU,,,0,0,,1,,0,0,,,,,,,ME02,WE06,,,0,0,,,,0,,,0,,,,1,0,,,,,,,,,0,,,,,,,,,F,,,0,,WE,2/20/17,2/20/17,8:22:37 PM,GBI-049,,ML81N,,0,,,,,,,12:00:00 AM,,,,,,,,,,,0,,,,,
375,5000001967,2017,1,1,0,0,0,101,,BLUEPAINT,SC00,RM00,,,,,,125107,,,0,0,,S,USD,66000.00,0,66000.00,,0,,496,L,496,L,496,L,4500000475,10,2017,1000000064,1,,,0,,,,,,,NA00,BI00,,NAIS1000,,,,,,,,,2017,,,US00,,0,,0,0,0,,0,2,,,,,,,,,B,V,,,0,,,,,0,0,0,,,,,0,,0,1,0,,,,,0,,,,0,0,0,,,770000,1,AU,,,0,0,,1,,0,0,,,,,,,ME02,WE06,,,0,0,,,,0,,,0,,,,1,0,,,,,,,,,0,,,,,,,,,F,,,0,,WE,2/20/17,2/20/17,8:33:50 PM,GBI-049,,ML81N,,0,,,,,,,12:00:00 AM,,,,,,,,,,,0,,,,,
375,5000001968,2017,1,1,0,0,0,101,,BLUEPAINT,SC00,RM00,,,,,,125107,,,0,0,,S,USD,87750.00,0,87750.00,,0,,33,L,33,L,33,L,4500000482,10,2017,1000000065,1,,,0,,,,,,,NA00,BI00,,NAIS1000,,,,,,,,,2017,,,US00,,0,,0,0,0,,0,2,,,,,,,,,B,V,,,0,,,,,0,0,0,,,,,0,,0,1,0,,,,,0,,,,0,0,0,,,770000,1,AU,,,0,0,,1,,0,0,,,,,,,ME02,WE06,,,0,0,,,,0,,,0,,,,1,0,,,,,,,,,0,,,,,,,,,F,,,0,,WE,2/20/17,2/20/17,8:46:38 PM,GBI-049,,ML81N,,0,,,,,,,12:00:00 AM,,,,,,,,,,,0,,,,,
375,5000001969,2017,1,1,0,0,0,101,,AAA LUBE,SC00,RM00,,,,,,125021,,,0,0,,S,USD,75000.00,0,75000.00,,0,,6,DR,6,DR,6,DR,4500000484,10,,,0,,,0,X,,,,,,NA00,,,,,,,,,,,,2017,,,US00,,0,,0,0,0,,0,2,,,,,,,,,B,,,,0,,,,,0,0,0,,,,,0,,0,0,0,,,,,0,,,,0,0,0,,,,5,DR,,125021,0,0,,0,,0,0,,,,,AAA LUBE,,ME01,WE01,X,X,0,0,S,,,0,,,0,,,,1,0,,,,,,,,,0,,,,,,,,,F,,,0,,WE,2/20/17,2/20/17,10:42:51 PM,GBI-041,,MIGO_GR,,0,,,,,,,12:00:00 AM,,,,,,,,,,,0,,,,,
375,5000001970,2017,1,1,0,0,0,101,,AAA LUBE,SC00,RM00,,,,,,125021,,,0,0,,S,USD,45000.00,0,45000.00,,0,,5,DR,5,DR,5,DR,4500000483,10,,,0,,,0,X,,,,,,NA00,,,,,,,,,,,,2017,,,US00,,0,,0,0,0,,0,2,,,,,,,,,B,,,,0,,,,,0,0,0,,,,,0,,0,0,0,,,,,0,,,,0,0,0,,,,3,DR,,125021,0,0,,0,,0,0,,,,,AAA LUBE,,ME01,WE01,X,X,5,"75,000.00",S,,,0,,,0,,,,1,0,,,,,,,,,0,,,,,,,,,F,,,0,,WE,2/20/17,2/20/17,10:43:23 PM,GBI-047,,MIGO_GR,,0,,,,,,,12:00:00 AM,,,,,,,,,,,0,,,,,
375,5000001971,2017,1,1,0,0,0,101,,AAA LUBE,SC00,RM00,,,,,,125021,,,0,0,,S,USD,90000.00,0,90000.00,,0,,15,DR,15,DR,15,DR,4500000467,10,,,0,,,0,X,,,,,,NA00,,,,,,,,,,,,2017,,,US00,,0,,0,0,0,,0,2,,,,,,,,,B,,,,0,,,,,0,0,0,,,,,0,,0,0,0,,,,,0,,,,0,0,0,,,,6,DR,,125021,0,0,,0,,0,0,,,,,AAA LUBE,,ME01,WE01,X,X,8,"120,000.00",S,,,0,,,0,,,,1,0,,,,,,,,,0,,,,,,,,,2,,,0,,WE,2/20/17,2/20/17,10:43:25 PM,GBI-052,,MIGO_GR,,0,,,,,,,12:00:00 AM,,,,,,,,,,,0,,,,,
375,5000001972,2017,1,1,0,0,0,101,,AAA LUBE,SC00,RM00,,,,,,125021,,,0,0,,S,USD,90000.00,0,90000.00,,0,,12,DR,12,DR,12,DR,4500000485,10,,,0,,,0,X,,,,,,NA00,,,,,,,,,,,,2017,,,US00,,0,,0,0,0,,0,2,,,,,,,,,B,,,,0,,,,,0,0,0,,,,,0,,0,0,0,,,,,0,,,,0,0,0,,,,6,DR,,125021,0,0,,0,,0,0,,,,,AAA LUBE,,ME01,WE01,X,X,14,"210,000.00",S,,,0,,,0,,,,1,0,,,,,,,,,0,,,,,,,,,F,,,0,,WE,2/20/17,2/20/17,10:43:52 PM,GBI-047,,MIGO_GR,,0,,,,,,,12:00:00 AM,,,,,,,,,,,0,,,,,
375,5000001973,2017,1,1,0,0,0,101,,AAA LUBE,SC00,RM00,,,,,,125021,,,0,0,,S,USD,105000.00,0,105000.00,,0,,8,DR,8,DR,8,DR,4500000486,10,,,0,,,0,X,,,,,,NA00,,,,,,,,,,,,2017,,,US00,,0,,0,0,0,,0,2,,,,,,,,,B,,,,0,,,,,0,0,0,,,,,0,,0,0,0,,,,,0,,,,0,0,0,,,,7,DR,,125021,0,0,,0,,0,0,,,,,AAA LUBE,,ME01,WE01,X,X,20,"300,000.00",S,,,0,,,0,,,,1,0,,,,,,,,,0,,,,,,,,,F,,,0,,WE,2/20/17,2/20/17,10:44:29 PM,GBI-047,,MIGO_GR,,0,,,,,,,12:00:00 AM,,,,,,,,,,,0,,,,,
375,5000001974,2017,1,1,0,0,0,101,,AAA LUBE,SC00,RM00,,,,,,125021,,,0,0,,S,USD,30000.00,0,30000.00,,0,,7,DR,7,DR,7,DR,4500000487,10,,,0,,,0,X,,,,,,NA00,,,,,,,,,,,,2017,,,US00,,0,,0,0,0,,0,2,,,,,,,,,B,,,,0,,,,,0,0,0,,,,,0,,0,0,0,,,,,0,,,,0,0,0,,,,2,DR,,125021,0,0,,0,,0,0,,,,,AAA LUBE,,ME01,WE01,X,X,27,"405,000.00",S,,,0,,,0,,,,1,0,,,,,,,,,0,,,,,,,,,F,,,0,,WE,2/20/17,2/20/17,10:45:16 PM,GBI-047,,MIGO_GR,,0,,,,,,,12:00:00 AM,,,,,,,,,,,0,,,,,
375,5000001975,2017,1,1,0,0,0,101,,AAA LUBE,SC00,RM00,,,,,,125021,,,0,0,,S,USD,75000.00,0,75000.00,,0,,22,DR,22,DR,22,DR,4500000470,10,,,0,,,0,X,,,,,,NA00,,,,,,,,,,,,2017,,,US00,,0,,0,0,0,,0,2,,,,,,,,,B,,,,0,,,,,0,0,0,,,,,0,,0,0,0,,,,,0,,,,0,0,0,,,,5,DR,,125021,0,0,,0,,0,0,,,,,AAA LUBE,,ME01,WE01,X,X,29,"435,000.00",S,,,0,,,0,,,,1,0,,,,,,,,,0,,,,,,,,,2,,,0,,WE,2/20/17,2/20/17,10:45:26 PM,GBI-052,,MIGO_GR,,0,,,,,,,12:00:00 AM,,,,,,,,,,,0,,,,,
375,5000001976,2017,1,1,0,0,0,101,,AAA LUBE,SC00,RM00,,,,,,125021,,,0,0,,S,USD,15000.00,0,15000.00,,0,,10,DR,10,DR,10,DR,4500000488,10,,,0,,,0,X,,,,,,NA00,,,,,,,,,,,,2017,,,US00,,0,,0,0,0,,0,2,,,,,,,,,B,,,,0,,,,,0,0,0,,,,,0,,0,0,0,,,,,0,,,,0,0,0,,,,1,DR,,125021,0,0,,0,,0,0,,,,,AAA LUBE,,ME01,WE01,X,X,34,"510,000.00",S,,,0,,,0,,,,1,0,,,,,,,,,0,,,,,,,,,F,,,0,,WE,2/20/17,2/20/17,10:46:06 PM,GBI-047,,MIGO_GR,,0,,,,,,,12:00:00 AM,,,,,,,,,,,0,,,,,
375,5000001977,2017,1,1,0,0,0,101,,AAA LUBE,SC00,RM00,,,,,,125021,,,0,0,,S,USD,120000.00,0,120000.00,,0,,13,DR,13,DR,13,DR,4500000473,10,,,0,,,0,X,,,,,,NA00,,,,,,,,,,,,2017,,,US00,,0,,0,0,0,,0,2,,,,,,,,,B,,,,0,,,,,0,0,0,,,,,0,,0,0,0,,,,,0,,,,0,0,0,,,,8,DR,,125021,0,0,,0,,0,0,,,,,AAA LUBE,,ME01,WE01,X,X,35,"525,000.00",S,,,0,,,0,,,,1,0,,,,,,,,,0,,,,,,,,,2,,,0,,WE,2/20/17,2/20/17,10:46:19 PM,GBI-052,,MIGO_GR,,0,,,,,,,12:00:00 AM,,,,,,,,,,,0,,,,,
375,5000001978,2017,1,1,0,0,0,101,,AAA LUBE,SC00,RM00,,,,,,125021,,,0,0,,S,USD,90000.00,0,90000.00,,0,,10,DR,10,DR,10,DR,4500000469,10,,,0,,,0,X,,,,,,NA00,,,,,,,,,,,,2017,,,US00,,0,,0,0,0,,0,2,,,,,,,,,B,,,,0,,,,,0,0,0,,,,,0,,0,0,0,,,,,0,,,,0,0,0,,,,6,DR,,125021,0,0,,0,,0,0,,,,,AAA LUBE,,ME01,WE01,X,X,43,"645,000.00",S,,,0,,,0,,,,1,0,,,,,,,,,0,,,,,,,,,F,,,0,,WE,2/20/17,2/20/17,10:46:48 PM,GBI-056,,MIGO_GR,,0,,,,,,,12:00:00 AM,,,,,,,,,,,0,,,,,
375,5000001979,2017,1,1,0,0,0,101,,AAA LUBE,SC00,RM00,,,,,,125021,,,0,0,,S,USD,45000.00,0,45000.00,,0,,21,DR,21,DR,21,DR,4500000476,10,,,0,,,0,X,,,,,,NA00,,,,,,,,,,,,2017,,,US00,,0,,0,0,0,,0,2,,,,,,,,,B,,,,0,,,,,0,0,0,,,,,0,,0,0,0,,,,,0,,,,0,0,0,,,,3,DR,,125021,0,0,,0,,0,0,,,,,AAA LUBE,,ME01,WE01,X,X,49,"735,000.00",S,,,0,,,0,,,,1,0,,,,,,,,,0,,,,,,,,,2,,,0,,WE,2/20/17,2/20/17,10:46:52 PM,GBI-052,,MIGO_GR,,0,,,,,,,12:00:00 AM,,,,,,,,,,,0,,,,,
375,5000001980,2017,1,1,0,0,0,101,,AAA LUBE,SC00,RM00,,,,,,125021,,,0,0,,S,USD,75000.00,0,75000.00,,0,,11,DR,11,DR,11,DR,4500000479,10,,,0,,,0,X,,,,,,NA00,,,,,,,,,,,,2017,,,US00,,0,,0,0,0,,0,2,,,,,,,,,B,,,,0,,,,,0,0,0,,,,,0,,0,0,0,,,,,0,,,,0,0,0,,,,5,DR,,125021,0,0,,0,,0,0,,,,,AAA LUBE,,ME01,WE01,X,X,52,"780,000.00",S,,,0,,,0,,,,1,0,,,,,,,,,0,,,,,,,,,2,,,0,,WE,2/20/17,2/20/17,10:47:28 PM,GBI-052,,MIGO_GR,,0,,,,,,,12:00:00 AM,,,,,,,,,,,0,,,,,
375,5000001981,2017,1,1,0,0,0,101,,AAA LUBE,SC00,RM00,,,,,,125021,,,0,0,,S,USD,135000.00,0,135000.00,,0,,11,DR,11,DR,11,DR,4500000471,10,,,0,,,0,X,,,,,,NA00,,,,,,,,,,,,2017,,,US00,,0,,0,0,0,,0,2,,,,,,,,,B,,,,0,,,,,0,0,0,,,,,0,,0,0,0,,,,,0,,,,0,0,0,,,,9,DR,,125021,0,0,,0,,0,0,,,,,AAA LUBE,,ME01,WE01,X,X,57,"855,000.00",S,,,0,,,0,,,,1,0,,,,,,,,,0,,,,,,,,,F,,,0,,WE,2/20/17,2/20/17,10:47:58 PM,GBI-056,,MIGO_GR,,0,,,,,,,12:00:00 AM,,,,,,,,,,,0,,,,,
375,5000001982,2017,1,1,0,0,0,101,,AAA LUBE,SC00,RM00,,,,,,125021,,,0,0,,S,USD,75000.00,0,75000.00,,0,,21,DR,21,DR,21,DR,4500000418,10,,,0,,,0,X,,,,,,NA00,,,,,,,,,,,,2017,,,US00,,0,,0,0,0,,0,2,,,,,,,,,B,,,,0,,,,,0,0,0,,,,,0,,0,0,0,,,,,0,,,,0,0,0,,,,5,DR,,125021,0,0,,0,,0,0,,,,,AAA LUBE,,ME01,WE01,X,X,66,"990,000.00",S,,,0,,,0,,,,1,0,,,,,,,,,0,,,,,,,,,F,,,0,,WE,2/20/17,2/20/17,10:47:59 PM,GBI-047,,MIGO_GR,,0,,,,,,,12:00:00 AM,,,,,,,,,,,0,,,,,
375,5000001983,2017,1,1,0,0,0,101,,AAA LUBE,SC00,RM00,,,,,,125021,,,0,0,,S,USD,60000.00,0,60000.00,,0,,13,DR,13,DR,13,DR,4500000422,10,,,0,,,0,X,,,,,,NA00,,,,,,,,,,,,2017,,,US00,,0,,0,0,0,,0,2,,,,,,,,,B,,,,0,,,,,0,0,0,,,,,0,,0,0,0,,,,,0,,,,0,0,0,,,,4,DR,,125021,0,0,,0,,0,0,,,,,AAA LUBE,,ME01,WE01,X,X,71,"1,065,000.00",S,,,0,,,0,,,,1,0,,,,,,,,,0,,,,,,,,,F,,,0,,WE,2/20/17,2/20/17,10:47:59 PM,GBI-052,,MIGO_GR,,0,,,,,,,12:00:00 AM,,,,,,,,,,,0,,,,,
375,5000001984,2017,1,1,0,0,0,101,,AAA LUBE,SC00,RM00,,,,,,125021,,,0,0,,S,USD,75000.00,0,75000.00,,0,,8,DR,8,DR,8,DR,4500000421,10,,,0,,,0,X,,,,,,NA00,,,,,,,,,,,,2017,,,US00,,0,,0,0,0,,0,2,,,,,,,,,B,,,,0,,,,,0,0,0,,,,,0,,0,0,0,,,,,0,,,,0,0,0,,,,5,DR,,125021,0,0,,0,,0,0,,,,,AAA LUBE,,ME01,WE01,X,X,75,"1,125,000.00",S,,,0,,,0,,,,1,0,,,,,,,,,0,,,,,,,,,F,,,0,,WE,2/20/17,2/20/17,10:48:26 PM,GBI-052,,MIGO_GR,,0,,,,,,,12:00:00 AM,,,,,,,,,,,0,,,,,
375,5000001985,2017,1,1,0,0,0,101,,AAA LUBE,SC00,RM00,,,,,,125021,,,0,0,,S,USD,30000.00,0,30000.00,,0,,23,DR,23,DR,23,DR,4500000472,10,,,0,,,0,X,,,,,,NA00,,,,,,,,,,,,2017,,,US00,,0,,0,0,0,,0,2,,,,,,,,,B,,,,0,,,,,0,0,0,,,,,0,,0,0,0,,,,,0,,,,0,0,0,,,,2,DR,,125021,0,0,,0,,0,0,,,,,AAA LUBE,,ME01,WE01,X,X,80,"1,200,000.00",S,,,0,,,0,,,,1,0,,,,,,,,,0,,,,,,,,,F,,,0,,WE,2/20/17,2/20/17,10:48:46 PM,GBI-056,,MIGO_GR,,0,,,,,,,12:00:00 AM,,,,,,,,,,,0,,,,,
375,5000001986,2017,1,1,0,0,0,101,,AAA LUBE,SC00,RM00,,,,,,125021,,,0,0,,S,USD,75000.00,0,75000.00,,0,,16,DR,16,DR,16,DR,4500000419,10,,,0,,,0,X,,,,,,NA00,,,,,,,,,,,,2017,,,US00,,0,,0,0,0,,0,2,,,,,,,,,B,,,,0,,,,,0,0,0,,,,,0,,0,0,0,,,,,0,,,,0,0,0,,,,5,DR,,125021,0,0,,0,,0,0,,,,,AAA LUBE,,ME01,WE01,X,X,82,"1,230,000.00",S,,,0,,,0,,,,1,0,,,,,,,,,0,,,,,,,,,F,,,0,,WE,2/20/17,2/20/17,10:48:56 PM,GBI-047,,MIGO_GR,,0,,,,,,,12:00:00 AM,,,,,,,,,,,0,,,,,
375,5000001987,2017,1,1,0,0,0,101,,AAA LUBE,SC00,RM00,,,,,,125021,,,0,0,,S,USD,75000.00,0,75000.00,,0,,25,DR,25,DR,25,DR,4500000420,10,,,0,,,0,X,,,,,,NA00,,,,,,,,,,,,2017,,,US00,,0,,0,0,0,,0,2,,,,,,,,,B,,,,0,,,,,0,0,0,,,,,0,,0,0,0,,,,,0,,,,0,0,0,,,,5,DR,,125021,0,0,,0,,0,0,,,,,AAA LUBE,,ME01,WE01,X,X,87,"1,305,000.00",S,,,0,,,0,,,,1,0,,,,,,,,,0,,,,,,,,,F,,,0,,WE,2/20/17,2/20/17,10:49:05 PM,GBI-052,,MIGO_GR,,0,,,,,,,12:00:00 AM,,,,,,,,,,,0,,,,,
375,5000001988,2017,1,1,0,0,0,101,,AAA LUBE,SC00,RM00,,,,,,125021,,,0,0,,S,USD,90000.00,0,90000.00,,0,,20,DR,20,DR,20,DR,4500000489,10,,,0,,,0,X,,,,,,NA00,,,,,,,,,,,,2017,,,US00,,0,,0,0,0,,0,2,,,,,,,,,B,,,,0,,,,,0,0,0,,,,,0,,0,0,0,,,,,0,,,,0,0,0,,,,6,DR,,125021,0,0,,0,,0,0,,,,,AAA LUBE,,ME01,WE01,X,X,92,"1,380,000.00",S,,,0,,,0,,,,1,0,,,,,,,,,0,,,,,,,,,F,,,0,,WE,2/20/17,2/20/17,10:49:58 PM,GBI-041,,MIGO_GR,,0,,,,,,,12:00:00 AM,,,,,,,,,,,0,,,,,
375,5000001989,2017,1,1,0,0,0,101,,AAA LUBE,SC00,RM00,,,,,,125021,,,0,0,,S,USD,45000.00,0,45000.00,,0,,24,DR,24,DR,24,DR,4500000474,10,,,0,,,0,X,,,,,,NA00,,,,,,,,,,,,2017,,,US00,,0,,0,0,0,,0,2,,,,,,,,,B,,,,0,,,,,0,0,0,,,,,0,,0,0,0,,,,,0,,,,0,0,0,,,,3,DR,,125021,0,0,,0,,0,0,,,,,AAA LUBE,,ME01,WE01,X,X,98,"1,470,000.00",S,,,0,,,0,,,,1,0,,,,,,,,,0,,,,,,,,,F,,,0,,WE,2/20/17,2/20/17,10:50:21 PM,GBI-056,,MIGO_GR,,0,,,,,,,12:00:00 AM,,,,,,,,,,,0,,,,,
375,5000001990,2017,1,1,0,0,0,101,,AAA LUBE,SC00,RM00,,,,,,125021,,,0,0,,S,USD,75000.00,0,75000.00,,0,,9,DR,9,DR,9,DR,4500000490,10,,,0,,,0,X,,,,,,NA00,,,,,,,,,,,,2017,,,US00,,0,,0,0,0,,0,2,,,,,,,,,B,,,,0,,,,,0,0,0,,,,,0,,0,0,0,,,,,0,,,,0,0,0,,,,5,DR,,125021,0,0,,0,,0,0,,,,,AAA LUBE,,ME01,WE01,X,X,101,"1,515,000.00",S,,,0,,,0,,,,1,0,,,,,,,,,0,,,,,,,,,F,,,0,,WE,2/20/17,2/20/17,10:51:01 PM,GBI-041,,MIGO_GR,,0,,,,,,,12:00:00 AM,,,,,,,,,,,0,,,,,
375,5000001991,2017,1,1,0,0,0,101,,AAA LUBE,SC00,RM00,,,,,,125021,,,0,0,,S,USD,75000.00,0,75000.00,,0,,12,DR,12,DR,12,DR,4500000477,10,,,0,,,0,X,,,,,,NA00,,,,,,,,,,,,2017,,,US00,,0,,0,0,0,,0,2,,,,,,,,,B,,,,0,,,,,0,0,0,,,,,0,,0,0,0,,,,,0,,,,0,0,0,,,,5,DR,,125021,0,0,,0,,0,0,,,,,AAA LUBE,,ME01,WE01,X,X,106,"1,590,000.00",S,,,0,,,0,,,,1,0,,,,,,,,,0,,,,,,,,,F,,,0,,WE,2/20/17,2/20/17,10:51:20 PM,GBI-056,,MIGO_GR,,0,,,,,,,12:00:00 AM,,,,,,,,,,,0,,,,,
375,5000001992,2017,1,1,0,0,0,101,,AAA LUBE,SC00,RM00,,,,,,125021,,,0,0,,S,USD,90000.00,0,90000.00,,0,,6,DR,6,DR,6,DR,4500000491,10,,,0,,,0,X,,,,,,NA00,,,,,,,,,,,,2017,,,US00,,0,,0,0,0,,0,2,,,,,,,,,B,,,,0,,,,,0,0,0,,,,,0,,0,0,0,,,,,0,,,,0,0,0,,,,6,DR,,125021,0,0,,0,,0,0,,,,,AAA LUBE,,ME01,WE01,X,X,111,"1,665,000.00",S,,,0,,,0,,,,1,0,,,,,,,,,0,,,,,,,,,F,,,0,,WE,2/20/17,2/20/17,10:53:08 PM,GBI-041,,MIGO_GR,,0,,,,,,,12:00:00 AM,,,,,,,,,,,0,,,,,
375,5000001993,2017,1,1,0,0,0,101,,AAA LUBE,SC00,RM00,,,,,,125021,,,0,0,,S,USD,75000.00,0,75000.00,,0,,14,DR,14,DR,14,DR,4500000492,10,,,0,,,0,X,,,,,,NA00,,,,,,,,,,,,2017,,,US00,,0,,0,0,0,,0,2,,,,,,,,,B,,,,0,,,,,0,0,0,,,,,0,,0,0,0,,,,,0,,,,0,0,0,,,,5,DR,,125021,0,0,,0,,0,0,,,,,AAA LUBE,,ME01,WE01,X,X,117,"1,755,000.00",S,,,0,,,0,,,,1,0,,,,,,,,,0,,,,,,,,,F,,,0,,WE,2/20/17,2/20/17,10:55:39 PM,GBI-041,,MIGO_GR,,0,,,,,,,12:00:00 AM,,,,,,,,,,,0,,,,,
375,5000001994,2017,1,1,0,0,0,101,,BLUEPAINT,SC00,RM00,,,,,,125131,,,0,0,,S,USD,1020.00,0,1020.00,,0,,685,L,685,L,685,L,4500000432,10,,,0,,,0,X,,,,,,NA00,,,,,,,,,,,,2017,,,US00,,0,,0,0,0,,0,2,,,,,,,,,B,,,,0,,,,,0,0,0,,,,,0,,0,0,0,,,,,0,,,,0,0,0,,,,102,L,,125131,0,0,,0,,0,0,,,,,BLUEPAINT,,ME01,WE01,X,X,"2,083","20,830.00",S,,,0,,,0,,,,1,0,,,,,,,,,0,,,,,,,,,F,,,0,,WE,2/20/17,2/20/17,11:00:10 PM,GBI-045,,MIGO_GR,,0,,,,,,,12:00:00 AM,,,,,,,,,,,0,,,,,
375,5000001995,2017,1,1,0,0,0,101,,BLUEPAINT,SC00,RM00,,,,,,125131,,,0,0,,S,USD,1030.00,0,1030.00,,0,,610,L,610,L,610,L,4500000436,10,,,0,,,0,X,,,,,,NA00,,,,,,,,,,,,2017,,,US00,,0,,0,0,0,,0,2,,,,,,,,,B,,,,0,,,,,0,0,0,,,,,0,,0,0,0,,,,,0,,,,0,0,0,,,,103,L,,125131,0,0,,0,,0,0,,,,,BLUEPAINT,,ME01,WE01,X,X,"2,185","21,850.00",S,,,0,,,0,,,,1,0,,,,,,,,,0,,,,,,,,,F,,,0,,WE,2/20/17,2/20/17,11:01:29 PM,GBI-045,,MIGO_GR,,0,,,,,,,12:00:00 AM,,,,,,,,,,,0,,,,,
375,5000001996,2017,1,1,0,0,0,101,,BLUEPAINT,SC00,RM00,,,,,,125131,,,0,0,,S,USD,970.00,0,970.00,,0,,643,L,643,L,643,L,4500000440,10,,,0,,,0,X,,,,,,NA00,,,,,,,,,,,,2017,,,US00,,0,,0,0,0,,0,2,,,,,,,,,B,,,,0,,,,,0,0,0,,,,,0,,0,0,0,,,,,0,,,,0,0,0,,,,97,L,,125131,0,0,,0,,0,0,,,,,BLUEPAINT,,ME01,WE01,X,X,"2,288","22,880.00",S,,,0,,,0,,,,1,0,,,,,,,,,0,,,,,,,,,F,,,0,,WE,2/20/17,2/20/17,11:02:22 PM,GBI-045,,MIGO_GR,,0,,,,,,,12:00:00 AM,,,,,,,,,,,0,,,,,
375,5000001997,2017,1,1,0,0,0,101,,BLUEPAINT,SC00,RM00,,,,,,125131,,,0,0,,S,USD,1000.00,0,1000.00,,0,,880,L,880,L,880,L,4500000443,10,,,0,,,0,X,,,,,,NA00,,,,,,,,,,,,2017,,,US00,,0,,0,0,0,,0,2,,,,,,,,,B,,,,0,,,,,0,0,0,,,,,0,,0,0,0,,,,,0,,,,0,0,0,,,,100,L,,125131,0,0,,0,,0,0,,,,,BLUEPAINT,,ME01,WE01,X,X,"2,385","23,850.00",S,,,0,,,0,,,,1,0,,,,,,,,,0,,,,,,,,,F,,,0,,WE,2/20/17,2/20/17,11:03:06 PM,GBI-045,,MIGO_GR,,0,,,,,,,12:00:00 AM,,,,,,,,,,,0,,,,,
375,5000001998,2017,1,1,0,0,0,101,,BLUEPAINT,SC00,RM00,,,,,,125133,,,0,0,,S,USD,1010.00,0,1010.00,,0,,186,L,186,L,186,L,4500000493,10,,,0,,,0,X,,,,,,NA00,,,,,,,,,,,,2017,,,US00,,0,,0,0,0,,0,2,,,,,,,,,B,,,,0,,,,,0,0,0,,,,,0,,0,0,0,,,,,0,,,,0,0,0,,,,101,L,,125133,0,0,,0,,0,0,,,,,BLUEPAINT,,ME01,WE01,X,X,"2,485","24,850.00",S,,,0,,,0,,,,1,0,,,,,,,,,0,,,,,,,,,F,,,0,,WE,2/21/17,2/21/17,10:33:19 AM,GBI-044,,MIGO_GR,,0,,,,,,,12:00:00 AM,,,,,,,,,,,0,,,,,
375,5000001999,2017,1,1,0,0,0,101,,BLUEPAINT,SC00,RM00,,,,,,125133,,,0,0,,S,USD,1000.00,0,1000.00,,0,,970,L,970,L,970,L,4500000494,10,,,0,,,0,X,,,,,,NA00,,,,,,,,,,,,2017,,,US00,,0,,0,0,0,,0,2,,,,,,,,,B,,,,0,,,,,0,0,0,,,,,0,,0,0,0,,,,,0,,,,0,0,0,,,,100,L,,125133,0,0,,0,,0,0,,,,,BLUEPAINT,,ME01,WE01,X,X,"2,586","25,860.00",S,,,0,,,0,,,,1,0,,,,,,,,,0,,,,,,,,,F,,,0,,WE,2/21/17,2/21/17,10:34:10 AM,GBI-044,,MIGO_GR,,0,,,,,,,12:00:00 AM,,,,,,,,,,,0,,,,,
375,5000002000,2017,1,1,0,0,0,101,,BLUEPAINT,SC00,RM00,,,,,,125133,,,0,0,,S,USD,990.00,0,990.00,,0,,437,L,437,L,437,L,4500000495,10,,,0,,,0,X,,,,,,NA00,,,,,,,,,,,,2017,,,US00,,0,,0,0,0,,0,2,,,,,,,,,B,,,,0,,,,,0,0,0,,,,,0,,0,0,0,,,,,0,,,,0,0,0,,,,99,L,,125133,0,0,,0,,0,0,,,,,BLUEPAINT,,ME01,WE01,X,X,"2,686","26,860.00",S,,,0,,,0,,,,1,0,,,,,,,,,0,,,,,,,,,F,,,0,,WE,2/21/17,2/21/17,10:35:38 AM,GBI-044,,MIGO_GR,,0,,,,,,,12:00:00 AM,,,,,,,,,,,0,,,,,
375,5000002001,2017,1,1,0,0,0,101,,BLUEPAINT,SC00,RM00,,,,,,125133,,,0,0,,S,USD,1020.00,0,1020.00,,0,,690,L,690,L,690,L,4500000496,10,,,0,,,0,X,,,,,,NA00,,,,,,,,,,,,2017,,,US00,,0,,0,0,0,,0,2,,,,,,,,,B,,,,0,,,,,0,0,0,,,,,0,,0,0,0,,,,,0,,,,0,0,0,,,,102,L,,125133,0,0,,0,,0,0,,,,,BLUEPAINT,,ME01,WE01,X,X,"2,785","27,850.00",S,,,0,,,0,,,,1,0,,,,,,,,,0,,,,,,,,,F,,,0,,WE,2/21/17,2/21/17,10:36:15 AM,GBI-044,,MIGO_GR,,0,,,,,,,12:00:00 AM,,,,,,,,,,,0,,,,,
375,5000002002,2017,1,1,0,0,0,101,,BLUEPAINT,SC00,RM00,,,,,,125133,,,0,0,,S,USD,980.00,0,980.00,,0,,834,L,834,L,834,L,4500000497,10,,,0,,,0,X,,,,,,NA00,,,,,,,,,,,,2017,,,US00,,0,,0,0,0,,0,2,,,,,,,,,B,,,,0,,,,,0,0,0,,,,,0,,0,0,0,,,,,0,,,,0,0,0,,,,98,L,,125133,0,0,,0,,0,0,,,,,BLUEPAINT,,ME01,WE01,X,X,"2,887","28,870.00",S,,,0,,,0,,,,1,0,,,,,,,,,0,,,,,,,,,F,,,0,,WE,2/21/17,2/21/17,10:36:50 AM,GBI-044,,MIGO_GR,,0,,,,,,,12:00:00 AM,,,,,,,,,,,0,,,,,
375,5000002003,2017,1,1,0,0,0,101,,AAA LUBE,SC00,RM00,,,,,,125021,,,0,0,,S,USD,75000.00,0,75000.00,,0,,6,DR,6,DR,6,DR,4500000498,10,,,0,,,0,X,,,,,,NA00,,,,,,,,,,,,2017,,,US00,,0,,0,0,0,,0,2,,,,,,,,,B,,,,0,,,,,0,0,0,,,,,0,,0,0,0,,,,,0,,,,0,0,0,,,,5,DR,,125021,0,0,,0,,0,0,,,,,AAA LUBE,,ME01,WE01,X,X,122,"1,830,000.00",S,,,0,,,0,,,,1,0,,,,,,,,,0,,,,,,,,,F,,,0,,WE,2/21/17,2/21/17,3:30:07 PM,GBI-030,,MIGO_GR,,0,,,,,,,12:00:00 AM,,,,,,,,,,,0,,,,,
375,5000002004,2017,1,1,0,0,0,101,,AAA LUBE,SC00,RM00,,,,,,125021,,,0,0,,S,USD,60000.00,0,60000.00,,0,,12,DR,12,DR,12,DR,4500000499,10,,,0,,,0,X,,,,,,NA00,,,,,,,,,,,,2017,,,US00,,0,,0,0,0,,0,2,,,,,,,,,B,,,,0,,,,,0,0,0,,,,,0,,0,0,0,,,,,0,,,,0,0,0,,,,4,DR,,125021,0,0,,0,,0,0,,,,,AAA LUBE,,ME01,WE01,X,X,127,"1,905,000.00",S,,,0,,,0,,,,1,0,,,,,,,,,0,,,,,,,,,F,,,0,,WE,2/21/17,2/21/17,3:30:35 PM,GBI-030,,MIGO_GR,,0,,,,,,,12:00:00 AM,,,,,,,,,,,0,,,,,
375,5000002005,2017,1,1,0,0,0,101,,AAA LUBE,SC00,RM00,,,,,,125021,,,0,0,,S,USD,150000.00,0,150000.00,,0,,16,DR,16,DR,16,DR,4500000500,10,,,0,,,0,X,,,,,,NA00,,,,,,,,,,,,2017,,,US00,,0,,0,0,0,,0,2,,,,,,,,,B,,,,0,,,,,0,0,0,,,,,0,,0,0,0,,,,,0,,,,0,0,0,,,,10,DR,,125021,0,0,,0,,0,0,,,,,AAA LUBE,,ME01,WE01,X,X,131,"1,965,000.00",S,,,0,,,0,,,,1,0,,,,,,,,,0,,,,,,,,,2,,,0,,WE,2/21/17,2/21/17,3:31:05 PM,GBI-030,,MIGO_GR,,0,,,,,,,12:00:00 AM,,,,,,,,,,,0,,,,,
375,5000002006,2017,1,1,0,0,0,101,,AAA LUBE,SC00,RM00,,,,,,125021,,,0,0,,S,USD,75000.00,0,75000.00,,0,,23,DR,23,DR,23,DR,4500000501,10,,,0,,,0,X,,,,,,NA00,,,,,,,,,,,,2017,,,US00,,0,,0,0,0,,0,2,,,,,,,,,B,,,,0,,,,,0,0,0,,,,,0,,0,0,0,,,,,0,,,,0,0,0,,,,5,DR,,125021,0,0,,0,,0,0,,,,,AAA LUBE,,ME01,WE01,X,X,141,"2,115,000.00",S,,,0,,,0,,,,1,0,,,,,,,,,0,,,,,,,,,F,,,0,,WE,2/21/17,2/21/17,3:31:36 PM,GBI-030,,MIGO_GR,,0,,,,,,,12:00:00 AM,,,,,,,,,,,0,,,,,
375,5000002007,2017,1,1,0,0,0,101,,AAA LUBE,SC00,RM00,,,,,,125021,,,0,0,,S,USD,105000.00,0,105000.00,,0,,12,DR,12,DR,12,DR,4500000502,10,,,0,,,0,X,,,,,,NA00,,,,,,,,,,,,2017,,,US00,,0,,0,0,0,,0,2,,,,,,,,,B,,,,0,,,,,0,0,0,,,,,0,,0,0,0,,,,,0,,,,0,0,0,,,,7,DR,,125021,0,0,,0,,0,0,,,,,AAA LUBE,,ME01,WE01,X,X,146,"2,190,000.00",S,,,0,,,0,,,,1,0,,,,,,,,,0,,,,,,,,,F,,,0,,WE,2/21/17,2/21/17,3:31:59 PM,GBI-030,,MIGO_GR,,0,,,,,,,12:00:00 AM,,,,,,,,,,,0,,,,,
375,5000002008,2017,1,1,0,0,0,101,,BLUEPAINT,SC00,RM00,,,,,,125134,,,0,0,,S,USD,950.00,0,950.00,,0,,104,L,104,L,104,L,4500000508,10,,,0,,,0,X,,,,,,NA00,,,,,,,,,,,,2017,,,US00,,0,,0,0,0,,0,2,,,,,,,,,B,,,,0,,,,,0,0,0,,,,,0,,0,0,0,,,,,0,,,,0,0,0,,,,95,L,,125134,0,0,,0,,0,0,,,,,BLUEPAINT,,ME01,WE01,X,X,"2,985","29,850.00",S,,,0,,,0,,,,1,0,,,,,,,,,0,,,,,,,,,F,,,0,,WE,2/21/17,2/21/17,7:14:40 PM,GBI-063,,MIGO_GR,,0,,,,,,,12:00:00 AM,,,,,,,,,,,0,,,,,
375,5000002009,2017,1,1,0,0,0,101,,BLUEPAINT,SC00,RM00,,,,,,125134,,,0,0,,S,USD,1020.00,0,1020.00,,0,,965,L,965,L,965,L,4500000509,10,,,0,,,0,X,,,,,,NA00,,,,,,,,,,,,2017,,,US00,,0,,0,0,0,,0,2,,,,,,,,,B,,,,0,,,,,0,0,0,,,,,0,,0,0,0,,,,,0,,,,0,0,0,,,,102,L,,125134,0,0,,0,,0,0,,,,,BLUEPAINT,,ME01,WE01,X,X,"3,080","30,800.00",S,,,0,,,0,,,,1,0,,,,,,,,,0,,,,,,,,,F,,,0,,WE,2/21/17,2/21/17,7:16:06 PM,GBI-063,,MIGO_GR,,0,,,,,,,12:00:00 AM,,,,,,,,,,,0,,,,,
375,5000002010,2017,1,1,0,0,0,101,,BLUEPAINT,SC00,RM00,,,,,,125134,,,0,0,,S,USD,980.00,0,980.00,,0,,1071,L,1071,L,1071,L,4500000510,10,,,0,,,0,X,,,,,,NA00,,,,,,,,,,,,2017,,,US00,,0,,0,0,0,,0,2,,,,,,,,,B,,,,0,,,,,0,0,0,,,,,0,,0,0,0,,,,,0,,,,0,0,0,,,,98,L,,125134,0,0,,0,,0,0,,,,,BLUEPAINT,,ME01,WE01,X,X,"3,182","31,820.00",S,,,0,,,0,,,,1,0,,,,,,,,,0,,,,,,,,,F,,,0,,WE,2/21/17,2/21/17,7:16:48 PM,GBI-063,,MIGO_GR,,0,,,,,,,12:00:00 AM,,,,,,,,,,,0,,,,,
375,5000002011,2017,1,1,0,0,0,101,,BLUEPAINT,SC00,RM00,,,,,,125134,,,0,0,,S,USD,1010.00,0,1010.00,,0,,824,L,824,L,824,L,4500000511,10,,,0,,,0,X,,,,,,NA00,,,,,,,,,,,,2017,,,US00,,0,,0,0,0,,0,2,,,,,,,,,B,,,,0,,,,,0,0,0,,,,,0,,0,0,0,,,,,0,,,,0,0,0,,,,101,L,,125134,0,0,,0,,0,0,,,,,BLUEPAINT,,ME01,WE01,X,X,"3,280","32,800.00",S,,,0,,,0,,,,1,0,,,,,,,,,0,,,,,,,,,F,,,0,,WE,2/21/17,2/21/17,7:17:20 PM,GBI-063,,MIGO_GR,,0,,,,,,,12:00:00 AM,,,,,,,,,,,0,,,,,
375,5000002012,2017,1,1,0,0,0,101,,BLUEPAINT,SC00,RM00,,,,,,125134,,,0,0,,S,USD,1040.00,0,1040.00,,0,,991,L,991,L,991,L,4500000512,10,,,0,,,0,X,,,,,,NA00,,,,,,,,,,,,2017,,,US00,,0,,0,0,0,,0,2,,,,,,,,,B,,,,0,,,,,0,0,0,,,,,0,,0,0,0,,,,,0,,,,0,0,0,,,,104,L,,125134,0,0,,0,,0,0,,,,,BLUEPAINT,,ME01,WE01,X,X,"3,381","33,810.00",S,,,0,,,0,,,,1,0,,,,,,,,,0,,,,,,,,,F,,,0,,WE,2/21/17,2/21/17,7:17:49 PM,GBI-063,,MIGO_GR,,0,,,,,,,12:00:00 AM,,,,,,,,,,,0,,,,,
375,5000002013,2017,1,1,0,0,0,101,,AAA LUBE,SC00,RM00,,,,,,125021,,,0,0,,S,USD,150000.00,0,150000.00,,0,,13,DR,13,DR,13,DR,4500000503,10,,,0,,,0,X,,,,,,NA00,,,,,,,,,,,,2017,,,US00,,0,,0,0,0,,0,2,,,,,,,,,B,,,,0,,,,,0,0,0,,,,,0,,0,0,0,,,,,0,,,,0,0,0,,,,10,DR,,125021,0,0,,0,,0,0,,,,,AAA LUBE,,ME01,WE01,X,X,153,"2,295,000.00",S,,,0,,,0,,,,1,0,,,,,,,,,0,,,,,,,,,F,,,0,,WE,2/23/17,2/23/17,2:48:38 PM,GBI-052,,MIGO_GR,,0,,,,,,,12:00:00 AM,,,,,,,,,,,0,,,,,
375,5000002014,2017,1,1,0,0,0,101,,BLUEPAINT,SC00,RM00,,,,,,125132,,,0,0,,S,USD,980.00,0,980.00,,0,,455,L,455,L,455,L,4500000448,10,,,0,,,0,X,,,,,,NA00,,,,,,,,,,,,2017,,,US00,,0,,0,0,0,,0,2,,,,,,,,,B,,,,0,,,,,0,0,0,,,,,0,,0,0,0,,,,,0,,,,0,0,0,,,,98,L,,125132,0,0,,0,,0,0,,,,,BLUEPAINT,,ME01,WE01,X,X,698,"6,980.00",S,,,0,,,0,,,,1,0,,,,,,,,,0,,,,,,,,,F,,,0,,WE,2/20/17,2/20/17,6:55:46 PM,GBI-053,,MIGO_GR,,0,,,,,,,12:00:00 AM,,,,,,,,,,,0,,,,,
375,5000002015,2017,1,1,0,0,0,101,,BLUEPAINT,SC00,RM00,,,,,,125136,,,0,0,,S,USD,990.00,0,990.00,,0,,445,L,445,L,445,L,4500000449,10,,,0,,,0,X,,,,,,NA00,,,,,,,,,,,,2017,,,US00,,0,,0,0,0,,0,2,,,,,,,,,B,,,,0,,,,,0,0,0,,,,,0,,0,0,0,,,,,0,,,,0,0,0,,,,99,L,,125136,0,0,,0,,0,0,,,,,BLUEPAINT,,ME01,WE01,X,X,796,"7,960.00",S,,,0,,,0,,,,1,0,,,,,,,,,0,,,,,,,,,F,,,0,,WE,2/20/17,2/20/17,6:55:52 PM,GBI-009,,MIGO_GR,,0,,,,,,,12:00:00 AM,,,,,,,,,,,0,,,,,
375,5000002016,2017,1,1,0,0,0,101,,BLUEPAINT,SC00,RM00,,,,,,125133,,,0,0,,S,USD,1000.00,0,1000.00,,0,,788,L,788,L,788,L,4500000435,10,,,0,,,0,X,,,,,,NA00,,,,,,,,,,,,2017,,,US00,,0,,0,0,0,,0,2,,,,,,,,,B,,,,0,,,,,0,0,0,,,,,0,,0,0,0,,,,,0,,,,0,0,0,,,,100,L,,125133,0,0,,0,,0,0,,,,,BLUEPAINT,,ME01,WE01,X,X,895,"8,950.00",S,,,0,,,0,,,,1,0,,,,,,,,,0,,,,,,,,,F,,,0,,WE,2/20/17,2/20/17,6:56:09 PM,GBI-044,,MIGO_GR,,0,,,,,,,12:00:00 AM,,,,,,,,,,,0,,,,,
375,5000002017,2017,1,1,0,0,0,101,,BLUEPAINT,SC00,RM00,,,,,,125132,,,0,0,,S,USD,950.00,0,950.00,,0,,869,L,869,L,869,L,4500000445,10,,,0,,,0,X,,,,,,NA00,,,,,,,,,,,,2017,,,US00,,0,,0,0,0,,0,2,,,,,,,,,B,,,,0,,,,,0,0,0,,,,,0,,0,0,0,,,,,0,,,,0,0,0,,,,95,L,,125132,0,0,,0,,0,0,,,,,BLUEPAINT,,ME01,WE01,X,X,995,"9,950.00",S,,,0,,,0,,,,1,0,,,,,,,,,0,,,,,,,,,F,,,0,,WE,2/20/17,2/20/17,6:56:29 PM,GBI-053,,MIGO_GR,,0,,,,,,,12:00:00 AM,,,,,,,,,,,0,,,,,
375,5000002018,2017,1,1,0,0,0,101,,BLUEPAINT,SC00,RM00,,,,,,125136,,,0,0,,S,USD,1010.00,0,1010.00,,0,,562,L,562,L,562,L,4500000438,10,,,0,,,0,X,,,,,,NA00,,,,,,,,,,,,2017,,,US00,,0,,0,0,0,,0,2,,,,,,,,,B,,,,0,,,,,0,0,0,,,,,0,,0,0,0,,,,,0,,,,0,0,0,,,,101,L,,125136,0,0,,0,,0,0,,,,,BLUEPAINT,,ME01,WE01,X,X,"1,090","10,900.00",S,,,0,,,0,,,,1,0,,,,,,,,,0,,,,,,,,,F,,,0,,WE,2/20/17,2/20/17,6:56:38 PM,GBI-009,,MIGO_GR,,0,,,,,,,12:00:00 AM,,,,,,,,,,,0,,,,,
375,5000002019,2017,1,1,0,0,0,101,,BLUEPAINT,SC00,RM00,,,,,,125135,,,0,0,,S,USD,1040.00,0,1040.00,,0,,789,L,789,L,789,L,4500000437,10,,,0,,,0,X,,,,,,NA00,,,,,,,,,,,,2017,,,US00,,0,,0,0,0,,0,2,,,,,,,,,B,,,,0,,,,,0,0,0,,,,,0,,0,0,0,,,,,0,,,,0,0,0,,,,104,L,,125135,0,0,,0,,0,0,,,,,BLUEPAINT,,ME01,WE01,X,X,"1,191","11,910.00",S,,,0,,,0,,,,1,0,,,,,,,,,0,,,,,,,,,F,,,0,,WE,2/20/17,2/20/17,6:57:04 PM,GBI-054,,MIGO_GR,,0,,,,,,,12:00:00 AM,,,,,,,,,,,0,,,,,
375,5000002020,2017,1,1,0,0,0,101,,BLUEPAINT,SC00,RM00,,,,,,125132,,,0,0,,S,USD,990.00,0,990.00,,0,,541,L,541,L,541,L,4500000442,10,,,0,,,0,X,,,,,,NA00,,,,,,,,,,,,2017,,,US00,,0,,0,0,0,,0,2,,,,,,,,,B,,,,0,,,,,0,0,0,,,,,0,,0,0,0,,,,,0,,,,0,0,0,,,,99,L,,125132,0,0,,0,,0,0,,,,,BLUEPAINT,,ME01,WE01,X,X,"1,295","12,950.00",S,,,0,,,0,,,,1,0,,,,,,,,,0,,,,,,,,,F,,,0,,WE,2/20/17,2/20/17,6:57:04 PM,GBI-053,,MIGO_GR,,0,,,,,,,12:00:00 AM,,,,,,,,,,,0,,,,,
375,5000002021,2017,1,1,0,0,0,101,,BLUEPAINT,SC00,RM00,,,,,,125133,,,0,0,,S,USD,990.00,0,990.00,,0,,673,L,673,L,673,L,4500000439,10,,,0,,,0,X,,,,,,NA00,,,,,,,,,,,,2017,,,US00,,0,,0,0,0,,0,2,,,,,,,,,B,,,,0,,,,,0,0,0,,,,,0,,0,0,0,,,,,0,,,,0,0,0,,,,99,L,,125133,0,0,,0,,0,0,,,,,BLUEPAINT,,ME01,WE01,X,X,"1,394","13,940.00",S,,,0,,,0,,,,1,0,,,,,,,,,0,,,,,,,,,F,,,0,,WE,2/20/17,2/20/17,6:57:07 PM,GBI-044,,MIGO_GR,,0,,,,,,,12:00:00 AM,,,,,,,,,,,0,,,,,
375,5000002022,2017,1,1,0,0,0,101,,BLUEPAINT,SC00,RM00,,,,,,125136,,,0,0,,S,USD,980.00,0,980.00,,0,,182,L,182,L,182,L,4500000431,10,,,0,,,0,X,,,,,,NA00,,,,,,,,,,,,2017,,,US00,,0,,0,0,0,,0,2,,,,,,,,,B,,,,0,,,,,0,0,0,,,,,0,,0,0,0,,,,,0,,,,0,0,0,,,,98,L,,125136,0,0,,0,,0,0,,,,,BLUEPAINT,,ME01,WE01,X,X,"1,493","14,930.00",S,,,0,,,0,,,,1,0,,,,,,,,,0,,,,,,,,,F,,,0,,WE,2/20/17,2/20/17,6:57:34 PM,GBI-009,,MIGO_GR,,0,,,,,,,12:00:00 AM,,,,,,,,,,,0,,,,,
375,5000002023,2017,1,1,0,0,0,101,,BLUEPAINT,SC00,RM00,,,,,,125132,,,0,0,,S,USD,960.00,0,960.00,,0,,152,L,152,L,152,L,4500000429,10,,,0,,,0,X,,,,,,NA00,,,,,,,,,,,,2017,,,US00,,0,,0,0,0,,0,2,,,,,,,,,B,,,,0,,,,,0,0,0,,,,,0,,0,0,0,,,,,0,,,,0,0,0,,,,96,L,,125132,0,0,,0,,0,0,,,,,BLUEPAINT,,ME01,WE01,X,X,"1,591","15,910.00",S,,,0,,,0,,,,1,0,,,,,,,,,0,,,,,,,,,F,,,0,,WE,2/20/17,2/20/17,6:57:51 PM,GBI-053,,MIGO_GR,,0,,,,,,,12:00:00 AM,,,,,,,,,,,0,,,,,
375,5000002024,2017,1,1,0,0,0,101,,BLUEPAINT,SC00,RM00,,,,,,125133,,,0,0,,S,USD,1020.00,0,1020.00,,0,,926,L,926,L,926,L,4500000446,10,,,0,,,0,X,,,,,,NA00,,,,,,,,,,,,2017,,,US00,,0,,0,0,0,,0,2,,,,,,,,,B,,,,0,,,,,0,0,0,,,,,0,,0,0,0,,,,,0,,,,0,0,0,,,,102,L,,125133,0,0,,0,,0,0,,,,,BLUEPAINT,,ME01,WE01,X,X,"1,687","16,870.00",S,,,0,,,0,,,,1,0,,,,,,,,,0,,,,,,,,,F,,,0,,WE,2/20/17,2/20/17,6:58:25 PM,GBI-044,,MIGO_GR,,0,,,,,,,12:00:00 AM,,,,,,,,,,,0,,,,,
375,5000002025,2017,1,1,0,0,0,101,,BLUEPAINT,SC00,RM00,,,,,,125135,,,0,0,,S,USD,970.00,0,970.00,,0,,891,L,891,L,891,L,4500000441,10,,,0,,,0,X,,,,,,NA00,,,,,,,,,,,,2017,,,US00,,0,,0,0,0,,0,2,,,,,,,,,B,,,,0,,,,,0,0,0,,,,,0,,0,0,0,,,,,0,,,,0,0,0,,,,97,L,,125135,0,0,,0,,0,0,,,,,BLUEPAINT,,ME01,WE01,X,X,"1,789","17,890.00",S,,,0,,,0,,,,1,0,,,,,,,,,0,,,,,,,,,F,,,0,,WE,2/20/17,2/20/17,6:58:29 PM,GBI-054,,MIGO_GR,,0,,,,,,,12:00:00 AM,,,,,,,,,,,0,,,,,
375,5000002026,2017,1,1,0,0,0,101,,BLUEPAINT,SC00,RM00,,,,,,125135,,,0,0,,S,USD,990.00,0,990.00,,0,,1052,L,1052,L,1052,L,4500000444,10,,,0,,,0,X,,,,,,NA00,,,,,,,,,,,,2017,,,US00,,0,,0,0,0,,0,2,,,,,,,,,B,,,,0,,,,,0,0,0,,,,,0,,0,0,0,,,,,0,,,,0,0,0,,,,99,L,,125135,0,0,,0,,0,0,,,,,BLUEPAINT,,ME01,WE01,X,X,"1,886","18,860.00",S,,,0,,,0,,,,1,0,,,,,,,,,0,,,,,,,,,F,,,0,,WE,2/20/17,2/20/17,6:59:25 PM,GBI-054,,MIGO_GR,,0,,,,,,,12:00:00 AM,,,,,,,,,,,0,,,,,
375,5000002027,2017,1,1,0,0,0,101,,BLUEPAINT,SC00,RM00,,,,,,125133,,,0,0,,S,USD,980.00,0,980.00,,0,,1060,L,1060,L,1060,L,4500000447,10,,,0,,,0,X,,,,,,NA00,,,,,,,,,,,,2017,,,US00,,0,,0,0,0,,0,2,,,,,,,,,B,,,,0,,,,,0,0,0,,,,,0,,0,0,0,,,,,0,,,,0,0,0,,,,98,L,,125133,0,0,,0,,0,0,,,,,BLUEPAINT,,ME01,WE01,X,X,"1,985","19,850.00",S,,,0,,,0,,,,1,0,,,,,,,,,0,,,,,,,,,F,,,0,,WE,2/20/17,2/20/17,6:59:42 PM,GBI-044,,MIGO_GR,,0,,,,,,,12:00:00 AM,,,,,,,,,,,0,,,,,
375,5000002028,2017,1,1,0,0,0,101,,BLUEPAINT,SC00,RM00,,,,,,125105,,,0,0,,S,USD,62500.00,0,62500.00,,0,,279,L,279,L,279,L,4500000464,10,2017,1000000060,1,,,0,,,,,,,NA00,BI00,,NAIS1000,,,,,,,,,2017,,,US00,,0,,0,0,0,,0,2,,,,,,,,,B,V,,,0,,,,,0,0,0,,,,,0,,0,1,0,,,,,0,,,,0,0,0,,,770000,1,AU,,,0,0,,1,,0,0,,,,,,,ME02,WE06,,,0,0,,,,0,,,0,,,,1,0,,,,,,,,,0,,,,,,,,,F,,,0,,WE,2/20/17,2/20/17,7:37:42 PM,GBI-034,,ML81N,,0,,,,,,,12:00:00 AM,,,,,,,,,,,0,,,,,
375,5000002029,2017,1,1,0,0,0,101,,BLUEPAINT,SC00,RM00,,,,,,125107,,,0,0,,S,USD,111000.00,0,111000.00,,0,,811,L,811,L,811,L,4500000465,10,2017,1000000062,1,,,0,,,,,,,NA00,BI00,,NAIS1000,,,,,,,,,2017,,,US00,,0,,0,0,0,,0,2,,,,,,,,,B,V,,,0,,,,,0,0,0,,,,,0,,0,1,0,,,,,0,,,,0,0,0,,,770000,1,AU,,,0,0,,1,,0,0,,,,,,,ME02,WE06,,,0,0,,,,0,,,0,,,,1,0,,,,,,,,,0,,,,,,,,,F,,,0,,WE,2/20/17,2/20/17,7:54:29 PM,GBI-049,,ML81N,,0,,,,,,,12:00:00 AM,,,,,,,,,,,0,,,,,
375,5000002030,2017,1,1,0,0,0,101,,BLUEPAINT,SC00,RM00,,,,,,125107,,,0,0,,S,USD,74750.00,0,74750.00,,0,,495,L,495,L,495,L,4500000466,10,2017,1000000061,1,,,0,,,,,,,NA00,BI00,,NAIS1000,,,,,,,,,2017,,,US00,,0,,0,0,0,,0,2,,,,,,,,,B,V,,,0,,,,,0,0,0,,,,,0,,0,1,0,,,,,0,,,,0,0,0,,,770000,1,AU,,,0,0,,1,,0,0,,,,,,,ME02,WE06,,,0,0,,,,0,,,0,,,,1,0,,,,,,,,,0,,,,,,,,,F,,,0,,WE,2/20/17,2/20/17,7:55:08 PM,GBI-034,,ML81N,,0,,,,,,,12:00:00 AM,,,,,,,,,,,0,,,,,
375,5000002031,2017,1,1,0,0,0,101,,BLUEPAINT,SC00,RM00,,,,,,125107,,,0,0,,S,USD,48000.00,0,48000.00,,0,,854,L,854,L,854,L,4500000468,10,2017,1000000063,1,,,0,,,,,,,NA00,BI00,,NAIS1000,,,,,,,,,2017,,,US00,,0,,0,0,0,,0,2,,,,,,,,,B,V,,,0,,,,,0,0,0,,,,,0,,0,1,0,,,,,0,,,,0,0,0,,,770000,1,AU,,,0,0,,1,,0,0,,,,,,,ME02,WE06,,,0,0,,,,0,,,0,,,,1,0,,,,,,,,,0,,,,,,,,,F,,,0,,WE,2/20/17,2/20/17,8:22:37 PM,GBI-049,,ML81N,,0,,,,,,,12:00:00 AM,,,,,,,,,,,0,,,,,
375,5000002032,2017,1,1,0,0,0,101,,BLUEPAINT,SC00,RM00,,,,,,125107,,,0,0,,S,USD,66000.00,0,66000.00,,0,,734,L,734,L,734,L,4500000475,10,2017,1000000064,1,,,0,,,,,,,NA00,BI00,,NAIS1000,,,,,,,,,2017,,,US00,,0,,0,0,0,,0,2,,,,,,,,,B,V,,,0,,,,,0,0,0,,,,,0,,0,1,0,,,,,0,,,,0,0,0,,,770000,1,AU,,,0,0,,1,,0,0,,,,,,,ME02,WE06,,,0,0,,,,0,,,0,,,,1,0,,,,,,,,,0,,,,,,,,,F,,,0,,WE,2/20/17,2/20/17,8:33:50 PM,GBI-049,,ML81N,,0,,,,,,,12:00:00 AM,,,,,,,,,,,0,,,,,
375,5000002033,2017,1,1,0,0,0,101,,BLUEPAINT,SC00,RM00,,,,,,125107,,,0,0,,S,USD,87750.00,0,87750.00,,0,,954,L,954,L,954,L,4500000482,10,2017,1000000065,1,,,0,,,,,,,NA00,BI00,,NAIS1000,,,,,,,,,2017,,,US00,,0,,0,0,0,,0,2,,,,,,,,,B,V,,,0,,,,,0,0,0,,,,,0,,0,1,0,,,,,0,,,,0,0,0,,,770000,1,AU,,,0,0,,1,,0,0,,,,,,,ME02,WE06,,,0,0,,,,0,,,0,,,,1,0,,,,,,,,,0,,,,,,,,,F,,,0,,WE,2/20/17,2/20/17,8:46:38 PM,GBI-049,,ML81N,,0,,,,,,,12:00:00 AM,,,,,,,,,,,0,,,,,
375,5000002034,2017,1,1,0,0,0,101,,AAA LUBE,SC00,RM00,,,,,,125021,,,0,0,,S,USD,75000.00,0,75000.00,,0,,14,DR,14,DR,14,DR,4500000484,10,,,0,,,0,X,,,,,,NA00,,,,,,,,,,,,2017,,,US00,,0,,0,0,0,,0,2,,,,,,,,,B,,,,0,,,,,0,0,0,,,,,0,,0,0,0,,,,,0,,,,0,0,0,,,,5,DR,,125021,0,0,,0,,0,0,,,,,AAA LUBE,,ME01,WE01,X,X,0,0,S,,,0,,,0,,,,1,0,,,,,,,,,0,,,,,,,,,F,,,0,,WE,2/20/17,2/20/17,10:42:51 PM,GBI-041,,MIGO_GR,,0,,,,,,,12:00:00 AM,,,,,,,,,,,0,,,,,
375,5000002035,2017,1,1,0,0,0,101,,AAA LUBE,SC00,RM00,,,,,,125021,,,0,0,,S,USD,45000.00,0,45000.00,,0,,21,DR,21,DR,21,DR,4500000483,10,,,0,,,0,X,,,,,,NA00,,,,,,,,,,,,2017,,,US00,,0,,0,0,0,,0,2,,,,,,,,,B,,,,0,,,,,0,0,0,,,,,0,,0,0,0,,,,,0,,,,0,0,0,,,,3,DR,,125021,0,0,,0,,0,0,,,,,AAA LUBE,,ME01,WE01,X,X,5,"75,000.00",S,,,0,,,0,,,,1,0,,,,,,,,,0,,,,,,,,,F,,,0,,WE,2/20/17,2/20/17,10:43:23 PM,GBI-047,,MIGO_GR,,0,,,,,,,12:00:00 AM,,,,,,,,,,,0,,,,,
375,5000002036,2017,1,1,0,0,0,101,,AAA LUBE,SC00,RM00,,,,,,125021,,,0,0,,S,USD,90000.00,0,90000.00,,0,,14,DR,14,DR,14,DR,4500000467,10,,,0,,,0,X,,,,,,NA00,,,,,,,,,,,,2017,,,US00,,0,,0,0,0,,0,2,,,,,,,,,B,,,,0,,,,,0,0,0,,,,,0,,0,0,0,,,,,0,,,,0,0,0,,,,6,DR,,125021,0,0,,0,,0,0,,,,,AAA LUBE,,ME01,WE01,X,X,8,"120,000.00",S,,,0,,,0,,,,1,0,,,,,,,,,0,,,,,,,,,2,,,0,,WE,2/20/17,2/20/17,10:43:25 PM,GBI-052,,MIGO_GR,,0,,,,,,,12:00:00 AM,,,,,,,,,,,0,,,,,
375,5000002037,2017,1,1,0,0,0,101,,AAA LUBE,SC00,RM00,,,,,,125021,,,0,0,,S,USD,90000.00,0,90000.00,,0,,19,DR,19,DR,19,DR,4500000485,10,,,0,,,0,X,,,,,,NA00,,,,,,,,,,,,2017,,,US00,,0,,0,0,0,,0,2,,,,,,,,,B,,,,0,,,,,0,0,0,,,,,0,,0,0,0,,,,,0,,,,0,0,0,,,,6,DR,,125021,0,0,,0,,0,0,,,,,AAA LUBE,,ME01,WE01,X,X,14,"210,000.00",S,,,0,,,0,,,,1,0,,,,,,,,,0,,,,,,,,,F,,,0,,WE,2/20/17,2/20/17,10:43:52 PM,GBI-047,,MIGO_GR,,0,,,,,,,12:00:00 AM,,,,,,,,,,,0,,,,,
375,5000002038,2017,1,1,0,0,0,101,,AAA LUBE,SC00,RM00,,,,,,125021,,,0,0,,S,USD,105000.00,0,105000.00,,0,,18,DR,18,DR,18,DR,4500000486,10,,,0,,,0,X,,,,,,NA00,,,,,,,,,,,,2017,,,US00,,0,,0,0,0,,0,2,,,,,,,,,B,,,,0,,,,,0,0,0,,,,,0,,0,0,0,,,,,0,,,,0,0,0,,,,7,DR,,125021,0,0,,0,,0,0,,,,,AAA LUBE,,ME01,WE01,X,X,20,"300,000.00",S,,,0,,,0,,,,1,0,,,,,,,,,0,,,,,,,,,F,,,0,,WE,2/20/17,2/20/17,10:44:29 PM,GBI-047,,MIGO_GR,,0,,,,,,,12:00:00 AM,,,,,,,,,,,0,,,,,
375,5000002039,2017,1,1,0,0,0,101,,AAA LUBE,SC00,RM00,,,,,,125021,,,0,0,,S,USD,30000.00,0,30000.00,,0,,4,DR,4,DR,4,DR,4500000487,10,,,0,,,0,X,,,,,,NA00,,,,,,,,,,,,2017,,,US00,,0,,0,0,0,,0,2,,,,,,,,,B,,,,0,,,,,0,0,0,,,,,0,,0,0,0,,,,,0,,,,0,0,0,,,,2,DR,,125021,0,0,,0,,0,0,,,,,AAA LUBE,,ME01,WE01,X,X,27,"405,000.00",S,,,0,,,0,,,,1,0,,,,,,,,,0,,,,,,,,,F,,,0,,WE,2/20/17,2/20/17,10:45:16 PM,GBI-047,,MIGO_GR,,0,,,,,,,12:00:00 AM,,,,,,,,,,,0,,,,,
375,5000002040,2017,1,1,0,0,0,101,,AAA LUBE,SC00,RM00,,,,,,125021,,,0,0,,S,USD,75000.00,0,75000.00,,0,,18,DR,18,DR,18,DR,4500000470,10,,,0,,,0,X,,,,,,NA00,,,,,,,,,,,,2017,,,US00,,0,,0,0,0,,0,2,,,,,,,,,B,,,,0,,,,,0,0,0,,,,,0,,0,0,0,,,,,0,,,,0,0,0,,,,5,DR,,125021,0,0,,0,,0,0,,,,,AAA LUBE,,ME01,WE01,X,X,29,"435,000.00",S,,,0,,,0,,,,1,0,,,,,,,,,0,,,,,,,,,2,,,0,,WE,2/20/17,2/20/17,10:45:26 PM,GBI-052,,MIGO_GR,,0,,,,,,,12:00:00 AM,,,,,,,,,,,0,,,,,
375,5000002041,2017,1,1,0,0,0,101,,AAA LUBE,SC00,RM00,,,,,,125021,,,0,0,,S,USD,15000.00,0,15000.00,,0,,10,DR,10,DR,10,DR,4500000488,10,,,0,,,0,X,,,,,,NA00,,,,,,,,,,,,2017,,,US00,,0,,0,0,0,,0,2,,,,,,,,,B,,,,0,,,,,0,0,0,,,,,0,,0,0,0,,,,,0,,,,0,0,0,,,,1,DR,,125021,0,0,,0,,0,0,,,,,AAA LUBE,,ME01,WE01,X,X,34,"510,000.00",S,,,0,,,0,,,,1,0,,,,,,,,,0,,,,,,,,,F,,,0,,WE,2/20/17,2/20/17,10:46:06 PM,GBI-047,,MIGO_GR,,0,,,,,,,12:00:00 AM,,,,,,,,,,,0,,,,,
375,5000002042,2017,1,1,0,0,0,101,,AAA LUBE,SC00,RM00,,,,,,125021,,,0,0,,S,USD,120000.00,0,120000.00,,0,,8,DR,8,DR,8,DR,4500000473,10,,,0,,,0,X,,,,,,NA00,,,,,,,,,,,,2017,,,US00,,0,,0,0,0,,0,2,,,,,,,,,B,,,,0,,,,,0,0,0,,,,,0,,0,0,0,,,,,0,,,,0,0,0,,,,8,DR,,125021,0,0,,0,,0,0,,,,,AAA LUBE,,ME01,WE01,X,X,35,"525,000.00",S,,,0,,,0,,,,1,0,,,,,,,,,0,,,,,,,,,2,,,0,,WE,2/20/17,2/20/17,10:46:19 PM,GBI-052,,MIGO_GR,,0,,,,,,,12:00:00 AM,,,,,,,,,,,0,,,,,
375,5000002043,2017,1,1,0,0,0,101,,AAA LUBE,SC00,RM00,,,,,,125021,,,0,0,,S,USD,90000.00,0,90000.00,,0,,15,DR,15,DR,15,DR,4500000469,10,,,0,,,0,X,,,,,,NA00,,,,,,,,,,,,2017,,,US00,,0,,0,0,0,,0,2,,,,,,,,,B,,,,0,,,,,0,0,0,,,,,0,,0,0,0,,,,,0,,,,0,0,0,,,,6,DR,,125021,0,0,,0,,0,0,,,,,AAA LUBE,,ME01,WE01,X,X,43,"645,000.00",S,,,0,,,0,,,,1,0,,,,,,,,,0,,,,,,,,,F,,,0,,WE,2/20/17,2/20/17,10:46:48 PM,GBI-056,,MIGO_GR,,0,,,,,,,12:00:00 AM,,,,,,,,,,,0,,,,,
375,5000002044,2017,1,1,0,0,0,101,,AAA LUBE,SC00,RM00,,,,,,125021,,,0,0,,S,USD,45000.00,0,45000.00,,0,,25,DR,25,DR,25,DR,4500000476,10,,,0,,,0,X,,,,,,NA00,,,,,,,,,,,,2017,,,US00,,0,,0,0,0,,0,2,,,,,,,,,B,,,,0,,,,,0,0,0,,,,,0,,0,0,0,,,,,0,,,,0,0,0,,,,3,DR,,125021,0,0,,0,,0,0,,,,,AAA LUBE,,ME01,WE01,X,X,49,"735,000.00",S,,,0,,,0,,,,1,0,,,,,,,,,0,,,,,,,,,2,,,0,,WE,2/20/17,2/20/17,10:46:52 PM,GBI-052,,MIGO_GR,,0,,,,,,,12:00:00 AM,,,,,,,,,,,0,,,,,
375,5000002045,2017,1,1,0,0,0,101,,AAA LUBE,SC00,RM00,,,,,,125021,,,0,0,,S,USD,75000.00,0,75000.00,,0,,10,DR,10,DR,10,DR,4500000479,10,,,0,,,0,X,,,,,,NA00,,,,,,,,,,,,2017,,,US00,,0,,0,0,0,,0,2,,,,,,,,,B,,,,0,,,,,0,0,0,,,,,0,,0,0,0,,,,,0,,,,0,0,0,,,,5,DR,,125021,0,0,,0,,0,0,,,,,AAA LUBE,,ME01,WE01,X,X,52,"780,000.00",S,,,0,,,0,,,,1,0,,,,,,,,,0,,,,,,,,,2,,,0,,WE,2/20/17,2/20/17,10:47:28 PM,GBI-052,,MIGO_GR,,0,,,,,,,12:00:00 AM,,,,,,,,,,,0,,,,,
375,5000002046,2017,1,1,0,0,0,101,,AAA LUBE,SC00,RM00,,,,,,125021,,,0,0,,S,USD,135000.00,0,135000.00,,0,,16,DR,16,DR,16,DR,4500000471,10,,,0,,,0,X,,,,,,NA00,,,,,,,,,,,,2017,,,US00,,0,,0,0,0,,0,2,,,,,,,,,B,,,,0,,,,,0,0,0,,,,,0,,0,0,0,,,,,0,,,,0,0,0,,,,9,DR,,125021,0,0,,0,,0,0,,,,,AAA LUBE,,ME01,WE01,X,X,57,"855,000.00",S,,,0,,,0,,,,1,0,,,,,,,,,0,,,,,,,,,F,,,0,,WE,2/20/17,2/20/17,10:47:58 PM,GBI-056,,MIGO_GR,,0,,,,,,,12:00:00 AM,,,,,,,,,,,0,,,,,
375,5000002047,2017,1,1,0,0,0,101,,AAA LUBE,SC00,RM00,,,,,,125021,,,0,0,,S,USD,75000.00,0,75000.00,,0,,4,DR,4,DR,4,DR,4500000418,10,,,0,,,0,X,,,,,,NA00,,,,,,,,,,,,2017,,,US00,,0,,0,0,0,,0,2,,,,,,,,,B,,,,0,,,,,0,0,0,,,,,0,,0,0,0,,,,,0,,,,0,0,0,,,,5,DR,,125021,0,0,,0,,0,0,,,,,AAA LUBE,,ME01,WE01,X,X,66,"990,000.00",S,,,0,,,0,,,,1,0,,,,,,,,,0,,,,,,,,,F,,,0,,WE,2/20/17,2/20/17,10:47:59 PM,GBI-047,,MIGO_GR,,0,,,,,,,12:00:00 AM,,,,,,,,,,,0,,,,,
375,5000002048,2017,1,1,0,0,0,101,,AAA LUBE,SC00,RM00,,,,,,125021,,,0,0,,S,USD,60000.00,0,60000.00,,0,,9,DR,9,DR,9,DR,4500000422,10,,,0,,,0,X,,,,,,NA00,,,,,,,,,,,,2017,,,US00,,0,,0,0,0,,0,2,,,,,,,,,B,,,,0,,,,,0,0,0,,,,,0,,0,0,0,,,,,0,,,,0,0,0,,,,4,DR,,125021,0,0,,0,,0,0,,,,,AAA LUBE,,ME01,WE01,X,X,71,"1,065,000.00",S,,,0,,,0,,,,1,0,,,,,,,,,0,,,,,,,,,F,,,0,,WE,2/20/17,2/20/17,10:47:59 PM,GBI-052,,MIGO_GR,,0,,,,,,,12:00:00 AM,,,,,,,,,,,0,,,,,
375,5000002049,2017,1,1,0,0,0,101,,AAA LUBE,SC00,RM00,,,,,,125021,,,0,0,,S,USD,75000.00,0,75000.00,,0,,25,DR,25,DR,25,DR,4500000421,10,,,0,,,0,X,,,,,,NA00,,,,,,,,,,,,2017,,,US00,,0,,0,0,0,,0,2,,,,,,,,,B,,,,0,,,,,0,0,0,,,,,0,,0,0,0,,,,,0,,,,0,0,0,,,,5,DR,,125021,0,0,,0,,0,0,,,,,AAA LUBE,,ME01,WE01,X,X,75,"1,125,000.00",S,,,0,,,0,,,,1,0,,,,,,,,,0,,,,,,,,,F,,,0,,WE,2/20/17,2/20/17,10:48:26 PM,GBI-052,,MIGO_GR,,0,,,,,,,12:00:00 AM,,,,,,,,,,,0,,,,,
375,5000002050,2017,1,1,0,0,0,101,,AAA LUBE,SC00,RM00,,,,,,125021,,,0,0,,S,USD,30000.00,0,30000.00,,0,,25,DR,25,DR,25,DR,4500000472,10,,,0,,,0,X,,,,,,NA00,,,,,,,,,,,,2017,,,US00,,0,,0,0,0,,0,2,,,,,,,,,B,,,,0,,,,,0,0,0,,,,,0,,0,0,0,,,,,0,,,,0,0,0,,,,2,DR,,125021,0,0,,0,,0,0,,,,,AAA LUBE,,ME01,WE01,X,X,80,"1,200,000.00",S,,,0,,,0,,,,1,0,,,,,,,,,0,,,,,,,,,F,,,0,,WE,2/20/17,2/20/17,10:48:46 PM,GBI-056,,MIGO_GR,,0,,,,,,,12:00:00 AM,,,,,,,,,,,0,,,,,
375,5000002051,2017,1,1,0,0,0,101,,AAA LUBE,SC00,RM00,,,,,,125021,,,0,0,,S,USD,75000.00,0,75000.00,,0,,15,DR,15,DR,15,DR,4500000419,10,,,0,,,0,X,,,,,,NA00,,,,,,,,,,,,2017,,,US00,,0,,0,0,0,,0,2,,,,,,,,,B,,,,0,,,,,0,0,0,,,,,0,,0,0,0,,,,,0,,,,0,0,0,,,,5,DR,,125021,0,0,,0,,0,0,,,,,AAA LUBE,,ME01,WE01,X,X,82,"1,230,000.00",S,,,0,,,0,,,,1,0,,,,,,,,,0,,,,,,,,,F,,,0,,WE,2/20/17,2/20/17,10:48:56 PM,GBI-047,,MIGO_GR,,0,,,,,,,12:00:00 AM,,,,,,,,,,,0,,,,,
375,5000002052,2017,1,1,0,0,0,101,,AAA LUBE,SC00,RM00,,,,,,125021,,,0,0,,S,USD,75000.00,0,75000.00,,0,,10,DR,10,DR,10,DR,4500000420,10,,,0,,,0,X,,,,,,NA00,,,,,,,,,,,,2017,,,US00,,0,,0,0,0,,0,2,,,,,,,,,B,,,,0,,,,,0,0,0,,,,,0,,0,0,0,,,,,0,,,,0,0,0,,,,5,DR,,125021,0,0,,0,,0,0,,,,,AAA LUBE,,ME01,WE01,X,X,87,"1,305,000.00",S,,,0,,,0,,,,1,0,,,,,,,,,0,,,,,,,,,F,,,0,,WE,2/20/17,2/20/17,10:49:05 PM,GBI-052,,MIGO_GR,,0,,,,,,,12:00:00 AM,,,,,,,,,,,0,,,,,
375,5000002053,2017,1,1,0,0,0,101,,AAA LUBE,SC00,RM00,,,,,,125021,,,0,0,,S,USD,90000.00,0,90000.00,,0,,7,DR,7,DR,7,DR,4500000489,10,,,0,,,0,X,,,,,,NA00,,,,,,,,,,,,2017,,,US00,,0,,0,0,0,,0,2,,,,,,,,,B,,,,0,,,,,0,0,0,,,,,0,,0,0,0,,,,,0,,,,0,0,0,,,,6,DR,,125021,0,0,,0,,0,0,,,,,AAA LUBE,,ME01,WE01,X,X,92,"1,380,000.00",S,,,0,,,0,,,,1,0,,,,,,,,,0,,,,,,,,,F,,,0,,WE,2/20/17,2/20/17,10:49:58 PM,GBI-041,,MIGO_GR,,0,,,,,,,12:00:00 AM,,,,,,,,,,,0,,,,,
375,5000002054,2017,1,1,0,0,0,101,,AAA LUBE,SC00,RM00,,,,,,125021,,,0,0,,S,USD,45000.00,0,45000.00,,0,,12,DR,12,DR,12,DR,4500000474,10,,,0,,,0,X,,,,,,NA00,,,,,,,,,,,,2017,,,US00,,0,,0,0,0,,0,2,,,,,,,,,B,,,,0,,,,,0,0,0,,,,,0,,0,0,0,,,,,0,,,,0,0,0,,,,3,DR,,125021,0,0,,0,,0,0,,,,,AAA LUBE,,ME01,WE01,X,X,98,"1,470,000.00",S,,,0,,,0,,,,1,0,,,,,,,,,0,,,,,,,,,F,,,0,,WE,2/20/17,2/20/17,10:50:21 PM,GBI-056,,MIGO_GR,,0,,,,,,,12:00:00 AM,,,,,,,,,,,0,,,,,
375,5000002055,2017,1,1,0,0,0,101,,AAA LUBE,SC00,RM00,,,,,,125021,,,0,0,,S,USD,75000.00,0,75000.00,,0,,24,DR,24,DR,24,DR,4500000490,10,,,0,,,0,X,,,,,,NA00,,,,,,,,,,,,2017,,,US00,,0,,0,0,0,,0,2,,,,,,,,,B,,,,0,,,,,0,0,0,,,,,0,,0,0,0,,,,,0,,,,0,0,0,,,,5,DR,,125021,0,0,,0,,0,0,,,,,AAA LUBE,,ME01,WE01,X,X,101,"1,515,000.00",S,,,0,,,0,,,,1,0,,,,,,,,,0,,,,,,,,,F,,,0,,WE,2/20/17,2/20/17,10:51:01 PM,GBI-041,,MIGO_GR,,0,,,,,,,12:00:00 AM,,,,,,,,,,,0,,,,,
375,5000002056,2017,1,1,0,0,0,101,,AAA LUBE,SC00,RM00,,,,,,125021,,,0,0,,S,USD,75000.00,0,75000.00,,0,,20,DR,20,DR,20,DR,4500000477,10,,,0,,,0,X,,,,,,NA00,,,,,,,,,,,,2017,,,US00,,0,,0,0,0,,0,2,,,,,,,,,B,,,,0,,,,,0,0,0,,,,,0,,0,0,0,,,,,0,,,,0,0,0,,,,5,DR,,125021,0,0,,0,,0,0,,,,,AAA LUBE,,ME01,WE01,X,X,106,"1,590,000.00",S,,,0,,,0,,,,1,0,,,,,,,,,0,,,,,,,,,F,,,0,,WE,2/20/17,2/20/17,10:51:20 PM,GBI-056,,MIGO_GR,,0,,,,,,,12:00:00 AM,,,,,,,,,,,0,,,,,
375,5000002057,2017,1,1,0,0,0,101,,AAA LUBE,SC00,RM00,,,,,,125021,,,0,0,,S,USD,90000.00,0,90000.00,,0,,11,DR,11,DR,11,DR,4500000491,10,,,0,,,0,X,,,,,,NA00,,,,,,,,,,,,2017,,,US00,,0,,0,0,0,,0,2,,,,,,,,,B,,,,0,,,,,0,0,0,,,,,0,,0,0,0,,,,,0,,,,0,0,0,,,,6,DR,,125021,0,0,,0,,0,0,,,,,AAA LUBE,,ME01,WE01,X,X,111,"1,665,000.00",S,,,0,,,0,,,,1,0,,,,,,,,,0,,,,,,,,,F,,,0,,WE,2/20/17,2/20/17,10:53:08 PM,GBI-041,,MIGO_GR,,0,,,,,,,12:00:00 AM,,,,,,,,,,,0,,,,,
375,5000002058,2017,1,1,0,0,0,101,,AAA LUBE,SC00,RM00,,,,,,125021,,,0,0,,S,USD,75000.00,0,75000.00,,0,,4,DR,4,DR,4,DR,4500000492,10,,,0,,,0,X,,,,,,NA00,,,,,,,,,,,,2017,,,US00,,0,,0,0,0,,0,2,,,,,,,,,B,,,,0,,,,,0,0,0,,,,,0,,0,0,0,,,,,0,,,,0,0,0,,,,5,DR,,125021,0,0,,0,,0,0,,,,,AAA LUBE,,ME01,WE01,X,X,117,"1,755,000.00",S,,,0,,,0,,,,1,0,,,,,,,,,0,,,,,,,,,F,,,0,,WE,2/20/17,2/20/17,10:55:39 PM,GBI-041,,MIGO_GR,,0,,,,,,,12:00:00 AM,,,,,,,,,,,0,,,,,
375,5000002059,2017,1,1,0,0,0,101,,BLUEPAINT,SC00,RM00,,,,,,125131,,,0,0,,S,USD,1020.00,0,1020.00,,0,,258,L,258,L,258,L,4500000432,10,,,0,,,0,X,,,,,,NA00,,,,,,,,,,,,2017,,,US00,,0,,0,0,0,,0,2,,,,,,,,,B,,,,0,,,,,0,0,0,,,,,0,,0,0,0,,,,,0,,,,0,0,0,,,,102,L,,125131,0,0,,0,,0,0,,,,,BLUEPAINT,,ME01,WE01,X,X,"2,083","20,830.00",S,,,0,,,0,,,,1,0,,,,,,,,,0,,,,,,,,,F,,,0,,WE,2/20/17,2/20/17,11:00:10 PM,GBI-045,,MIGO_GR,,0,,,,,,,12:00:00 AM,,,,,,,,,,,0,,,,,
375,5000002060,2017,1,1,0,0,0,101,,BLUEPAINT,SC00,RM00,,,,,,125131,,,0,0,,S,USD,1030.00,0,1030.00,,0,,12,L,12,L,12,L,4500000436,10,,,0,,,0,X,,,,,,NA00,,,,,,,,,,,,2017,,,US00,,0,,0,0,0,,0,2,,,,,,,,,B,,,,0,,,,,0,0,0,,,,,0,,0,0,0,,,,,0,,,,0,0,0,,,,103,L,,125131,0,0,,0,,0,0,,,,,BLUEPAINT,,ME01,WE01,X,X,"2,185","21,850.00",S,,,0,,,0,,,,1,0,,,,,,,,,0,,,,,,,,,F,,,0,,WE,2/20/17,2/20/17,11:01:29 PM,GBI-045,,MIGO_GR,,0,,,,,,,12:00:00 AM,,,,,,,,,,,0,,,,,
375,5000002061,2017,1,1,0,0,0,101,,BLUEPAINT,SC00,RM00,,,,,,125131,,,0,0,,S,USD,970.00,0,970.00,,0,,511,L,511,L,511,L,4500000440,10,,,0,,,0,X,,,,,,NA00,,,,,,,,,,,,2017,,,US00,,0,,0,0,0,,0,2,,,,,,,,,B,,,,0,,,,,0,0,0,,,,,0,,0,0,0,,,,,0,,,,0,0,0,,,,97,L,,125131,0,0,,0,,0,0,,,,,BLUEPAINT,,ME01,WE01,X,X,"2,288","22,880.00",S,,,0,,,0,,,,1,0,,,,,,,,,0,,,,,,,,,F,,,0,,WE,2/20/17,2/20/17,11:02:22 PM,GBI-045,,MIGO_GR,,0,,,,,,,12:00:00 AM,,,,,,,,,,,0,,,,,
375,5000002062,2017,1,1,0,0,0,101,,BLUEPAINT,SC00,RM00,,,,,,125131,,,0,0,,S,USD,1000.00,0,1000.00,,0,,618,L,618,L,618,L,4500000443,10,,,0,,,0,X,,,,,,NA00,,,,,,,,,,,,2017,,,US00,,0,,0,0,0,,0,2,,,,,,,,,B,,,,0,,,,,0,0,0,,,,,0,,0,0,0,,,,,0,,,,0,0,0,,,,100,L,,125131,0,0,,0,,0,0,,,,,BLUEPAINT,,ME01,WE01,X,X,"2,385","23,850.00",S,,,0,,,0,,,,1,0,,,,,,,,,0,,,,,,,,,F,,,0,,WE,2/20/17,2/20/17,11:03:06 PM,GBI-045,,MIGO_GR,,0,,,,,,,12:00:00 AM,,,,,,,,,,,0,,,,,
375,5000002063,2017,1,1,0,0,0,101,,BLUEPAINT,SC00,RM00,,,,,,125133,,,0,0,,S,USD,1010.00,0,1010.00,,0,,690,L,690,L,690,L,4500000493,10,,,0,,,0,X,,,,,,NA00,,,,,,,,,,,,2017,,,US00,,0,,0,0,0,,0,2,,,,,,,,,B,,,,0,,,,,0,0,0,,,,,0,,0,0,0,,,,,0,,,,0,0,0,,,,101,L,,125133,0,0,,0,,0,0,,,,,BLUEPAINT,,ME01,WE01,X,X,"2,485","24,850.00",S,,,0,,,0,,,,1,0,,,,,,,,,0,,,,,,,,,F,,,0,,WE,2/21/17,2/21/17,10:33:19 AM,GBI-044,,MIGO_GR,,0,,,,,,,12:00:00 AM,,,,,,,,,,,0,,,,,
375,5000002064,2017,1,1,0,0,0,101,,BLUEPAINT,SC00,RM00,,,,,,125133,,,0,0,,S,USD,1000.00,0,1000.00,,0,,543,L,543,L,543,L,4500000494,10,,,0,,,0,X,,,,,,NA00,,,,,,,,,,,,2017,,,US00,,0,,0,0,0,,0,2,,,,,,,,,B,,,,0,,,,,0,0,0,,,,,0,,0,0,0,,,,,0,,,,0,0,0,,,,100,L,,125133,0,0,,0,,0,0,,,,,BLUEPAINT,,ME01,WE01,X,X,"2,586","25,860.00",S,,,0,,,0,,,,1,0,,,,,,,,,0,,,,,,,,,F,,,0,,WE,2/21/17,2/21/17,10:34:10 AM,GBI-044,,MIGO_GR,,0,,,,,,,12:00:00 AM,,,,,,,,,,,0,,,,,
375,5000002065,2017,1,1,0,0,0,101,,BLUEPAINT,SC00,RM00,,,,,,125133,,,0,0,,S,USD,990.00,0,990.00,,0,,833,L,833,L,833,L,4500000495,10,,,0,,,0,X,,,,,,NA00,,,,,,,,,,,,2017,,,US00,,0,,0,0,0,,0,2,,,,,,,,,B,,,,0,,,,,0,0,0,,,,,0,,0,0,0,,,,,0,,,,0,0,0,,,,99,L,,125133,0,0,,0,,0,0,,,,,BLUEPAINT,,ME01,WE01,X,X,"2,686","26,860.00",S,,,0,,,0,,,,1,0,,,,,,,,,0,,,,,,,,,F,,,0,,WE,2/21/17,2/21/17,10:35:38 AM,GBI-044,,MIGO_GR,,0,,,,,,,12:00:00 AM,,,,,,,,,,,0,,,,,
375,5000002066,2017,1,1,0,0,0,101,,BLUEPAINT,SC00,RM00,,,,,,125133,,,0,0,,S,USD,1020.00,0,1020.00,,0,,317,L,317,L,317,L,4500000496,10,,,0,,,0,X,,,,,,NA00,,,,,,,,,,,,2017,,,US00,,0,,0,0,0,,0,2,,,,,,,,,B,,,,0,,,,,0,0,0,,,,,0,,0,0,0,,,,,0,,,,0,0,0,,,,102,L,,125133,0,0,,0,,0,0,,,,,BLUEPAINT,,ME01,WE01,X,X,"2,785","27,850.00",S,,,0,,,0,,,,1,0,,,,,,,,,0,,,,,,,,,F,,,0,,WE,2/21/17,2/21/17,10:36:15 AM,GBI-044,,MIGO_GR,,0,,,,,,,12:00:00 AM,,,,,,,,,,,0,,,,,
375,5000002067,2017,1,1,0,0,0,101,,BLUEPAINT,SC00,RM00,,,,,,125133,,,0,0,,S,USD,980.00,0,980.00,,0,,1095,L,1095,L,1095,L,4500000497,10,,,0,,,0,X,,,,,,NA00,,,,,,,,,,,,2017,,,US00,,0,,0,0,0,,0,2,,,,,,,,,B,,,,0,,,,,0,0,0,,,,,0,,0,0,0,,,,,0,,,,0,0,0,,,,98,L,,125133,0,0,,0,,0,0,,,,,BLUEPAINT,,ME01,WE01,X,X,"2,887","28,870.00",S,,,0,,,0,,,,1,0,,,,,,,,,0,,,,,,,,,F,,,0,,WE,2/21/17,2/21/17,10:36:50 AM,GBI-044,,MIGO_GR,,0,,,,,,,12:00:00 AM,,,,,,,,,,,0,,,,,
375,5000002068,2017,1,1,0,0,0,101,,AAA LUBE,SC00,RM00,,,,,,125021,,,0,0,,S,USD,75000.00,0,75000.00,,0,,22,DR,22,DR,22,DR,4500000498,10,,,0,,,0,X,,,,,,NA00,,,,,,,,,,,,2017,,,US00,,0,,0,0,0,,0,2,,,,,,,,,B,,,,0,,,,,0,0,0,,,,,0,,0,0,0,,,,,0,,,,0,0,0,,,,5,DR,,125021,0,0,,0,,0,0,,,,,AAA LUBE,,ME01,WE01,X,X,122,"1,830,000.00",S,,,0,,,0,,,,1,0,,,,,,,,,0,,,,,,,,,F,,,0,,WE,2/21/17,2/21/17,3:30:07 PM,GBI-030,,MIGO_GR,,0,,,,,,,12:00:00 AM,,,,,,,,,,,0,,,,,
375,5000002069,2017,1,1,0,0,0,101,,AAA LUBE,SC00,RM00,,,,,,125021,,,0,0,,S,USD,60000.00,0,60000.00,,0,,15,DR,15,DR,15,DR,4500000499,10,,,0,,,0,X,,,,,,NA00,,,,,,,,,,,,2017,,,US00,,0,,0,0,0,,0,2,,,,,,,,,B,,,,0,,,,,0,0,0,,,,,0,,0,0,0,,,,,0,,,,0,0,0,,,,4,DR,,125021,0,0,,0,,0,0,,,,,AAA LUBE,,ME01,WE01,X,X,127,"1,905,000.00",S,,,0,,,0,,,,1,0,,,,,,,,,0,,,,,,,,,F,,,0,,WE,2/21/17,2/21/17,3:30:35 PM,GBI-030,,MIGO_GR,,0,,,,,,,12:00:00 AM,,,,,,,,,,,0,,,,,
375,5000002070,2017,1,1,0,0,0,101,,AAA LUBE,SC00,RM00,,,,,,125021,,,0,0,,S,USD,150000.00,0,150000.00,,0,,23,DR,23,DR,23,DR,4500000500,10,,,0,,,0,X,,,,,,NA00,,,,,,,,,,,,2017,,,US00,,0,,0,0,0,,0,2,,,,,,,,,B,,,,0,,,,,0,0,0,,,,,0,,0,0,0,,,,,0,,,,0,0,0,,,,10,DR,,125021,0,0,,0,,0,0,,,,,AAA LUBE,,ME01,WE01,X,X,131,"1,965,000.00",S,,,0,,,0,,,,1,0,,,,,,,,,0,,,,,,,,,2,,,0,,WE,2/21/17,2/21/17,3:31:05 PM,GBI-030,,MIGO_GR,,0,,,,,,,12:00:00 AM,,,,,,,,,,,0,,,,,
375,5000002071,2017,1,1,0,0,0,101,,AAA LUBE,SC00,RM00,,,,,,125021,,,0,0,,S,USD,75000.00,0,75000.00,,0,,9,DR,9,DR,9,DR,4500000501,10,,,0,,,0,X,,,,,,NA00,,,,,,,,,,,,2017,,,US00,,0,,0,0,0,,0,2,,,,,,,,,B,,,,0,,,,,0,0,0,,,,,0,,0,0,0,,,,,0,,,,0,0,0,,,,5,DR,,125021,0,0,,0,,0,0,,,,,AAA LUBE,,ME01,WE01,X,X,141,"2,115,000.00",S,,,0,,,0,,,,1,0,,,,,,,,,0,,,,,,,,,F,,,0,,WE,2/21/17,2/21/17,3:31:36 PM,GBI-030,,MIGO_GR,,0,,,,,,,12:00:00 AM,,,,,,,,,,,0,,,,,
375,5000002072,2017,1,1,0,0,0,101,,AAA LUBE,SC00,RM00,,,,,,125021,,,0,0,,S,USD,105000.00,0,105000.00,,0,,6,DR,6,DR,6,DR,4500000502,10,,,0,,,0,X,,,,,,NA00,,,,,,,,,,,,2017,,,US00,,0,,0,0,0,,0,2,,,,,,,,,B,,,,0,,,,,0,0,0,,,,,0,,0,0,0,,,,,0,,,,0,0,0,,,,7,DR,,125021,0,0,,0,,0,0,,,,,AAA LUBE,,ME01,WE01,X,X,146,"2,190,000.00",S,,,0,,,0,,,,1,0,,,,,,,,,0,,,,,,,,,F,,,0,,WE,2/21/17,2/21/17,3:31:59 PM,GBI-030,,MIGO_GR,,0,,,,,,,12:00:00 AM,,,,,,,,,,,0,,,,,
375,5000002073,2017,1,1,0,0,0,101,,BLUEPAINT,SC00,RM00,,,,,,125134,,,0,0,,S,USD,950.00,0,950.00,,0,,1011,L,1011,L,1011,L,4500000508,10,,,0,,,0,X,,,,,,NA00,,,,,,,,,,,,2017,,,US00,,0,,0,0,0,,0,2,,,,,,,,,B,,,,0,,,,,0,0,0,,,,,0,,0,0,0,,,,,0,,,,0,0,0,,,,95,L,,125134,0,0,,0,,0,0,,,,,BLUEPAINT,,ME01,WE01,X,X,"2,985","29,850.00",S,,,0,,,0,,,,1,0,,,,,,,,,0,,,,,,,,,F,,,0,,WE,2/21/17,2/21/17,7:14:40 PM,GBI-063,,MIGO_GR,,0,,,,,,,12:00:00 AM,,,,,,,,,,,0,,,,,
375,5000002074,2017,1,1,0,0,0,101,,BLUEPAINT,SC00,RM00,,,,,,125134,,,0,0,,S,USD,1020.00,0,1020.00,,0,,442,L,442,L,442,L,4500000509,10,,,0,,,0,X,,,,,,NA00,,,,,,,,,,,,2017,,,US00,,0,,0,0,0,,0,2,,,,,,,,,B,,,,0,,,,,0,0,0,,,,,0,,0,0,0,,,,,0,,,,0,0,0,,,,102,L,,125134,0,0,,0,,0,0,,,,,BLUEPAINT,,ME01,WE01,X,X,"3,080","30,800.00",S,,,0,,,0,,,,1,0,,,,,,,,,0,,,,,,,,,F,,,0,,WE,2/21/17,2/21/17,7:16:06 PM,GBI-063,,MIGO_GR,,0,,,,,,,12:00:00 AM,,,,,,,,,,,0,,,,,
375,5000002075,2017,1,1,0,0,0,101,,BLUEPAINT,SC00,RM00,,,,,,125134,,,0,0,,S,USD,980.00,0,980.00,,0,,20,L,20,L,20,L,4500000510,10,,,0,,,0,X,,,,,,NA00,,,,,,,,,,,,2017,,,US00,,0,,0,0,0,,0,2,,,,,,,,,B,,,,0,,,,,0,0,0,,,,,0,,0,0,0,,,,,0,,,,0,0,0,,,,98,L,,125134,0,0,,0,,0,0,,,,,BLUEPAINT,,ME01,WE01,X,X,"3,182","31,820.00",S,,,0,,,0,,,,1,0,,,,,,,,,0,,,,,,,,,F,,,0,,WE,2/21/17,2/21/17,7:16:48 PM,GBI-063,,MIGO_GR,,0,,,,,,,12:00:00 AM,,,,,,,,,,,0,,,,,
375,5000002076,2017,1,1,0,0,0,101,,BLUEPAINT,SC00,RM00,,,,,,125134,,,0,0,,S,USD,1010.00,0,1010.00,,0,,56,L,56,L,56,L,4500000511,10,,,0,,,0,X,,,,,,NA00,,,,,,,,,,,,2017,,,US00,,0,,0,0,0,,0,2,,,,,,,,,B,,,,0,,,,,0,0,0,,,,,0,,0,0,0,,,,,0,,,,0,0,0,,,,101,L,,125134,0,0,,0,,0,0,,,,,BLUEPAINT,,ME01,WE01,X,X,"3,280","32,800.00",S,,,0,,,0,,,,1,0,,,,,,,,,0,,,,,,,,,F,,,0,,WE,2/21/17,2/21/17,7:17:20 PM,GBI-063,,MIGO_GR,,0,,,,,,,12:00:00 AM,,,,,,,,,,,0,,,,,
375,5000002077,2017,1,1,0,0,0,101,,BLUEPAINT,SC00,RM00,,,,,,125134,,,0,0,,S,USD,1040.00,0,1040.00,,0,,759,L,759,L,759,L,4500000512,10,,,0,,,0,X,,,,,,NA00,,,,,,,,,,,,2017,,,US00,,0,,0,0,0,,0,2,,,,,,,,,B,,,,0,,,,,0,0,0,,,,,0,,0,0,0,,,,,0,,,,0,0,0,,,,104,L,,125134,0,0,,0,,0,0,,,,,BLUEPAINT,,ME01,WE01,X,X,"3,381","33,810.00",S,,,0,,,0,,,,1,0,,,,,,,,,0,,,,,,,,,F,,,0,,WE,2/21/17,2/21/17,7:17:49 PM,GBI-063,,MIGO_GR,,0,,,,,,,12:00:00 AM,,,,,,,,,,,0,,,,,
375,5000002078,2017,1,1,0,0,0,101,,AAA LUBE,SC00,RM00,,,,,,125021,,,0,0,,S,USD,150000.00,0,150000.00,,0,,24,DR,24,DR,24,DR,4500000503,10,,,0,,,0,X,,,,,,NA00,,,,,,,,,,,,2017,,,US00,,0,,0,0,0,,0,2,,,,,,,,,B,,,,0,,,,,0,0,0,,,,,0,,0,0,0,,,,,0,,,,0,0,0,,,,10,DR,,125021,0,0,,0,,0,0,,,,,AAA LUBE,,ME01,WE01,X,X,153,"2,295,000.00",S,,,0,,,0,,,,1,0,,,,,,,,,0,,,,,,,,,F,,,0,,WE,2/23/17,2/23/17,2:48:38 PM,GBI-052,,MIGO_GR,,0,,,,,,,12:00:00 AM,,,,,,,,,,,0,,,,,
375,5000002079,2017,1,1,0,0,0,101,,BLUEPAINT,SC00,RM00,,,,,,125132,,,0,0,,S,USD,980.00,0,980.00,,0,,264,L,264,L,264,L,4500000448,10,,,0,,,0,X,,,,,,NA00,,,,,,,,,,,,2017,,,US00,,0,,0,0,0,,0,2,,,,,,,,,B,,,,0,,,,,0,0,0,,,,,0,,0,0,0,,,,,0,,,,0,0,0,,,,98,L,,125132,0,0,,0,,0,0,,,,,BLUEPAINT,,ME01,WE01,X,X,698,"6,980.00",S,,,0,,,0,,,,1,0,,,,,,,,,0,,,,,,,,,F,,,0,,WE,2/20/17,2/20/17,6:55:46 PM,GBI-053,,MIGO_GR,,0,,,,,,,12:00:00 AM,,,,,,,,,,,0,,,,,
375,5000002080,2017,1,1,0,0,0,101,,BLUEPAINT,SC00,RM00,,,,,,125136,,,0,0,,S,USD,990.00,0,990.00,,0,,599,L,599,L,599,L,4500000449,10,,,0,,,0,X,,,,,,NA00,,,,,,,,,,,,2017,,,US00,,0,,0,0,0,,0,2,,,,,,,,,B,,,,0,,,,,0,0,0,,,,,0,,0,0,0,,,,,0,,,,0,0,0,,,,99,L,,125136,0,0,,0,,0,0,,,,,BLUEPAINT,,ME01,WE01,X,X,796,"7,960.00",S,,,0,,,0,,,,1,0,,,,,,,,,0,,,,,,,,,F,,,0,,WE,2/20/17,2/20/17,6:55:52 PM,GBI-009,,MIGO_GR,,0,,,,,,,12:00:00 AM,,,,,,,,,,,0,,,,,
375,5000002081,2017,1,1,0,0,0,101,,BLUEPAINT,SC00,RM00,,,,,,125133,,,0,0,,S,USD,1000.00,0,1000.00,,0,,870,L,870,L,870,L,4500000435,10,,,0,,,0,X,,,,,,NA00,,,,,,,,,,,,2017,,,US00,,0,,0,0,0,,0,2,,,,,,,,,B,,,,0,,,,,0,0,0,,,,,0,,0,0,0,,,,,0,,,,0,0,0,,,,100,L,,125133,0,0,,0,,0,0,,,,,BLUEPAINT,,ME01,WE01,X,X,895,"8,950.00",S,,,0,,,0,,,,1,0,,,,,,,,,0,,,,,,,,,F,,,0,,WE,2/20/17,2/20/17,6:56:09 PM,GBI-044,,MIGO_GR,,0,,,,,,,12:00:00 AM,,,,,,,,,,,0,,,,,
375,5000002082,2017,1,1,0,0,0,101,,BLUEPAINT,SC00,RM00,,,,,,125132,,,0,0,,S,USD,950.00,0,950.00,,0,,843,L,843,L,843,L,4500000445,10,,,0,,,0,X,,,,,,NA00,,,,,,,,,,,,2017,,,US00,,0,,0,0,0,,0,2,,,,,,,,,B,,,,0,,,,,0,0,0,,,,,0,,0,0,0,,,,,0,,,,0,0,0,,,,95,L,,125132,0,0,,0,,0,0,,,,,BLUEPAINT,,ME01,WE01,X,X,995,"9,950.00",S,,,0,,,0,,,,1,0,,,,,,,,,0,,,,,,,,,F,,,0,,WE,2/20/17,2/20/17,6:56:29 PM,GBI-053,,MIGO_GR,,0,,,,,,,12:00:00 AM,,,,,,,,,,,0,,,,,
375,5000002083,2017,1,1,0,0,0,101,,BLUEPAINT,SC00,RM00,,,,,,125136,,,0,0,,S,USD,1010.00,0,1010.00,,0,,536,L,536,L,536,L,4500000438,10,,,0,,,0,X,,,,,,NA00,,,,,,,,,,,,2017,,,US00,,0,,0,0,0,,0,2,,,,,,,,,B,,,,0,,,,,0,0,0,,,,,0,,0,0,0,,,,,0,,,,0,0,0,,,,101,L,,125136,0,0,,0,,0,0,,,,,BLUEPAINT,,ME01,WE01,X,X,"1,090","10,900.00",S,,,0,,,0,,,,1,0,,,,,,,,,0,,,,,,,,,F,,,0,,WE,2/20/17,2/20/17,6:56:38 PM,GBI-009,,MIGO_GR,,0,,,,,,,12:00:00 AM,,,,,,,,,,,0,,,,,
375,5000002084,2017,1,1,0,0,0,101,,BLUEPAINT,SC00,RM00,,,,,,125135,,,0,0,,S,USD,1040.00,0,1040.00,,0,,811,L,811,L,811,L,4500000437,10,,,0,,,0,X,,,,,,NA00,,,,,,,,,,,,2017,,,US00,,0,,0,0,0,,0,2,,,,,,,,,B,,,,0,,,,,0,0,0,,,,,0,,0,0,0,,,,,0,,,,0,0,0,,,,104,L,,125135,0,0,,0,,0,0,,,,,BLUEPAINT,,ME01,WE01,X,X,"1,191","11,910.00",S,,,0,,,0,,,,1,0,,,,,,,,,0,,,,,,,,,F,,,0,,WE,2/20/17,2/20/17,6:57:04 PM,GBI-054,,MIGO_GR,,0,,,,,,,12:00:00 AM,,,,,,,,,,,0,,,,,
375,5000002085,2017,1,1,0,0,0,101,,BLUEPAINT,SC00,RM00,,,,,,125132,,,0,0,,S,USD,990.00,0,990.00,,0,,940,L,940,L,940,L,4500000442,10,,,0,,,0,X,,,,,,NA00,,,,,,,,,,,,2017,,,US00,,0,,0,0,0,,0,2,,,,,,,,,B,,,,0,,,,,0,0,0,,,,,0,,0,0,0,,,,,0,,,,0,0,0,,,,99,L,,125132,0,0,,0,,0,0,,,,,BLUEPAINT,,ME01,WE01,X,X,"1,295","12,950.00",S,,,0,,,0,,,,1,0,,,,,,,,,0,,,,,,,,,F,,,0,,WE,2/20/17,2/20/17,6:57:04 PM,GBI-053,,MIGO_GR,,0,,,,,,,12:00:00 AM,,,,,,,,,,,0,,,,,
375,5000002086,2017,1,1,0,0,0,101,,BLUEPAINT,SC00,RM00,,,,,,125133,,,0,0,,S,USD,990.00,0,990.00,,0,,607,L,607,L,607,L,4500000439,10,,,0,,,0,X,,,,,,NA00,,,,,,,,,,,,2017,,,US00,,0,,0,0,0,,0,2,,,,,,,,,B,,,,0,,,,,0,0,0,,,,,0,,0,0,0,,,,,0,,,,0,0,0,,,,99,L,,125133,0,0,,0,,0,0,,,,,BLUEPAINT,,ME01,WE01,X,X,"1,394","13,940.00",S,,,0,,,0,,,,1,0,,,,,,,,,0,,,,,,,,,F,,,0,,WE,2/20/17,2/20/17,6:57:07 PM,GBI-044,,MIGO_GR,,0,,,,,,,12:00:00 AM,,,,,,,,,,,0,,,,,
375,5000002087,2017,1,1,0,0,0,101,,BLUEPAINT,SC00,RM00,,,,,,125136,,,0,0,,S,USD,980.00,0,980.00,,0,,740,L,740,L,740,L,4500000431,10,,,0,,,0,X,,,,,,NA00,,,,,,,,,,,,2017,,,US00,,0,,0,0,0,,0,2,,,,,,,,,B,,,,0,,,,,0,0,0,,,,,0,,0,0,0,,,,,0,,,,0,0,0,,,,98,L,,125136,0,0,,0,,0,0,,,,,BLUEPAINT,,ME01,WE01,X,X,"1,493","14,930.00",S,,,0,,,0,,,,1,0,,,,,,,,,0,,,,,,,,,F,,,0,,WE,2/20/17,2/20/17,6:57:34 PM,GBI-009,,MIGO_GR,,0,,,,,,,12:00:00 AM,,,,,,,,,,,0,,,,,
375,5000002088,2017,1,1,0,0,0,101,,BLUEPAINT,SC00,RM00,,,,,,125132,,,0,0,,S,USD,960.00,0,960.00,,0,,441,L,441,L,441,L,4500000429,10,,,0,,,0,X,,,,,,NA00,,,,,,,,,,,,2017,,,US00,,0,,0,0,0,,0,2,,,,,,,,,B,,,,0,,,,,0,0,0,,,,,0,,0,0,0,,,,,0,,,,0,0,0,,,,96,L,,125132,0,0,,0,,0,0,,,,,BLUEPAINT,,ME01,WE01,X,X,"1,591","15,910.00",S,,,0,,,0,,,,1,0,,,,,,,,,0,,,,,,,,,F,,,0,,WE,2/20/17,2/20/17,6:57:51 PM,GBI-053,,MIGO_GR,,0,,,,,,,12:00:00 AM,,,,,,,,,,,0,,,,,
375,5000002089,2017,1,1,0,0,0,101,,BLUEPAINT,SC00,RM00,,,,,,125133,,,0,0,,S,USD,1020.00,0,1020.00,,0,,615,L,615,L,615,L,4500000446,10,,,0,,,0,X,,,,,,NA00,,,,,,,,,,,,2017,,,US00,,0,,0,0,0,,0,2,,,,,,,,,B,,,,0,,,,,0,0,0,,,,,0,,0,0,0,,,,,0,,,,0,0,0,,,,102,L,,125133,0,0,,0,,0,0,,,,,BLUEPAINT,,ME01,WE01,X,X,"1,687","16,870.00",S,,,0,,,0,,,,1,0,,,,,,,,,0,,,,,,,,,F,,,0,,WE,2/20/17,2/20/17,6:58:25 PM,GBI-044,,MIGO_GR,,0,,,,,,,12:00:00 AM,,,,,,,,,,,0,,,,,
375,5000002090,2017,1,1,0,0,0,101,,BLUEPAINT,SC00,RM00,,,,,,125135,,,0,0,,S,USD,970.00,0,970.00,,0,,557,L,557,L,557,L,4500000441,10,,,0,,,0,X,,,,,,NA00,,,,,,,,,,,,2017,,,US00,,0,,0,0,0,,0,2,,,,,,,,,B,,,,0,,,,,0,0,0,,,,,0,,0,0,0,,,,,0,,,,0,0,0,,,,97,L,,125135,0,0,,0,,0,0,,,,,BLUEPAINT,,ME01,WE01,X,X,"1,789","17,890.00",S,,,0,,,0,,,,1,0,,,,,,,,,0,,,,,,,,,F,,,0,,WE,2/20/17,2/20/17,6:58:29 PM,GBI-054,,MIGO_GR,,0,,,,,,,12:00:00 AM,,,,,,,,,,,0,,,,,
375,5000002091,2017,1,1,0,0,0,101,,BLUEPAINT,SC00,RM00,,,,,,125135,,,0,0,,S,USD,990.00,0,990.00,,0,,221,L,221,L,221,L,4500000444,10,,,0,,,0,X,,,,,,NA00,,,,,,,,,,,,2017,,,US00,,0,,0,0,0,,0,2,,,,,,,,,B,,,,0,,,,,0,0,0,,,,,0,,0,0,0,,,,,0,,,,0,0,0,,,,99,L,,125135,0,0,,0,,0,0,,,,,BLUEPAINT,,ME01,WE01,X,X,"1,886","18,860.00",S,,,0,,,0,,,,1,0,,,,,,,,,0,,,,,,,,,F,,,0,,WE,2/20/17,2/20/17,6:59:25 PM,GBI-054,,MIGO_GR,,0,,,,,,,12:00:00 AM,,,,,,,,,,,0,,,,,
375,5000002092,2017,1,1,0,0,0,101,,BLUEPAINT,SC00,RM00,,,,,,125133,,,0,0,,S,USD,980.00,0,980.00,,0,,1069,L,1069,L,1069,L,4500000447,10,,,0,,,0,X,,,,,,NA00,,,,,,,,,,,,2017,,,US00,,0,,0,0,0,,0,2,,,,,,,,,B,,,,0,,,,,0,0,0,,,,,0,,0,0,0,,,,,0,,,,0,0,0,,,,98,L,,125133,0,0,,0,,0,0,,,,,BLUEPAINT,,ME01,WE01,X,X,"1,985","19,850.00",S,,,0,,,0,,,,1,0,,,,,,,,,0,,,,,,,,,F,,,0,,WE,2/20/17,2/20/17,6:59:42 PM,GBI-044,,MIGO_GR,,0,,,,,,,12:00:00 AM,,,,,,,,,,,0,,,,,
375,5000002093,2017,1,1,0,0,0,101,,BLUEPAINT,SC00,RM00,,,,,,125105,,,0,0,,S,USD,62500.00,0,62500.00,,0,,585,L,585,L,585,L,4500000464,10,2017,1000000060,1,,,0,,,,,,,NA00,BI00,,NAIS1000,,,,,,,,,2017,,,US00,,0,,0,0,0,,0,2,,,,,,,,,B,V,,,0,,,,,0,0,0,,,,,0,,0,1,0,,,,,0,,,,0,0,0,,,770000,1,AU,,,0,0,,1,,0,0,,,,,,,ME02,WE06,,,0,0,,,,0,,,0,,,,1,0,,,,,,,,,0,,,,,,,,,F,,,0,,WE,2/20/17,2/20/17,7:37:42 PM,GBI-034,,ML81N,,0,,,,,,,12:00:00 AM,,,,,,,,,,,0,,,,,
375,5000002094,2017,1,1,0,0,0,101,,BLUEPAINT,SC00,RM00,,,,,,125107,,,0,0,,S,USD,111000.00,0,111000.00,,0,,260,L,260,L,260,L,4500000465,10,2017,1000000062,1,,,0,,,,,,,NA00,BI00,,NAIS1000,,,,,,,,,2017,,,US00,,0,,0,0,0,,0,2,,,,,,,,,B,V,,,0,,,,,0,0,0,,,,,0,,0,1,0,,,,,0,,,,0,0,0,,,770000,1,AU,,,0,0,,1,,0,0,,,,,,,ME02,WE06,,,0,0,,,,0,,,0,,,,1,0,,,,,,,,,0,,,,,,,,,F,,,0,,WE,2/20/17,2/20/17,7:54:29 PM,GBI-049,,ML81N,,0,,,,,,,12:00:00 AM,,,,,,,,,,,0,,,,,
375,5000002095,2017,1,1,0,0,0,101,,BLUEPAINT,SC00,RM00,,,,,,125107,,,0,0,,S,USD,74750.00,0,74750.00,,0,,944,L,944,L,944,L,4500000466,10,2017,1000000061,1,,,0,,,,,,,NA00,BI00,,NAIS1000,,,,,,,,,2017,,,US00,,0,,0,0,0,,0,2,,,,,,,,,B,V,,,0,,,,,0,0,0,,,,,0,,0,1,0,,,,,0,,,,0,0,0,,,770000,1,AU,,,0,0,,1,,0,0,,,,,,,ME02,WE06,,,0,0,,,,0,,,0,,,,1,0,,,,,,,,,0,,,,,,,,,F,,,0,,WE,2/20/17,2/20/17,7:55:08 PM,GBI-034,,ML81N,,0,,,,,,,12:00:00 AM,,,,,,,,,,,0,,,,,
375,5000002096,2017,1,1,0,0,0,101,,BLUEPAINT,SC00,RM00,,,,,,125107,,,0,0,,S,USD,48000.00,0,48000.00,,0,,512,L,512,L,512,L,4500000468,10,2017,1000000063,1,,,0,,,,,,,NA00,BI00,,NAIS1000,,,,,,,,,2017,,,US00,,0,,0,0,0,,0,2,,,,,,,,,B,V,,,0,,,,,0,0,0,,,,,0,,0,1,0,,,,,0,,,,0,0,0,,,770000,1,AU,,,0,0,,1,,0,0,,,,,,,ME02,WE06,,,0,0,,,,0,,,0,,,,1,0,,,,,,,,,0,,,,,,,,,F,,,0,,WE,2/20/17,2/20/17,8:22:37 PM,GBI-049,,ML81N,,0,,,,,,,12:00:00 AM,,,,,,,,,,,0,,,,,
375,5000002097,2017,1,1,0,0,0,101,,BLUEPAINT,SC00,RM00,,,,,,125107,,,0,0,,S,USD,66000.00,0,66000.00,,0,,526,L,526,L,526,L,4500000475,10,2017,1000000064,1,,,0,,,,,,,NA00,BI00,,NAIS1000,,,,,,,,,2017,,,US00,,0,,0,0,0,,0,2,,,,,,,,,B,V,,,0,,,,,0,0,0,,,,,0,,0,1,0,,,,,0,,,,0,0,0,,,770000,1,AU,,,0,0,,1,,0,0,,,,,,,ME02,WE06,,,0,0,,,,0,,,0,,,,1,0,,,,,,,,,0,,,,,,,,,F,,,0,,WE,2/20/17,2/20/17,8:33:50 PM,GBI-049,,ML81N,,0,,,,,,,12:00:00 AM,,,,,,,,,,,0,,,,,
375,5000002098,2017,1,1,0,0,0,101,,BLUEPAINT,SC00,RM00,,,,,,125107,,,0,0,,S,USD,87750.00,0,87750.00,,0,,54,L,54,L,54,L,4500000482,10,2017,1000000065,1,,,0,,,,,,,NA00,BI00,,NAIS1000,,,,,,,,,2017,,,US00,,0,,0,0,0,,0,2,,,,,,,,,B,V,,,0,,,,,0,0,0,,,,,0,,0,1,0,,,,,0,,,,0,0,0,,,770000,1,AU,,,0,0,,1,,0,0,,,,,,,ME02,WE06,,,0,0,,,,0,,,0,,,,1,0,,,,,,,,,0,,,,,,,,,F,,,0,,WE,2/20/17,2/20/17,8:46:38 PM,GBI-049,,ML81N,,0,,,,,,,12:00:00 AM,,,,,,,,,,,0,,,,,
375,5000002099,2017,1,1,0,0,0,101,,AAA LUBE,SC00,RM00,,,,,,125021,,,0,0,,S,USD,75000.00,0,75000.00,,0,,6,DR,6,DR,6,DR,4500000484,10,,,0,,,0,X,,,,,,NA00,,,,,,,,,,,,2017,,,US00,,0,,0,0,0,,0,2,,,,,,,,,B,,,,0,,,,,0,0,0,,,,,0,,0,0,0,,,,,0,,,,0,0,0,,,,5,DR,,125021,0,0,,0,,0,0,,,,,AAA LUBE,,ME01,WE01,X,X,0,0,S,,,0,,,0,,,,1,0,,,,,,,,,0,,,,,,,,,F,,,0,,WE,2/20/17,2/20/17,10:42:51 PM,GBI-041,,MIGO_GR,,0,,,,,,,12:00:00 AM,,,,,,,,,,,0,,,,,
375,5000002100,2017,1,1,0,0,0,101,,AAA LUBE,SC00,RM00,,,,,,125021,,,0,0,,S,USD,45000.00,0,45000.00,,0,,11,DR,11,DR,11,DR,4500000483,10,,,0,,,0,X,,,,,,NA00,,,,,,,,,,,,2017,,,US00,,0,,0,0,0,,0,2,,,,,,,,,B,,,,0,,,,,0,0,0,,,,,0,,0,0,0,,,,,0,,,,0,0,0,,,,3,DR,,125021,0,0,,0,,0,0,,,,,AAA LUBE,,ME01,WE01,X,X,5,"75,000.00",S,,,0,,,0,,,,1,0,,,,,,,,,0,,,,,,,,,F,,,0,,WE,2/20/17,2/20/17,10:43:23 PM,GBI-047,,MIGO_GR,,0,,,,,,,12:00:00 AM,,,,,,,,,,,0,,,,,
375,5000002101,2017,1,1,0,0,0,101,,AAA LUBE,SC00,RM00,,,,,,125021,,,0,0,,S,USD,90000.00,0,90000.00,,0,,8,DR,8,DR,8,DR,4500000467,10,,,0,,,0,X,,,,,,NA00,,,,,,,,,,,,2017,,,US00,,0,,0,0,0,,0,2,,,,,,,,,B,,,,0,,,,,0,0,0,,,,,0,,0,0,0,,,,,0,,,,0,0,0,,,,6,DR,,125021,0,0,,0,,0,0,,,,,AAA LUBE,,ME01,WE01,X,X,8,"120,000.00",S,,,0,,,0,,,,1,0,,,,,,,,,0,,,,,,,,,2,,,0,,WE,2/20/17,2/20/17,10:43:25 PM,GBI-052,,MIGO_GR,,0,,,,,,,12:00:00 AM,,,,,,,,,,,0,,,,,
375,5000002102,2017,1,1,0,0,0,101,,AAA LUBE,SC00,RM00,,,,,,125021,,,0,0,,S,USD,90000.00,0,90000.00,,0,,19,DR,19,DR,19,DR,4500000485,10,,,0,,,0,X,,,,,,NA00,,,,,,,,,,,,2017,,,US00,,0,,0,0,0,,0,2,,,,,,,,,B,,,,0,,,,,0,0,0,,,,,0,,0,0,0,,,,,0,,,,0,0,0,,,,6,DR,,125021,0,0,,0,,0,0,,,,,AAA LUBE,,ME01,WE01,X,X,14,"210,000.00",S,,,0,,,0,,,,1,0,,,,,,,,,0,,,,,,,,,F,,,0,,WE,2/20/17,2/20/17,10:43:52 PM,GBI-047,,MIGO_GR,,0,,,,,,,12:00:00 AM,,,,,,,,,,,0,,,,,
375,5000002103,2017,1,1,0,0,0,101,,AAA LUBE,SC00,RM00,,,,,,125021,,,0,0,,S,USD,105000.00,0,105000.00,,0,,15,DR,15,DR,15,DR,4500000486,10,,,0,,,0,X,,,,,,NA00,,,,,,,,,,,,2017,,,US00,,0,,0,0,0,,0,2,,,,,,,,,B,,,,0,,,,,0,0,0,,,,,0,,0,0,0,,,,,0,,,,0,0,0,,,,7,DR,,125021,0,0,,0,,0,0,,,,,AAA LUBE,,ME01,WE01,X,X,20,"300,000.00",S,,,0,,,0,,,,1,0,,,,,,,,,0,,,,,,,,,F,,,0,,WE,2/20/17,2/20/17,10:44:29 PM,GBI-047,,MIGO_GR,,0,,,,,,,12:00:00 AM,,,,,,,,,,,0,,,,,
375,5000002104,2017,1,1,0,0,0,101,,AAA LUBE,SC00,RM00,,,,,,125021,,,0,0,,S,USD,30000.00,0,30000.00,,0,,15,DR,15,DR,15,DR,4500000487,10,,,0,,,0,X,,,,,,NA00,,,,,,,,,,,,2017,,,US00,,0,,0,0,0,,0,2,,,,,,,,,B,,,,0,,,,,0,0,0,,,,,0,,0,0,0,,,,,0,,,,0,0,0,,,,2,DR,,125021,0,0,,0,,0,0,,,,,AAA LUBE,,ME01,WE01,X,X,27,"405,000.00",S,,,0,,,0,,,,1,0,,,,,,,,,0,,,,,,,,,F,,,0,,WE,2/20/17,2/20/17,10:45:16 PM,GBI-047,,MIGO_GR,,0,,,,,,,12:00:00 AM,,,,,,,,,,,0,,,,,
375,5000002105,2017,1,1,0,0,0,101,,AAA LUBE,SC00,RM00,,,,,,125021,,,0,0,,S,USD,75000.00,0,75000.00,,0,,22,DR,22,DR,22,DR,4500000470,10,,,0,,,0,X,,,,,,NA00,,,,,,,,,,,,2017,,,US00,,0,,0,0,0,,0,2,,,,,,,,,B,,,,0,,,,,0,0,0,,,,,0,,0,0,0,,,,,0,,,,0,0,0,,,,5,DR,,125021,0,0,,0,,0,0,,,,,AAA LUBE,,ME01,WE01,X,X,29,"435,000.00",S,,,0,,,0,,,,1,0,,,,,,,,,0,,,,,,,,,2,,,0,,WE,2/20/17,2/20/17,10:45:26 PM,GBI-052,,MIGO_GR,,0,,,,,,,12:00:00 AM,,,,,,,,,,,0,,,,,
375,5000002106,2017,1,1,0,0,0,101,,AAA LUBE,SC00,RM00,,,,,,125021,,,0,0,,S,USD,15000.00,0,15000.00,,0,,8,DR,8,DR,8,DR,4500000488,10,,,0,,,0,X,,,,,,NA00,,,,,,,,,,,,2017,,,US00,,0,,0,0,0,,0,2,,,,,,,,,B,,,,0,,,,,0,0,0,,,,,0,,0,0,0,,,,,0,,,,0,0,0,,,,1,DR,,125021,0,0,,0,,0,0,,,,,AAA LUBE,,ME01,WE01,X,X,34,"510,000.00",S,,,0,,,0,,,,1,0,,,,,,,,,0,,,,,,,,,F,,,0,,WE,2/20/17,2/20/17,10:46:06 PM,GBI-047,,MIGO_GR,,0,,,,,,,12:00:00 AM,,,,,,,,,,,0,,,,,
375,5000002107,2017,1,1,0,0,0,101,,AAA LUBE,SC00,RM00,,,,,,125021,,,0,0,,S,USD,120000.00,0,120000.00,,0,,15,DR,15,DR,15,DR,4500000473,10,,,0,,,0,X,,,,,,NA00,,,,,,,,,,,,2017,,,US00,,0,,0,0,0,,0,2,,,,,,,,,B,,,,0,,,,,0,0,0,,,,,0,,0,0,0,,,,,0,,,,0,0,0,,,,8,DR,,125021,0,0,,0,,0,0,,,,,AAA LUBE,,ME01,WE01,X,X,35,"525,000.00",S,,,0,,,0,,,,1,0,,,,,,,,,0,,,,,,,,,2,,,0,,WE,2/20/17,2/20/17,10:46:19 PM,GBI-052,,MIGO_GR,,0,,,,,,,12:00:00 AM,,,,,,,,,,,0,,,,,
375,5000002108,2017,1,1,0,0,0,101,,AAA LUBE,SC00,RM00,,,,,,125021,,,0,0,,S,USD,90000.00,0,90000.00,,0,,8,DR,8,DR,8,DR,4500000469,10,,,0,,,0,X,,,,,,NA00,,,,,,,,,,,,2017,,,US00,,0,,0,0,0,,0,2,,,,,,,,,B,,,,0,,,,,0,0,0,,,,,0,,0,0,0,,,,,0,,,,0,0,0,,,,6,DR,,125021,0,0,,0,,0,0,,,,,AAA LUBE,,ME01,WE01,X,X,43,"645,000.00",S,,,0,,,0,,,,1,0,,,,,,,,,0,,,,,,,,,F,,,0,,WE,2/20/17,2/20/17,10:46:48 PM,GBI-056,,MIGO_GR,,0,,,,,,,12:00:00 AM,,,,,,,,,,,0,,,,,
375,5000002109,2017,1,1,0,0,0,101,,AAA LUBE,SC00,RM00,,,,,,125021,,,0,0,,S,USD,45000.00,0,45000.00,,0,,21,DR,21,DR,21,DR,4500000476,10,,,0,,,0,X,,,,,,NA00,,,,,,,,,,,,2017,,,US00,,0,,0,0,0,,0,2,,,,,,,,,B,,,,0,,,,,0,0,0,,,,,0,,0,0,0,,,,,0,,,,0,0,0,,,,3,DR,,125021,0,0,,0,,0,0,,,,,AAA LUBE,,ME01,WE01,X,X,49,"735,000.00",S,,,0,,,0,,,,1,0,,,,,,,,,0,,,,,,,,,2,,,0,,WE,2/20/17,2/20/17,10:46:52 PM,GBI-052,,MIGO_GR,,0,,,,,,,12:00:00 AM,,,,,,,,,,,0,,,,,
375,5000002110,2017,1,1,0,0,0,101,,AAA LUBE,SC00,RM00,,,,,,125021,,,0,0,,S,USD,75000.00,0,75000.00,,0,,6,DR,6,DR,6,DR,4500000479,10,,,0,,,0,X,,,,,,NA00,,,,,,,,,,,,2017,,,US00,,0,,0,0,0,,0,2,,,,,,,,,B,,,,0,,,,,0,0,0,,,,,0,,0,0,0,,,,,0,,,,0,0,0,,,,5,DR,,125021,0,0,,0,,0,0,,,,,AAA LUBE,,ME01,WE01,X,X,52,"780,000.00",S,,,0,,,0,,,,1,0,,,,,,,,,0,,,,,,,,,2,,,0,,WE,2/20/17,2/20/17,10:47:28 PM,GBI-052,,MIGO_GR,,0,,,,,,,12:00:00 AM,,,,,,,,,,,0,,,,,
375,5000002111,2017,1,1,0,0,0,101,,AAA LUBE,SC00,RM00,,,,,,125021,,,0,0,,S,USD,135000.00,0,135000.00,,0,,14,DR,14,DR,14,DR,4500000471,10,,,0,,,0,X,,,,,,NA00,,,,,,,,,,,,2017,,,US00,,0,,0,0,0,,0,2,,,,,,,,,B,,,,0,,,,,0,0,0,,,,,0,,0,0,0,,,,,0,,,,0,0,0,,,,9,DR,,125021,0,0,,0,,0,0,,,,,AAA LUBE,,ME01,WE01,X,X,57,"855,000.00",S,,,0,,,0,,,,1,0,,,,,,,,,0,,,,,,,,,F,,,0,,WE,2/20/17,2/20/17,10:47:58 PM,GBI-056,,MIGO_GR,,0,,,,,,,12:00:00 AM,,,,,,,,,,,0,,,,,
375,5000002112,2017,1,1,0,0,0,101,,AAA LUBE,SC00,RM00,,,,,,125021,,,0,0,,S,USD,75000.00,0,75000.00,,0,,15,DR,15,DR,15,DR,4500000418,10,,,0,,,0,X,,,,,,NA00,,,,,,,,,,,,2017,,,US00,,0,,0,0,0,,0,2,,,,,,,,,B,,,,0,,,,,0,0,0,,,,,0,,0,0,0,,,,,0,,,,0,0,0,,,,5,DR,,125021,0,0,,0,,0,0,,,,,AAA LUBE,,ME01,WE01,X,X,66,"990,000.00",S,,,0,,,0,,,,1,0,,,,,,,,,0,,,,,,,,,F,,,0,,WE,2/20/17,2/20/17,10:47:59 PM,GBI-047,,MIGO_GR,,0,,,,,,,12:00:00 AM,,,,,,,,,,,0,,,,,
375,5000002113,2017,1,1,0,0,0,101,,AAA LUBE,SC00,RM00,,,,,,125021,,,0,0,,S,USD,60000.00,0,60000.00,,0,,18,DR,18,DR,18,DR,4500000422,10,,,0,,,0,X,,,,,,NA00,,,,,,,,,,,,2017,,,US00,,0,,0,0,0,,0,2,,,,,,,,,B,,,,0,,,,,0,0,0,,,,,0,,0,0,0,,,,,0,,,,0,0,0,,,,4,DR,,125021,0,0,,0,,0,0,,,,,AAA LUBE,,ME01,WE01,X,X,71,"1,065,000.00",S,,,0,,,0,,,,1,0,,,,,,,,,0,,,,,,,,,F,,,0,,WE,2/20/17,2/20/17,10:47:59 PM,GBI-052,,MIGO_GR,,0,,,,,,,12:00:00 AM,,,,,,,,,,,0,,,,,
375,5000002114,2017,1,1,0,0,0,101,,AAA LUBE,SC00,RM00,,,,,,125021,,,0,0,,S,USD,75000.00,0,75000.00,,0,,24,DR,24,DR,24,DR,4500000421,10,,,0,,,0,X,,,,,,NA00,,,,,,,,,,,,2017,,,US00,,0,,0,0,0,,0,2,,,,,,,,,B,,,,0,,,,,0,0,0,,,,,0,,0,0,0,,,,,0,,,,0,0,0,,,,5,DR,,125021,0,0,,0,,0,0,,,,,AAA LUBE,,ME01,WE01,X,X,75,"1,125,000.00",S,,,0,,,0,,,,1,0,,,,,,,,,0,,,,,,,,,F,,,0,,WE,2/20/17,2/20/17,10:48:26 PM,GBI-052,,MIGO_GR,,0,,,,,,,12:00:00 AM,,,,,,,,,,,0,,,,,
375,5000002115,2017,1,1,0,0,0,101,,AAA LUBE,SC00,RM00,,,,,,125021,,,0,0,,S,USD,30000.00,0,30000.00,,0,,17,DR,17,DR,17,DR,4500000472,10,,,0,,,0,X,,,,,,NA00,,,,,,,,,,,,2017,,,US00,,0,,0,0,0,,0,2,,,,,,,,,B,,,,0,,,,,0,0,0,,,,,0,,0,0,0,,,,,0,,,,0,0,0,,,,2,DR,,125021,0,0,,0,,0,0,,,,,AAA LUBE,,ME01,WE01,X,X,80,"1,200,000.00",S,,,0,,,0,,,,1,0,,,,,,,,,0,,,,,,,,,F,,,0,,WE,2/20/17,2/20/17,10:48:46 PM,GBI-056,,MIGO_GR,,0,,,,,,,12:00:00 AM,,,,,,,,,,,0,,,,,
375,5000002116,2017,1,1,0,0,0,101,,AAA LUBE,SC00,RM00,,,,,,125021,,,0,0,,S,USD,75000.00,0,75000.00,,0,,16,DR,16,DR,16,DR,4500000419,10,,,0,,,0,X,,,,,,NA00,,,,,,,,,,,,2017,,,US00,,0,,0,0,0,,0,2,,,,,,,,,B,,,,0,,,,,0,0,0,,,,,0,,0,0,0,,,,,0,,,,0,0,0,,,,5,DR,,125021,0,0,,0,,0,0,,,,,AAA LUBE,,ME01,WE01,X,X,82,"1,230,000.00",S,,,0,,,0,,,,1,0,,,,,,,,,0,,,,,,,,,F,,,0,,WE,2/20/17,2/20/17,10:48:56 PM,GBI-047,,MIGO_GR,,0,,,,,,,12:00:00 AM,,,,,,,,,,,0,,,,,
375,5000002117,2017,1,1,0,0,0,101,,AAA LUBE,SC00,RM00,,,,,,125021,,,0,0,,S,USD,75000.00,0,75000.00,,0,,21,DR,21,DR,21,DR,4500000420,10,,,0,,,0,X,,,,,,NA00,,,,,,,,,,,,2017,,,US00,,0,,0,0,0,,0,2,,,,,,,,,B,,,,0,,,,,0,0,0,,,,,0,,0,0,0,,,,,0,,,,0,0,0,,,,5,DR,,125021,0,0,,0,,0,0,,,,,AAA LUBE,,ME01,WE01,X,X,87,"1,305,000.00",S,,,0,,,0,,,,1,0,,,,,,,,,0,,,,,,,,,F,,,0,,WE,2/20/17,2/20/17,10:49:05 PM,GBI-052,,MIGO_GR,,0,,,,,,,12:00:00 AM,,,,,,,,,,,0,,,,,
375,5000002118,2017,1,1,0,0,0,101,,AAA LUBE,SC00,RM00,,,,,,125021,,,0,0,,S,USD,90000.00,0,90000.00,,0,,13,DR,13,DR,13,DR,4500000489,10,,,0,,,0,X,,,,,,NA00,,,,,,,,,,,,2017,,,US00,,0,,0,0,0,,0,2,,,,,,,,,B,,,,0,,,,,0,0,0,,,,,0,,0,0,0,,,,,0,,,,0,0,0,,,,6,DR,,125021,0,0,,0,,0,0,,,,,AAA LUBE,,ME01,WE01,X,X,92,"1,380,000.00",S,,,0,,,0,,,,1,0,,,,,,,,,0,,,,,,,,,F,,,0,,WE,2/20/17,2/20/17,10:49:58 PM,GBI-041,,MIGO_GR,,0,,,,,,,12:00:00 AM,,,,,,,,,,,0,,,,,
375,5000002119,2017,1,1,0,0,0,101,,AAA LUBE,SC00,RM00,,,,,,125021,,,0,0,,S,USD,45000.00,0,45000.00,,0,,23,DR,23,DR,23,DR,4500000474,10,,,0,,,0,X,,,,,,NA00,,,,,,,,,,,,2017,,,US00,,0,,0,0,0,,0,2,,,,,,,,,B,,,,0,,,,,0,0,0,,,,,0,,0,0,0,,,,,0,,,,0,0,0,,,,3,DR,,125021,0,0,,0,,0,0,,,,,AAA LUBE,,ME01,WE01,X,X,98,"1,470,000.00",S,,,0,,,0,,,,1,0,,,,,,,,,0,,,,,,,,,F,,,0,,WE,2/20/17,2/20/17,10:50:21 PM,GBI-056,,MIGO_GR,,0,,,,,,,12:00:00 AM,,,,,,,,,,,0,,,,,
375,5000002120,2017,1,1,0,0,0,101,,AAA LUBE,SC00,RM00,,,,,,125021,,,0,0,,S,USD,75000.00,0,75000.00,,0,,4,DR,4,DR,4,DR,4500000490,10,,,0,,,0,X,,,,,,NA00,,,,,,,,,,,,2017,,,US00,,0,,0,0,0,,0,2,,,,,,,,,B,,,,0,,,,,0,0,0,,,,,0,,0,0,0,,,,,0,,,,0,0,0,,,,5,DR,,125021,0,0,,0,,0,0,,,,,AAA LUBE,,ME01,WE01,X,X,101,"1,515,000.00",S,,,0,,,0,,,,1,0,,,,,,,,,0,,,,,,,,,F,,,0,,WE,2/20/17,2/20/17,10:51:01 PM,GBI-041,,MIGO_GR,,0,,,,,,,12:00:00 AM,,,,,,,,,,,0,,,,,
375,5000002121,2017,1,1,0,0,0,101,,AAA LUBE,SC00,RM00,,,,,,125021,,,0,0,,S,USD,75000.00,0,75000.00,,0,,9,DR,9,DR,9,DR,4500000477,10,,,0,,,0,X,,,,,,NA00,,,,,,,,,,,,2017,,,US00,,0,,0,0,0,,0,2,,,,,,,,,B,,,,0,,,,,0,0,0,,,,,0,,0,0,0,,,,,0,,,,0,0,0,,,,5,DR,,125021,0,0,,0,,0,0,,,,,AAA LUBE,,ME01,WE01,X,X,106,"1,590,000.00",S,,,0,,,0,,,,1,0,,,,,,,,,0,,,,,,,,,F,,,0,,WE,2/20/17,2/20/17,10:51:20 PM,GBI-056,,MIGO_GR,,0,,,,,,,12:00:00 AM,,,,,,,,,,,0,,,,,
375,5000002122,2017,1,1,0,0,0,101,,AAA LUBE,SC00,RM00,,,,,,125021,,,0,0,,S,USD,90000.00,0,90000.00,,0,,16,DR,16,DR,16,DR,4500000491,10,,,0,,,0,X,,,,,,NA00,,,,,,,,,,,,2017,,,US00,,0,,0,0,0,,0,2,,,,,,,,,B,,,,0,,,,,0,0,0,,,,,0,,0,0,0,,,,,0,,,,0,0,0,,,,6,DR,,125021,0,0,,0,,0,0,,,,,AAA LUBE,,ME01,WE01,X,X,111,"1,665,000.00",S,,,0,,,0,,,,1,0,,,,,,,,,0,,,,,,,,,F,,,0,,WE,2/20/17,2/20/17,10:53:08 PM,GBI-041,,MIGO_GR,,0,,,,,,,12:00:00 AM,,,,,,,,,,,0,,,,,
375,5000002123,2017,1,1,0,0,0,101,,AAA LUBE,SC00,RM00,,,,,,125021,,,0,0,,S,USD,75000.00,0,75000.00,,0,,25,DR,25,DR,25,DR,4500000492,10,,,0,,,0,X,,,,,,NA00,,,,,,,,,,,,2017,,,US00,,0,,0,0,0,,0,2,,,,,,,,,B,,,,0,,,,,0,0,0,,,,,0,,0,0,0,,,,,0,,,,0,0,0,,,,5,DR,,125021,0,0,,0,,0,0,,,,,AAA LUBE,,ME01,WE01,X,X,117,"1,755,000.00",S,,,0,,,0,,,,1,0,,,,,,,,,0,,,,,,,,,F,,,0,,WE,2/20/17,2/20/17,10:55:39 PM,GBI-041,,MIGO_GR,,0,,,,,,,12:00:00 AM,,,,,,,,,,,0,,,,,
375,5000002124,2017,1,1,0,0,0,101,,BLUEPAINT,SC00,RM00,,,,,,125131,,,0,0,,S,USD,1020.00,0,1020.00,,0,,365,L,365,L,365,L,4500000432,10,,,0,,,0,X,,,,,,NA00,,,,,,,,,,,,2017,,,US00,,0,,0,0,0,,0,2,,,,,,,,,B,,,,0,,,,,0,0,0,,,,,0,,0,0,0,,,,,0,,,,0,0,0,,,,102,L,,125131,0,0,,0,,0,0,,,,,BLUEPAINT,,ME01,WE01,X,X,"2,083","20,830.00",S,,,0,,,0,,,,1,0,,,,,,,,,0,,,,,,,,,F,,,0,,WE,2/20/17,2/20/17,11:00:10 PM,GBI-045,,MIGO_GR,,0,,,,,,,12:00:00 AM,,,,,,,,,,,0,,,,,
375,5000002125,2017,1,1,0,0,0,101,,BLUEPAINT,SC00,RM00,,,,,,125131,,,0,0,,S,USD,1030.00,0,1030.00,,0,,668,L,668,L,668,L,4500000436,10,,,0,,,0,X,,,,,,NA00,,,,,,,,,,,,2017,,,US00,,0,,0,0,0,,0,2,,,,,,,,,B,,,,0,,,,,0,0,0,,,,,0,,0,0,0,,,,,0,,,,0,0,0,,,,103,L,,125131,0,0,,0,,0,0,,,,,BLUEPAINT,,ME01,WE01,X,X,"2,185","21,850.00",S,,,0,,,0,,,,1,0,,,,,,,,,0,,,,,,,,,F,,,0,,WE,2/20/17,2/20/17,11:01:29 PM,GBI-045,,MIGO_GR,,0,,,,,,,12:00:00 AM,,,,,,,,,,,0,,,,,
375,5000002126,2017,1,1,0,0,0,101,,BLUEPAINT,SC00,RM00,,,,,,125131,,,0,0,,S,USD,970.00,0,970.00,,0,,897,L,897,L,897,L,4500000440,10,,,0,,,0,X,,,,,,NA00,,,,,,,,,,,,2017,,,US00,,0,,0,0,0,,0,2,,,,,,,,,B,,,,0,,,,,0,0,0,,,,,0,,0,0,0,,,,,0,,,,0,0,0,,,,97,L,,125131,0,0,,0,,0,0,,,,,BLUEPAINT,,ME01,WE01,X,X,"2,288","22,880.00",S,,,0,,,0,,,,1,0,,,,,,,,,0,,,,,,,,,F,,,0,,WE,2/20/17,2/20/17,11:02:22 PM,GBI-045,,MIGO_GR,,0,,,,,,,12:00:00 AM,,,,,,,,,,,0,,,,,
375,5000002127,2017,1,1,0,0,0,101,,BLUEPAINT,SC00,RM00,,,,,,125131,,,0,0,,S,USD,1000.00,0,1000.00,,0,,236,L,236,L,236,L,4500000443,10,,,0,,,0,X,,,,,,NA00,,,,,,,,,,,,2017,,,US00,,0,,0,0,0,,0,2,,,,,,,,,B,,,,0,,,,,0,0,0,,,,,0,,0,0,0,,,,,0,,,,0,0,0,,,,100,L,,125131,0,0,,0,,0,0,,,,,BLUEPAINT,,ME01,WE01,X,X,"2,385","23,850.00",S,,,0,,,0,,,,1,0,,,,,,,,,0,,,,,,,,,F,,,0,,WE,2/20/17,2/20/17,11:03:06 PM,GBI-045,,MIGO_GR,,0,,,,,,,12:00:00 AM,,,,,,,,,,,0,,,,,
375,5000002128,2017,1,1,0,0,0,101,,BLUEPAINT,SC00,RM00,,,,,,125133,,,0,0,,S,USD,1010.00,0,1010.00,,0,,1018,L,1018,L,1018,L,4500000493,10,,,0,,,0,X,,,,,,NA00,,,,,,,,,,,,2017,,,US00,,0,,0,0,0,,0,2,,,,,,,,,B,,,,0,,,,,0,0,0,,,,,0,,0,0,0,,,,,0,,,,0,0,0,,,,101,L,,125133,0,0,,0,,0,0,,,,,BLUEPAINT,,ME01,WE01,X,X,"2,485","24,850.00",S,,,0,,,0,,,,1,0,,,,,,,,,0,,,,,,,,,F,,,0,,WE,2/21/17,2/21/17,10:33:19 AM,GBI-044,,MIGO_GR,,0,,,,,,,12:00:00 AM,,,,,,,,,,,0,,,,,
375,5000002129,2017,1,1,0,0,0,101,,BLUEPAINT,SC00,RM00,,,,,,125133,,,0,0,,S,USD,1000.00,0,1000.00,,0,,1034,L,1034,L,1034,L,4500000494,10,,,0,,,0,X,,,,,,NA00,,,,,,,,,,,,2017,,,US00,,0,,0,0,0,,0,2,,,,,,,,,B,,,,0,,,,,0,0,0,,,,,0,,0,0,0,,,,,0,,,,0,0,0,,,,100,L,,125133,0,0,,0,,0,0,,,,,BLUEPAINT,,ME01,WE01,X,X,"2,586","25,860.00",S,,,0,,,0,,,,1,0,,,,,,,,,0,,,,,,,,,F,,,0,,WE,2/21/17,2/21/17,10:34:10 AM,GBI-044,,MIGO_GR,,0,,,,,,,12:00:00 AM,,,,,,,,,,,0,,,,,
375,5000002130,2017,1,1,0,0,0,101,,BLUEPAINT,SC00,RM00,,,,,,125133,,,0,0,,S,USD,990.00,0,990.00,,0,,270,L,270,L,270,L,4500000495,10,,,0,,,0,X,,,,,,NA00,,,,,,,,,,,,2017,,,US00,,0,,0,0,0,,0,2,,,,,,,,,B,,,,0,,,,,0,0,0,,,,,0,,0,0,0,,,,,0,,,,0,0,0,,,,99,L,,125133,0,0,,0,,0,0,,,,,BLUEPAINT,,ME01,WE01,X,X,"2,686","26,860.00",S,,,0,,,0,,,,1,0,,,,,,,,,0,,,,,,,,,F,,,0,,WE,2/21/17,2/21/17,10:35:38 AM,GBI-044,,MIGO_GR,,0,,,,,,,12:00:00 AM,,,,,,,,,,,0,,,,,
375,5000002131,2017,1,1,0,0,0,101,,BLUEPAINT,SC00,RM00,,,,,,125133,,,0,0,,S,USD,1020.00,0,1020.00,,0,,1085,L,1085,L,1085,L,4500000496,10,,,0,,,0,X,,,,,,NA00,,,,,,,,,,,,2017,,,US00,,0,,0,0,0,,0,2,,,,,,,,,B,,,,0,,,,,0,0,0,,,,,0,,0,0,0,,,,,0,,,,0,0,0,,,,102,L,,125133,0,0,,0,,0,0,,,,,BLUEPAINT,,ME01,WE01,X,X,"2,785","27,850.00",S,,,0,,,0,,,,1,0,,,,,,,,,0,,,,,,,,,F,,,0,,WE,2/21/17,2/21/17,10:36:15 AM,GBI-044,,MIGO_GR,,0,,,,,,,12:00:00 AM,,,,,,,,,,,0,,,,,
375,5000002132,2017,1,1,0,0,0,101,,BLUEPAINT,SC00,RM00,,,,,,125133,,,0,0,,S,USD,980.00,0,980.00,,0,,44,L,44,L,44,L,4500000497,10,,,0,,,0,X,,,,,,NA00,,,,,,,,,,,,2017,,,US00,,0,,0,0,0,,0,2,,,,,,,,,B,,,,0,,,,,0,0,0,,,,,0,,0,0,0,,,,,0,,,,0,0,0,,,,98,L,,125133,0,0,,0,,0,0,,,,,BLUEPAINT,,ME01,WE01,X,X,"2,887","28,870.00",S,,,0,,,0,,,,1,0,,,,,,,,,0,,,,,,,,,F,,,0,,WE,2/21/17,2/21/17,10:36:50 AM,GBI-044,,MIGO_GR,,0,,,,,,,12:00:00 AM,,,,,,,,,,,0,,,,,
375,5000002133,2017,1,1,0,0,0,101,,AAA LUBE,SC00,RM00,,,,,,125021,,,0,0,,S,USD,75000.00,0,75000.00,,0,,6,DR,6,DR,6,DR,4500000498,10,,,0,,,0,X,,,,,,NA00,,,,,,,,,,,,2017,,,US00,,0,,0,0,0,,0,2,,,,,,,,,B,,,,0,,,,,0,0,0,,,,,0,,0,0,0,,,,,0,,,,0,0,0,,,,5,DR,,125021,0,0,,0,,0,0,,,,,AAA LUBE,,ME01,WE01,X,X,122,"1,830,000.00",S,,,0,,,0,,,,1,0,,,,,,,,,0,,,,,,,,,F,,,0,,WE,2/21/17,2/21/17,3:30:07 PM,GBI-030,,MIGO_GR,,0,,,,,,,12:00:00 AM,,,,,,,,,,,0,,,,,
375,5000002134,2017,1,1,0,0,0,101,,AAA LUBE,SC00,RM00,,,,,,125021,,,0,0,,S,USD,60000.00,0,60000.00,,0,,18,DR,18,DR,18,DR,4500000499,10,,,0,,,0,X,,,,,,NA00,,,,,,,,,,,,2017,,,US00,,0,,0,0,0,,0,2,,,,,,,,,B,,,,0,,,,,0,0,0,,,,,0,,0,0,0,,,,,0,,,,0,0,0,,,,4,DR,,125021,0,0,,0,,0,0,,,,,AAA LUBE,,ME01,WE01,X,X,127,"1,905,000.00",S,,,0,,,0,,,,1,0,,,,,,,,,0,,,,,,,,,F,,,0,,WE,2/21/17,2/21/17,3:30:35 PM,GBI-030,,MIGO_GR,,0,,,,,,,12:00:00 AM,,,,,,,,,,,0,,,,,
375,5000002135,2017,1,1,0,0,0,101,,AAA LUBE,SC00,RM00,,,,,,125021,,,0,0,,S,USD,150000.00,0,150000.00,,0,,14,DR,14,DR,14,DR,4500000500,10,,,0,,,0,X,,,,,,NA00,,,,,,,,,,,,2017,,,US00,,0,,0,0,0,,0,2,,,,,,,,,B,,,,0,,,,,0,0,0,,,,,0,,0,0,0,,,,,0,,,,0,0,0,,,,10,DR,,125021,0,0,,0,,0,0,,,,,AAA LUBE,,ME01,WE01,X,X,131,"1,965,000.00",S,,,0,,,0,,,,1,0,,,,,,,,,0,,,,,,,,,2,,,0,,WE,2/21/17,2/21/17,3:31:05 PM,GBI-030,,MIGO_GR,,0,,,,,,,12:00:00 AM,,,,,,,,,,,0,,,,,
375,5000002136,2017,1,1,0,0,0,101,,AAA LUBE,SC00,RM00,,,,,,125021,,,0,0,,S,USD,75000.00,0,75000.00,,0,,24,DR,24,DR,24,DR,4500000501,10,,,0,,,0,X,,,,,,NA00,,,,,,,,,,,,2017,,,US00,,0,,0,0,0,,0,2,,,,,,,,,B,,,,0,,,,,0,0,0,,,,,0,,0,0,0,,,,,0,,,,0,0,0,,,,5,DR,,125021,0,0,,0,,0,0,,,,,AAA LUBE,,ME01,WE01,X,X,141,"2,115,000.00",S,,,0,,,0,,,,1,0,,,,,,,,,0,,,,,,,,,F,,,0,,WE,2/21/17,2/21/17,3:31:36 PM,GBI-030,,MIGO_GR,,0,,,,,,,12:00:00 AM,,,,,,,,,,,0,,,,,
375,5000002137,2017,1,1,0,0,0,101,,AAA LUBE,SC00,RM00,,,,,,125021,,,0,0,,S,USD,105000.00,0,105000.00,,0,,4,DR,4,DR,4,DR,4500000502,10,,,0,,,0,X,,,,,,NA00,,,,,,,,,,,,2017,,,US00,,0,,0,0,0,,0,2,,,,,,,,,B,,,,0,,,,,0,0,0,,,,,0,,0,0,0,,,,,0,,,,0,0,0,,,,7,DR,,125021,0,0,,0,,0,0,,,,,AAA LUBE,,ME01,WE01,X,X,146,"2,190,000.00",S,,,0,,,0,,,,1,0,,,,,,,,,0,,,,,,,,,F,,,0,,WE,2/21/17,2/21/17,3:31:59 PM,GBI-030,,MIGO_GR,,0,,,,,,,12:00:00 AM,,,,,,,,,,,0,,,,,
375,5000002138,2017,1,1,0,0,0,101,,BLUEPAINT,SC00,RM00,,,,,,125134,,,0,0,,S,USD,950.00,0,950.00,,0,,293,L,293,L,293,L,4500000508,10,,,0,,,0,X,,,,,,NA00,,,,,,,,,,,,2017,,,US00,,0,,0,0,0,,0,2,,,,,,,,,B,,,,0,,,,,0,0,0,,,,,0,,0,0,0,,,,,0,,,,0,0,0,,,,95,L,,125134,0,0,,0,,0,0,,,,,BLUEPAINT,,ME01,WE01,X,X,"2,985","29,850.00",S,,,0,,,0,,,,1,0,,,,,,,,,0,,,,,,,,,F,,,0,,WE,2/21/17,2/21/17,7:14:40 PM,GBI-063,,MIGO_GR,,0,,,,,,,12:00:00 AM,,,,,,,,,,,0,,,,,
375,5000002139,2017,1,1,0,0,0,101,,BLUEPAINT,SC00,RM00,,,,,,125134,,,0,0,,S,USD,1020.00,0,1020.00,,0,,182,L,182,L,182,L,4500000509,10,,,0,,,0,X,,,,,,NA00,,,,,,,,,,,,2017,,,US00,,0,,0,0,0,,0,2,,,,,,,,,B,,,,0,,,,,0,0,0,,,,,0,,0,0,0,,,,,0,,,,0,0,0,,,,102,L,,125134,0,0,,0,,0,0,,,,,BLUEPAINT,,ME01,WE01,X,X,"3,080","30,800.00",S,,,0,,,0,,,,1,0,,,,,,,,,0,,,,,,,,,F,,,0,,WE,2/21/17,2/21/17,7:16:06 PM,GBI-063,,MIGO_GR,,0,,,,,,,12:00:00 AM,,,,,,,,,,,0,,,,,
375,5000002140,2017,1,1,0,0,0,101,,BLUEPAINT,SC00,RM00,,,,,,125134,,,0,0,,S,USD,980.00,0,980.00,,0,,1018,L,1018,L,1018,L,4500000510,10,,,0,,,0,X,,,,,,NA00,,,,,,,,,,,,2017,,,US00,,0,,0,0,0,,0,2,,,,,,,,,B,,,,0,,,,,0,0,0,,,,,0,,0,0,0,,,,,0,,,,0,0,0,,,,98,L,,125134,0,0,,0,,0,0,,,,,BLUEPAINT,,ME01,WE01,X,X,"3,182","31,820.00",S,,,0,,,0,,,,1,0,,,,,,,,,0,,,,,,,,,F,,,0,,WE,2/21/17,2/21/17,7:16:48 PM,GBI-063,,MIGO_GR,,0,,,,,,,12:00:00 AM,,,,,,,,,,,0,,,,,
375,5000002141,2017,1,1,0,0,0,101,,BLUEPAINT,SC00,RM00,,,,,,125134,,,0,0,,S,USD,1010.00,0,1010.00,,0,,926,L,926,L,926,L,4500000511,10,,,0,,,0,X,,,,,,NA00,,,,,,,,,,,,2017,,,US00,,0,,0,0,0,,0,2,,,,,,,,,B,,,,0,,,,,0,0,0,,,,,0,,0,0,0,,,,,0,,,,0,0,0,,,,101,L,,125134,0,0,,0,,0,0,,,,,BLUEPAINT,,ME01,WE01,X,X,"3,280","32,800.00",S,,,0,,,0,,,,1,0,,,,,,,,,0,,,,,,,,,F,,,0,,WE,2/21/17,2/21/17,7:17:20 PM,GBI-063,,MIGO_GR,,0,,,,,,,12:00:00 AM,,,,,,,,,,,0,,,,,
375,5000002142,2017,1,1,0,0,0,101,,BLUEPAINT,SC00,RM00,,,,,,125134,,,0,0,,S,USD,1040.00,0,1040.00,,0,,345,L,345,L,345,L,4500000512,10,,,0,,,0,X,,,,,,NA00,,,,,,,,,,,,2017,,,US00,,0,,0,0,0,,0,2,,,,,,,,,B,,,,0,,,,,0,0,0,,,,,0,,0,0,0,,,,,0,,,,0,0,0,,,,104,L,,125134,0,0,,0,,0,0,,,,,BLUEPAINT,,ME01,WE01,X,X,"3,381","33,810.00",S,,,0,,,0,,,,1,0,,,,,,,,,0,,,,,,,,,F,,,0,,WE,2/21/17,2/21/17,7:17:49 PM,GBI-063,,MIGO_GR,,0,,,,,,,12:00:00 AM,,,,,,,,,,,0,,,,,
375,5000002143,2017,1,1,0,0,0,101,,AAA LUBE,SC00,RM00,,,,,,125021,,,0,0,,S,USD,150000.00,0,150000.00,,0,,19,DR,19,DR,19,DR,4500000503,10,,,0,,,0,X,,,,,,NA00,,,,,,,,,,,,2017,,,US00,,0,,0,0,0,,0,2,,,,,,,,,B,,,,0,,,,,0,0,0,,,,,0,,0,0,0,,,,,0,,,,0,0,0,,,,10,DR,,125021,0,0,,0,,0,0,,,,,AAA LUBE,,ME01,WE01,X,X,153,"2,295,000.00",S,,,0,,,0,,,,1,0,,,,,,,,,0,,,,,,,,,F,,,0,,WE,2/23/17,2/23/17,2:48:38 PM,GBI-052,,MIGO_GR,,0,,,,,,,12:00:00 AM,,,,,,,,,,,0,,,,,
375,5000002144,2017,1,1,0,0,0,261,,AAA LUBE,DL00,RM00,,,,,,,,,0,0,,H,USD,156122.45,0,156122.45,,,,30,DR,30,DR,30,DR,,,,,0,,,0,X,,,,,,NA00,,,,,,,,,,,,2017,,,US00,,0,,0,0,0,,0,2,,,,,,,,,B,,,,0,,,,,0,0,0,,,,,0,,0,0,0,,,,,0,,,,0,0,0,,,,,,,,,,,,,,,,,,,,,,,,,,,,,,,,,,,,,,,,,,,,,,,,,,,,,,,,,,,,,,,,,,,,,,,,,,,,,,,,,,,,,,,,,,,,
375,5000002145,2017,1,1,0,0,0,261,,AAA LUBE,DL00,RM00,,,,,,,,,0,0,,H,USD,1181326.53,0,1181326.53,,,,227,DR,227,DR,227,DR,,,,,0,,,0,X,,,,,,NA00,,,,,,,,,,,,2017,,,US00,,0,,0,0,0,,0,2,,,,,,,,,B,,,,0,,,,,0,0,0,,,,,0,,0,0,0,,,,,0,,,,0,0,0,,,,,,,,,,,,,,,,,,,,,,,,,,,,,,,,,,,,,,,,,,,,,,,,,,,,,,,,,,,,,,,,,,,,,,,,,,,,,,,,,,,,,,,,,,,,
375,5000002146,2017,1,1,0,0,0,261,,AAA LUBE,DL00,RM00,,,,,,,,,0,0,,H,USD,379897.96,0,379897.96,,,,73,DR,73,DR,73,DR,,,,,0,,,0,X,,,,,,NA00,,,,,,,,,,,,2017,,,US00,,0,,0,0,0,,0,2,,,,,,,,,B,,,,0,,,,,0,0,0,,,,,0,,0,0,0,,,,,0,,,,0,0,0,,,,,,,,,,,,,,,,,,,,,,,,,,,,,,,,,,,,,,,,,,,,,,,,,,,,,,,,,,,,,,,,,,,,,,,,,,,,,,,,,,,,,,,,,,,,
375,5000002147,2017,1,1,0,0,0,261,,AAA LUBE,DL00,RM00,,,,,,,,,0,0,,H,USD,244591.84,0,244591.84,,,,47,DR,47,DR,47,DR,,,,,0,,,0,X,,,,,,NA00,,,,,,,,,,,,2017,,,US00,,0,,0,0,0,,0,2,,,,,,,,,B,,,,0,,,,,0,0,0,,,,,0,,0,0,0,,,,,0,,,,0,0,0,,,,,,,,,,,,,,,,,,,,,,,,,,,,,,,,,,,,,,,,,,,,,,,,,,,,,,,,,,,,,,,,,,,,,,,,,,,,,,,,,,,,,,,,,,,,
375,5000002148,2017,1,1,0,0,0,261,,AAA LUBE,DL00,RM00,,,,,,,,,0,0,,H,USD,130102.04,0,130102.04,,,,25,DR,25,DR,25,DR,,,,,0,,,0,X,,,,,,NA00,,,,,,,,,,,,2017,,,US00,,0,,0,0,0,,0,2,,,,,,,,,B,,,,0,,,,,0,0,0,,,,,0,,0,0,0,,,,,0,,,,0,0,0,,,,,,,,,,,,,,,,,,,,,,,,,,,,,,,,,,,,,,,,,,,,,,,,,,,,,,,,,,,,,,,,,,,,,,,,,,,,,,,,,,,,,,,,,,,,
375,5000002149,2017,1,1,0,0,0,261,,AAA LUBE,DL00,RM00,,,,,,,,,0,0,,H,USD,10408.16,0,10408.16,,,,2,DR,2,DR,2,DR,,,,,0,,,0,X,,,,,,NA00,,,,,,,,,,,,2017,,,US00,,0,,0,0,0,,0,2,,,,,,,,,B,,,,0,,,,,0,0,0,,,,,0,,0,0,0,,,,,0,,,,0,0,0,,,,,,,,,,,,,,,,,,,,,,,,,,,,,,,,,,,,,,,,,,,,,,,,,,,,,,,,,,,,,,,,,,,,,,,,,,,,,,,,,,,,,,,,,,,,
375,5000002150,2017,1,1,0,0,0,261,,ADAMANTIUM,DL00,RM00,,,,,,,,,0,0,,H,USD,1766346.82,0,1766346.82,,,,14475,LB,14475,LB,14475,LB,,,,,0,,,0,X,,,,,,NA00,,,,,,,,,,,,2017,,,US00,,0,,0,0,0,,0,2,,,,,,,,,B,,,,0,,,,,0,0,0,,,,,0,,0,0,0,,,,,0,,,,0,0,0,,,,,,,,,,,,,,,,,,,,,,,,,,,,,,,,,,,,,,,,,,,,,,,,,,,,,,,,,,,,,,,,,,,,,,,,,,,,,,,,,,,,,,,,,,,,
375,5000002151,2017,1,1,0,0,0,261,,ADAMANTIUM,DL00,RM00,,,,,,,,,0,0,,H,USD,1532908.38,0,1532908.38,,,,12562,LB,12562,LB,12562,LB,,,,,0,,,0,X,,,,,,NA00,,,,,,,,,,,,2017,,,US00,,0,,0,0,0,,0,2,,,,,,,,,B,,,,0,,,,,0,0,0,,,,,0,,0,0,0,,,,,0,,,,0,0,0,,,,,,,,,,,,,,,,,,,,,,,,,,,,,,,,,,,,,,,,,,,,,,,,,,,,,,,,,,,,,,,,,,,,,,,,,,,,,,,,,,,,,,,,,,,,
375,5000002152,2017,1,1,0,0,0,261,,ADAMANTIUM,DL00,RM00,,,,,,,,,0,0,,H,USD,751688.87,0,751688.87,,,,6160,LB,6160,LB,6160,LB,,,,,0,,,0,X,,,,,,NA00,,,,,,,,,,,,2017,,,US00,,0,,0,0,0,,0,2,,,,,,,,,B,,,,0,,,,,0,0,0,,,,,0,,0,0,0,,,,,0,,,,0,0,0,,,,,,,,,,,,,,,,,,,,,,,,,,,,,,,,,,,,,,,,,,,,,,,,,,,,,,,,,,,,,,,,,,,,,,,,,,,,,,,,,,,,,,,,,,,,
375,5000002153,2017,1,1,0,0,0,261,,ADAMANTIUM,DL00,RM00,,,,,,,,,0,0,,H,USD,1553897.09,0,1553897.09,,,,12734,LB,12734,LB,12734,LB,,,,,0,,,0,X,,,,,,NA00,,,,,,,,,,,,2017,,,US00,,0,,0,0,0,,0,2,,,,,,,,,B,,,,0,,,,,0,0,0,,,,,0,,0,0,0,,,,,0,,,,0,0,0,,,,,,,,,,,,,,,,,,,,,,,,,,,,,,,,,,,,,,,,,,,,,,,,,,,,,,,,,,,,,,,,,,,,,,,,,,,,,,,,,,,,,,,,,,,,
375,5000002154,2017,1,1,0,0,0,261,,ANGOLAN AMETHYST,DL00,RM00,,,,,,,,,0,0,,H,USD,945023.47,0,945023.47,,,,398,G,398,G,398,G,,,,,0,,,0,X,,,,,,NA00,,,,,,,,,,,,2017,,,US00,,0,,0,0,0,,0,2,,,,,,,,,B,,,,0,,,,,0,0,0,,,,,0,,0,0,0,,,,,0,,,,0,0,0,,,,,,,,,,,,,,,,,,,,,,,,,,,,,,,,,,,,,,,,,,,,,,,,,,,,,,,,,,,,,,,,,,,,,,,,,,,,,,,,,,,,,,,,,,,,
375,5000002155,2017,1,1,0,0,0,261,,ANGOLAN AMETHYST,DL00,RM00,,,,,,,,,0,0,,H,USD,83105.08,0,83105.08,,,,35,G,35,G,35,G,,,,,0,,,0,X,,,,,,NA00,,,,,,,,,,,,2017,,,US00,,0,,0,0,0,,0,2,,,,,,,,,B,,,,0,,,,,0,0,0,,,,,0,,0,0,0,,,,,0,,,,0,0,0,,,,,,,,,,,,,,,,,,,,,,,,,,,,,,,,,,,,,,,,,,,,,,,,,,,,,,,,,,,,,,,,,,,,,,,,,,,,,,,,,,,,,,,,,,,,
375,5000002156,2017,1,1,0,0,0,261,,ANGOLAN AMETHYST,DL00,RM00,,,,,,,,,0,0,,H,USD,3495162.17,0,3495162.17,,,,1472,G,1472,G,1472,G,,,,,0,,,0,X,,,,,,NA00,,,,,,,,,,,,2017,,,US00,,0,,0,0,0,,0,2,,,,,,,,,B,,,,0,,,,,0,0,0,,,,,0,,0,0,0,,,,,0,,,,0,0,0,,,,,,,,,,,,,,,,,,,,,,,,,,,,,,,,,,,,,,,,,,,,,,,,,,,,,,,,,,,,,,,,,,,,,,,,,,,,,,,,,,,,,,,,,,,,
375,5000002157,2017,1,1,0,0,0,261,,ANGOLAN AMETHYST,DL00,RM00,,,,,,,,,0,0,,H,USD,1576622.07,0,1576622.07,,,,664,G,664,G,664,G,,,,,0,,,0,X,,,,,,NA00,,,,,,,,,,,,2017,,,US00,,0,,0,0,0,,0,2,,,,,,,,,B,,,,0,,,,,0,0,0,,,,,0,,0,0,0,,,,,0,,,,0,0,0,,,,,,,,,,,,,,,,,,,,,,,,,,,,,,,,,,,,,,,,,,,,,,,,,,,,,,,,,,,,,,,,,,,,,,,,,,,,,,,,,,,,,,,,,,,,
375,5000002158,2017,1,1,0,0,0,261,,AUSTRALIAN AMETHYST,DL00,RM00,,,,,,,,,0,0,,H,USD,2231607.63,0,2231607.63,,,,234,G,234,G,234,G,,,,,0,,,0,X,,,,,,NA00,,,,,,,,,,,,2017,,,US00,,0,,0,0,0,,0,2,,,,,,,,,B,,,,0,,,,,0,0,0,,,,,0,,0,0,0,,,,,0,,,,0,0,0,,,,,,,,,,,,,,,,,,,,,,,,,,,,,,,,,,,,,,,,,,,,,,,,,,,,,,,,,,,,,,,,,,,,,,,,,,,,,,,,,,,,,,,,,,,,
375,5000002159,2017,1,1,0,0,0,261,,AUSTRALIAN AMETHYST,DL00,RM00,,,,,,,,,0,0,,H,USD,2241144.41,0,2241144.41,,,,235,G,235,G,235,G,,,,,0,,,0,X,,,,,,NA00,,,,,,,,,,,,2017,,,US00,,0,,0,0,0,,0,2,,,,,,,,,B,,,,0,,,,,0,0,0,,,,,0,,0,0,0,,,,,0,,,,0,0,0,,,,,,,,,,,,,,,,,,,,,,,,,,,,,,,,,,,,,,,,,,,,,,,,,,,,,,,,,,,,,,,,,,,,,,,,,,,,,,,,,,,,,,,,,,,,
375,5000002160,2017,1,1,0,0,0,261,,AUSTRALIAN AMETHYST,DL00,RM00,,,,,,,,,0,0,,H,USD,1773841.96,0,1773841.96,,,,186,G,186,G,186,G,,,,,0,,,0,X,,,,,,NA00,,,,,,,,,,,,2017,,,US00,,0,,0,0,0,,0,2,,,,,,,,,B,,,,0,,,,,0,0,0,,,,,0,,0,0,0,,,,,0,,,,0,0,0,,,,,,,,,,,,,,,,,,,,,,,,,,,,,,,,,,,,,,,,,,,,,,,,,,,,,,,,,,,,,,,,,,,,,,,,,,,,,,,,,,,,,,,,,,,,
375,5000002161,2017,1,1,0,0,0,261,,BLUEPAINT,DL00,RM00,,,,,,,,,0,0,,H,USD,160838.39,0,160838.39,,,,3955,L,3955,L,3955,L,,,,,0,,,0,X,,,,,,NA00,,,,,,,,,,,,2017,,,US00,,0,,0,0,0,,0,2,,,,,,,,,B,,,,0,,,,,0,0,0,,,,,0,,0,0,0,,,,,0,,,,0,0,0,,,,,,,,,,,,,,,,,,,,,,,,,,,,,,,,,,,,,,,,,,,,,,,,,,,,,,,,,,,,,,,,,,,,,,,,,,,,,,,,,,,,,,,,,,,,
375,5000002162,2017,1,1,0,0,0,261,,BLUEPAINT,DL00,RM00,,,,,,,,,0,0,,H,USD,152257.63,0,152257.63,,,,3744,L,3744,L,3744,L,,,,,0,,,0,X,,,,,,NA00,,,,,,,,,,,,2017,,,US00,,0,,0,0,0,,0,2,,,,,,,,,B,,,,0,,,,,0,0,0,,,,,0,,0,0,0,,,,,0,,,,0,0,0,,,,,,,,,,,,,,,,,,,,,,,,,,,,,,,,,,,,,,,,,,,,,,,,,,,,,,,,,,,,,,,,,,,,,,,,,,,,,,,,,,,,,,,,,,,,
375,5000002163,2017,1,1,0,0,0,261,,BLUEPAINT,DL00,RM00,,,,,,,,,0,0,,H,USD,66002.71,0,66002.71,,,,1623,L,1623,L,1623,L,,,,,0,,,0,X,,,,,,NA00,,,,,,,,,,,,2017,,,US00,,0,,0,0,0,,0,2,,,,,,,,,B,,,,0,,,,,0,0,0,,,,,0,,0,0,0,,,,,0,,,,0,0,0,,,,,,,,,,,,,,,,,,,,,,,,,,,,,,,,,,,,,,,,,,,,,,,,,,,,,,,,,,,,,,,,,,,,,,,,,,,,,,,,,,,,,,,,,,,,
375,5000002164,2017,1,1,0,0,0,261,,BLUEPAINT,DL00,RM00,,,,,,,,,0,0,,H,USD,33631.69,0,33631.69,,,,827,L,827,L,827,L,,,,,0,,,0,X,,,,,,NA00,,,,,,,,,,,,2017,,,US00,,0,,0,0,0,,0,2,,,,,,,,,B,,,,0,,,,,0,0,0,,,,,0,,0,0,0,,,,,0,,,,0,0,0,,,,,,,,,,,,,,,,,,,,,,,,,,,,,,,,,,,,,,,,,,,,,,,,,,,,,,,,,,,,,,,,,,,,,,,,,,,,,,,,,,,,,,,,,,,,
375,5000002165,2017,1,1,0,0,0,261,,BLUEPAINT,DL00,RM00,,,,,,,,,0,0,,H,USD,86254.92,0,86254.92,,,,2121,L,2121,L,2121,L,,,,,0,,,0,X,,,,,,NA00,,,,,,,,,,,,2017,,,US00,,0,,0,0,0,,0,2,,,,,,,,,B,,,,0,,,,,0,0,0,,,,,0,,0,0,0,,,,,0,,,,0,0,0,,,,,,,,,,,,,,,,,,,,,,,,,,,,,,,,,,,,,,,,,,,,,,,,,,,,,,,,,,,,,,,,,,,,,,,,,,,,,,,,,,,,,,,,,,,,
375,5000002166,2017,1,1,0,0,0,261,,BLUEPAINT,DL00,RM00,,,,,,,,,0,0,,H,USD,177755.91,0,177755.91,,,,4371,L,4371,L,4371,L,,,,,0,,,0,X,,,,,,NA00,,,,,,,,,,,,2017,,,US00,,0,,0,0,0,,0,2,,,,,,,,,B,,,,0,,,,,0,0,0,,,,,0,,0,0,0,,,,,0,,,,0,0,0,,,,,,,,,,,,,,,,,,,,,,,,,,,,,,,,,,,,,,,,,,,,,,,,,,,,,,,,,,,,,,,,,,,,,,,,,,,,,,,,,,,,,,,,,,,,
375,5000002167,2017,1,1,0,0,0,261,,BLUEPAINT,DL00,RM00,,,,,,,,,0,0,,H,USD,172875.85,0,172875.85,,,,4251,L,4251,L,4251,L,,,,,0,,,0,X,,,,,,NA00,,,,,,,,,,,,2017,,,US00,,0,,0,0,0,,0,2,,,,,,,,,B,,,,0,,,,,0,0,0,,,,,0,,0,0,0,,,,,0,,,,0,0,0,,,,,,,,,,,,,,,,,,,,,,,,,,,,,,,,,,,,,,,,,,,,,,,,,,,,,,,,,,,,,,,,,,,,,,,,,,,,,,,,,,,,,,,,,,,,
375,5000002168,2017,1,1,0,0,0,261,,BLUEPAINT,DL00,RM00,,,,,,,,,0,0,,H,USD,153111.64,0,153111.64,,,,3765,L,3765,L,3765,L,,,,,0,,,0,X,,,,,,NA00,,,,,,,,,,,,2017,,,US00,,0,,0,0,0,,0,2,,,,,,,,,B,,,,0,,,,,0,0,0,,,,,0,,0,0,0,,,,,0,,,,0,0,0,,,,,,,,,,,,,,,,,,,,,,,,,,,,,,,,,,,,,,,,,,,,,,,,,,,,,,,,,,,,,,,,,,,,,,,,,,,,,,,,,,,,,,,,,,,,
375,5000002169,2017,1,1,0,0,0,261,,BLUEPAINT,DL00,RM00,,,,,,,,,0,0,,H,USD,77064.16,0,77064.16,,,,1895,L,1895,L,1895,L,,,,,0,,,0,X,,,,,,NA00,,,,,,,,,,,,2017,,,US00,,0,,0,0,0,,0,2,,,,,,,,,B,,,,0,,,,,0,0,0,,,,,0,,0,0,0,,,,,0,,,,0,0,0,,,,,,,,,,,,,,,,,,,,,,,,,,,,,,,,,,,,,,,,,,,,,,,,,,,,,,,,,,,,,,,,,,,,,,,,,,,,,,,,,,,,,,,,,,,,
375,5000002170,2017,1,1,0,0,0,261,,BOLT1000,DL00,RM00,,,,,,,,,0,0,,H,USD,289.72,0,289.72,,,,314,EA,314,EA,314,EA,,,,,0,,,0,X,,,,,,NA00,,,,,,,,,,,,2017,,,US00,,0,,0,0,0,,0,2,,,,,,,,,B,,,,0,,,,,0,0,0,,,,,0,,0,0,0,,,,,0,,,,0,0,0,,,,,,,,,,,,,,,,,,,,,,,,,,,,,,,,,,,,,,,,,,,,,,,,,,,,,,,,,,,,,,,,,,,,,,,,,,,,,,,,,,,,,,,,,,,,
375,5000002171,2017,1,1,0,0,0,261,,BOLT1000,DL00,RM00,,,,,,,,,0,0,,H,USD,8.30,0,8.30,,,,9,EA,9,EA,9,EA,,,,,0,,,0,X,,,,,,NA00,,,,,,,,,,,,2017,,,US00,,0,,0,0,0,,0,2,,,,,,,,,B,,,,0,,,,,0,0,0,,,,,0,,0,0,0,,,,,0,,,,0,0,0,,,,,,,,,,,,,,,,,,,,,,,,,,,,,,,,,,,,,,,,,,,,,,,,,,,,,,,,,,,,,,,,,,,,,,,,,,,,,,,,,,,,,,,,,,,,
375,5000002172,2017,1,1,0,0,0,261,,BOLT1000,DL00,RM00,,,,,,,,,0,0,,H,USD,185.46,0,185.46,,,,201,EA,201,EA,201,EA,,,,,0,,,0,X,,,,,,NA00,,,,,,,,,,,,2017,,,US00,,0,,0,0,0,,0,2,,,,,,,,,B,,,,0,,,,,0,0,0,,,,,0,,0,0,0,,,,,0,,,,0,0,0,,,,,,,,,,,,,,,,,,,,,,,,,,,,,,,,,,,,,,,,,,,,,,,,,,,,,,,,,,,,,,,,,,,,,,,,,,,,,,,,,,,,,,,,,,,,
375,5000002173,2017,1,1,0,0,0,261,,BOLT1000,DL00,RM00,,,,,,,,,0,0,,H,USD,294.33,0,294.33,,,,319,EA,319,EA,319,EA,,,,,0,,,0,X,,,,,,NA00,,,,,,,,,,,,2017,,,US00,,0,,0,0,0,,0,2,,,,,,,,,B,,,,0,,,,,0,0,0,,,,,0,,0,0,0,,,,,0,,,,0,0,0,,,,,,,,,,,,,,,,,,,,,,,,,,,,,,,,,,,,,,,,,,,,,,,,,,,,,,,,,,,,,,,,,,,,,,,,,,,,,,,,,,,,,,,,,,,,
375,5000002174,2017,1,1,0,0,0,261,,BOLT1000,DL00,RM00,,,,,,,,,0,0,,H,USD,31.37,0,31.37,,,,34,EA,34,EA,34,EA,,,,,0,,,0,X,,,,,,NA00,,,,,,,,,,,,2017,,,US00,,0,,0,0,0,,0,2,,,,,,,,,B,,,,0,,,,,0,0,0,,,,,0,,0,0,0,,,,,0,,,,0,0,0,,,,,,,,,,,,,,,,,,,,,,,,,,,,,,,,,,,,,,,,,,,,,,,,,,,,,,,,,,,,,,,,,,,,,,,,,,,,,,,,,,,,,,,,,,,,
375,5000002175,2017,1,1,0,0,0,261,,BOLT1000,DL00,RM00,,,,,,,,,0,0,,H,USD,108.88,0,108.88,,,,118,EA,118,EA,118,EA,,,,,0,,,0,X,,,,,,NA00,,,,,,,,,,,,2017,,,US00,,0,,0,0,0,,0,2,,,,,,,,,B,,,,0,,,,,0,0,0,,,,,0,,0,0,0,,,,,0,,,,0,0,0,,,,,,,,,,,,,,,,,,,,,,,,,,,,,,,,,,,,,,,,,,,,,,,,,,,,,,,,,,,,,,,,,,,,,,,,,,,,,,,,,,,,,,,,,,,,
375,5000002176,2017,1,1,0,0,0,261,,BOTSWANA BLACK PE,DL00,RM00,,,,,,,,,0,0,,H,USD,4336443.42,0,4336443.42,,,,308,G,308,G,308,G,,,,,0,,,0,X,,,,,,NA00,,,,,,,,,,,,2017,,,US00,,0,,0,0,0,,0,2,,,,,,,,,B,,,,0,,,,,0,0,0,,,,,0,,0,0,0,,,,,0,,,,0,0,0,,,,,,,,,,,,,,,,,,,,,,,,,,,,,,,,,,,,,,,,,,,,,,,,,,,,,,,,,,,,,,,,,,,,,,,,,,,,,,,,,,,,,,,,,,,,
375,5000002177,2017,1,1,0,0,0,261,,BOTSWANA BLACK PE,DL00,RM00,,,,,,,,,0,0,,H,USD,1112269.58,0,1112269.58,,,,79,G,79,G,79,G,,,,,0,,,0,X,,,,,,NA00,,,,,,,,,,,,2017,,,US00,,0,,0,0,0,,0,2,,,,,,,,,B,,,,0,,,,,0,0,0,,,,,0,,0,0,0,,,,,0,,,,0,0,0,,,,,,,,,,,,,,,,,,,,,,,,,,,,,,,,,,,,,,,,,,,,,,,,,,,,,,,,,,,,,,,,,,,,,,,,,,,,,,,,,,,,,,,,,,,,
375,5000002178,2017,1,1,0,0,0,261,,BOTSWANA BLACK PE,DL00,RM00,,,,,,,,,0,0,,H,USD,3069300.86,0,3069300.86,,,,218,G,218,G,218,G,,,,,0,,,0,X,,,,,,NA00,,,,,,,,,,,,2017,,,US00,,0,,0,0,0,,0,2,,,,,,,,,B,,,,0,,,,,0,0,0,,,,,0,,0,0,0,,,,,0,,,,0,0,0,,,,,,,,,,,,,,,,,,,,,,,,,,,,,,,,,,,,,,,,,,,,,,,,,,,,,,,,,,,,,,,,,,,,,,,,,,,,,,,,,,,,,,,,,,,,
375,5000002179,2017,1,1,0,0,0,261,,BOTSWANA BLACK PE,DL00,RM00,,,,,,,,,0,0,,H,USD,11052298.97,0,11052298.97,,,,785,G,785,G,785,G,,,,,0,,,0,X,,,,,,NA00,,,,,,,,,,,,2017,,,US00,,0,,0,0,0,,0,2,,,,,,,,,B,,,,0,,,,,0,0,0,,,,,0,,0,0,0,,,,,0,,,,0,0,0,,,,,,,,,,,,,,,,,,,,,,,,,,,,,,,,,,,,,,,,,,,,,,,,,,,,,,,,,,,,,,,,,,,,,,,,,,,,,,,,,,,,,,,,,,,,
375,5000002180,2017,1,1,0,0,0,261,,BOTSWANA BLACK PE,DL00,RM00,,,,,,,,,0,0,,H,USD,535015.75,0,535015.75,,,,38,G,38,G,38,G,,,,,0,,,0,X,,,,,,NA00,,,,,,,,,,,,2017,,,US00,,0,,0,0,0,,0,2,,,,,,,,,B,,,,0,,,,,0,0,0,,,,,0,,0,0,0,,,,,0,,,,0,0,0,,,,,,,,,,,,,,,,,,,,,,,,,,,,,,,,,,,,,,,,,,,,,,,,,,,,,,,,,,,,,,,,,,,,,,,,,,,,,,,,,,,,,,,,,,,,
375,5000002181,2017,1,1,0,0,0,261,,BOTSWANA BLACK PE,DL00,RM00,,,,,,,,,0,0,,H,USD,17739995.80,0,17739995.80,,,,1260,G,1260,G,1260,G,,,,,0,,,0,X,,,,,,NA00,,,,,,,,,,,,2017,,,US00,,0,,0,0,0,,0,2,,,,,,,,,B,,,,0,,,,,0,0,0,,,,,0,,0,0,0,,,,,0,,,,0,0,0,,,,,,,,,,,,,,,,,,,,,,,,,,,,,,,,,,,,,,,,,,,,,,,,,,,,,,,,,,,,,,,,,,,,,,,,,,,,,,,,,,,,,,,,,,,,
375,5000002182,2017,1,1,0,0,0,261,,BOTSWANA BLACK PE,DL00,RM00,,,,,,,,,0,0,,H,USD,9968188.12,0,9968188.12,,,,708,G,708,G,708,G,,,,,0,,,0,X,,,,,,NA00,,,,,,,,,,,,2017,,,US00,,0,,0,0,0,,0,2,,,,,,,,,B,,,,0,,,,,0,0,0,,,,,0,,0,0,0,,,,,0,,,,0,0,0,,,,,,,,,,,,,,,,,,,,,,,,,,,,,,,,,,,,,,,,,,,,,,,,,,,,,,,,,,,,,,,,,,,,,,,,,,,,,,,,,,,,,,,,,,,,
375,5000002183,2017,1,1,0,0,0,261,,BOTSWANA BLACK PE,DL00,RM00,,,,,,,,,0,0,,H,USD,9376854.92,0,9376854.92,,,,666,G,666,G,666,G,,,,,0,,,0,X,,,,,,NA00,,,,,,,,,,,,2017,,,US00,,0,,0,0,0,,0,2,,,,,,,,,B,,,,0,,,,,0,0,0,,,,,0,,0,0,0,,,,,0,,,,0,0,0,,,,,,,,,,,,,,,,,,,,,,,,,,,,,,,,,,,,,,,,,,,,,,,,,,,,,,,,,,,,,,,,,,,,,,,,,,,,,,,,,,,,,,,,,,,,
375,5000002184,2017,1,1,0,0,0,261,,BOTSWANA BLACK PE,DL00,RM00,,,,,,,,,0,0,,H,USD,5110808.31,0,5110808.31,,,,363,G,363,G,363,G,,,,,0,,,0,X,,,,,,NA00,,,,,,,,,,,,2017,,,US00,,0,,0,0,0,,0,2,,,,,,,,,B,,,,0,,,,,0,0,0,,,,,0,,0,0,0,,,,,0,,,,0,0,0,,,,,,,,,,,,,,,,,,,,,,,,,,,,,,,,,,,,,,,,,,,,,,,,,,,,,,,,,,,,,,,,,,,,,,,,,,,,,,,,,,,,,,,,,,,,
375,5000002185,2017,1,1,0,0,0,261,,BRITAIN BLACK PEAR,DL00,RM00,,,,,,,,,0,0,,H,USD,1759708.74,0,1759708.74,,,,29,G,29,G,29,G,,,,,0,,,0,X,,,,,,NA00,,,,,,,,,,,,2017,,,US00,,0,,0,0,0,,0,2,,,,,,,,,B,,,,0,,,,,0,0,0,,,,,0,,0,0,0,,,,,0,,,,0,0,0,,,,,,,,,,,,,,,,,,,,,,,,,,,,,,,,,,,,,,,,,,,,,,,,,,,,,,,,,,,,,,,,,,,,,,,,,,,,,,,,,,,,,,,,,,,,
375,5000002186,2017,1,1,0,0,0,261,,BRITAIN BLACK PEAR,DL00,RM00,,,,,,,,,0,0,,H,USD,9405339.81,0,9405339.81,,,,155,G,155,G,155,G,,,,,0,,,0,X,,,,,,NA00,,,,,,,,,,,,2017,,,US00,,0,,0,0,0,,0,2,,,,,,,,,B,,,,0,,,,,0,0,0,,,,,0,,0,0,0,,,,,0,,,,0,0,0,,,,,,,,,,,,,,,,,,,,,,,,,,,,,,,,,,,,,,,,,,,,,,,,,,,,,,,,,,,,,,,,,,,,,,,,,,,,,,,,,,,,,,,,,,,,
375,5000002187,2017,1,1,0,0,0,261,,BRITAIN BLACK PEAR,DL00,RM00,,,,,,,,,0,0,,H,USD,12378640.78,0,12378640.78,,,,204,G,204,G,204,G,,,,,0,,,0,X,,,,,,NA00,,,,,,,,,,,,2017,,,US00,,0,,0,0,0,,0,2,,,,,,,,,B,,,,0,,,,,0,0,0,,,,,0,,0,0,0,,,,,0,,,,0,0,0,,,,,,,,,,,,,,,,,,,,,,,,,,,,,,,,,,,,,,,,,,,,,,,,,,,,,,,,,,,,,,,,,,,,,,,,,,,,,,,,,,,,,,,,,,,,
375,5000002188,2017,1,1,0,0,0,261,,BRITAIN BLACK PEAR,DL00,RM00,,,,,,,,,0,0,,H,USD,16565533.98,0,16565533.98,,,,273,G,273,G,273,G,,,,,0,,,0,X,,,,,,NA00,,,,,,,,,,,,2017,,,US00,,0,,0,0,0,,0,2,,,,,,,,,B,,,,0,,,,,0,0,0,,,,,0,,0,0,0,,,,,0,,,,0,0,0,,,,,,,,,,,,,,,,,,,,,,,,,,,,,,,,,,,,,,,,,,,,,,,,,,,,,,,,,,,,,,,,,,,,,,,,,,,,,,,,,,,,,,,,,,,,
375,5000002189,2017,1,1,0,0,0,261,,BRITAIN BLACK PEAR,DL00,RM00,,,,,,,,,0,0,,H,USD,1881067.96,0,1881067.96,,,,31,G,31,G,31,G,,,,,0,,,0,X,,,,,,NA00,,,,,,,,,,,,2017,,,US00,,0,,0,0,0,,0,2,,,,,,,,,B,,,,0,,,,,0,0,0,,,,,0,,0,0,0,,,,,0,,,,0,0,0,,,,,,,,,,,,,,,,,,,,,,,,,,,,,,,,,,,,,,,,,,,,,,,,,,,,,,,,,,,,,,,,,,,,,,,,,,,,,,,,,,,,,,,,,,,,
375,5000002190,2017,1,1,0,0,0,261,,BRITAIN BLACK PEAR,DL00,RM00,,,,,,,,,0,0,,H,USD,3458737.86,0,3458737.86,,,,57,G,57,G,57,G,,,,,0,,,0,X,,,,,,NA00,,,,,,,,,,,,2017,,,US00,,0,,0,0,0,,0,2,,,,,,,,,B,,,,0,,,,,0,0,0,,,,,0,,0,0,0,,,,,0,,,,0,0,0,,,,,,,,,,,,,,,,,,,,,,,,,,,,,,,,,,,,,,,,,,,,,,,,,,,,,,,,,,,,,,,,,,,,,,,,,,,,,,,,,,,,,,,,,,,,
375,5000002191,2017,1,1,0,0,0,261,,CANADIAN CRYSTAL,DL00,RM00,,,,,,,,,0,0,,H,USD,7868852.46,0,7868852.46,,,,288,G,288,G,288,G,,,,,0,,,0,X,,,,,,NA00,,,,,,,,,,,,2017,,,US00,,0,,0,0,0,,0,2,,,,,,,,,B,,,,0,,,,,0,0,0,,,,,0,,0,0,0,,,,,0,,,,0,0,0,,,,,,,,,,,,,,,,,,,,,,,,,,,,,,,,,,,,,,,,,,,,,,,,,,,,,,,,,,,,,,,,,,,,,,,,,,,,,,,,,,,,,,,,,,,,
375,5000002192,2017,1,1,0,0,0,261,,CANADIAN CRYSTAL,DL00,RM00,,,,,,,,,0,0,,H,USD,2704918.03,0,2704918.03,,,,99,G,99,G,99,G,,,,,0,,,0,X,,,,,,NA00,,,,,,,,,,,,2017,,,US00,,0,,0,0,0,,0,2,,,,,,,,,B,,,,0,,,,,0,0,0,,,,,0,,0,0,0,,,,,0,,,,0,0,0,,,,,,,,,,,,,,,,,,,,,,,,,,,,,,,,,,,,,,,,,,,,,,,,,,,,,,,,,,,,,,,,,,,,,,,,,,,,,,,,,,,,,,,,,,,,
375,5000002193,2017,1,1,0,0,0,261,,CANADIAN CRYSTAL,DL00,RM00,,,,,,,,,0,0,,H,USD,765027.32,0,765027.32,,,,28,G,28,G,28,G,,,,,0,,,0,X,,,,,,NA00,,,,,,,,,,,,2017,,,US00,,0,,0,0,0,,0,2,,,,,,,,,B,,,,0,,,,,0,0,0,,,,,0,,0,0,0,,,,,0,,,,0,0,0,,,,,,,,,,,,,,,,,,,,,,,,,,,,,,,,,,,,,,,,,,,,,,,,,,,,,,,,,,,,,,,,,,,,,,,,,,,,,,,,,,,,,,,,,,,,
375,5000002194,2017,1,1,0,0,0,261,,CANADIAN CRYSTAL,DL00,RM00,,,,,,,,,0,0,,H,USD,300546.45,0,300546.45,,,,11,G,11,G,11,G,,,,,0,,,0,X,,,,,,NA00,,,,,,,,,,,,2017,,,US00,,0,,0,0,0,,0,2,,,,,,,,,B,,,,0,,,,,0,0,0,,,,,0,,0,0,0,,,,,0,,,,0,0,0,,,,,,,,,,,,,,,,,,,,,,,,,,,,,,,,,,,,,,,,,,,,,,,,,,,,,,,,,,,,,,,,,,,,,,,,,,,,,,,,,,,,,,,,,,,,
375,5000002195,2017,1,1,0,0,0,261,,CANADIAN CRYSTAL,DL00,RM00,,,,,,,,,0,0,,H,USD,2213114.75,0,2213114.75,,,,81,G,81,G,81,G,,,,,0,,,0,X,,,,,,NA00,,,,,,,,,,,,2017,,,US00,,0,,0,0,0,,0,2,,,,,,,,,B,,,,0,,,,,0,0,0,,,,,0,,0,0,0,,,,,0,,,,0,0,0,,,,,,,,,,,,,,,,,,,,,,,,,,,,,,,,,,,,,,,,,,,,,,,,,,,,,,,,,,,,,,,,,,,,,,,,,,,,,,,,,,,,,,,,,,,,
375,5000002196,2017,1,1,0,0,0,261,,CANADIAN CRYSTAL,DL00,RM00,,,,,,,,,0,0,,H,USD,2459016.39,0,2459016.39,,,,90,G,90,G,90,G,,,,,0,,,0,X,,,,,,NA00,,,,,,,,,,,,2017,,,US00,,0,,0,0,0,,0,2,,,,,,,,,B,,,,0,,,,,0,0,0,,,,,0,,0,0,0,,,,,0,,,,0,0,0,,,,,,,,,,,,,,,,,,,,,,,,,,,,,,,,,,,,,,,,,,,,,,,,,,,,,,,,,,,,,,,,,,,,,,,,,,,,,,,,,,,,,,,,,,,,
375,5000002197,2017,1,1,0,0,0,261,,CANADIAN CRYSTAL,DL00,RM00,,,,,,,,,0,0,,H,USD,1721311.48,0,1721311.48,,,,63,G,63,G,63,G,,,,,0,,,0,X,,,,,,NA00,,,,,,,,,,,,2017,,,US00,,0,,0,0,0,,0,2,,,,,,,,,B,,,,0,,,,,0,0,0,,,,,0,,0,0,0,,,,,0,,,,0,0,0,,,,,,,,,,,,,,,,,,,,,,,,,,,,,,,,,,,,,,,,,,,,,,,,,,,,,,,,,,,,,,,,,,,,,,,,,,,,,,,,,,,,,,,,,,,,
375,5000002198,2017,1,1,0,0,0,261,,CARBONITE,DL00,RM00,,,,,,,,,0,0,,H,USD,12701.61,0,12701.61,,,,105,G,105,G,105,G,,,,,0,,,0,X,,,,,,NA00,,,,,,,,,,,,2017,,,US00,,0,,0,0,0,,0,2,,,,,,,,,B,,,,0,,,,,0,0,0,,,,,0,,0,0,0,,,,,0,,,,0,0,0,,,,,,,,,,,,,,,,,,,,,,,,,,,,,,,,,,,,,,,,,,,,,,,,,,,,,,,,,,,,,,,,,,,,,,,,,,,,,,,,,,,,,,,,,,,,
375,5000002199,2017,1,1,0,0,0,261,,CARBONITE,DL00,RM00,,,,,,,,,0,0,,H,USD,14758.06,0,14758.06,,,,122,G,122,G,122,G,,,,,0,,,0,X,,,,,,NA00,,,,,,,,,,,,2017,,,US00,,0,,0,0,0,,0,2,,,,,,,,,B,,,,0,,,,,0,0,0,,,,,0,,0,0,0,,,,,0,,,,0,0,0,,,,,,,,,,,,,,,,,,,,,,,,,,,,,,,,,,,,,,,,,,,,,,,,,,,,,,,,,,,,,,,,,,,,,,,,,,,,,,,,,,,,,,,,,,,,
375,5000002200,2017,1,1,0,0,0,261,,CARBONITE,DL00,RM00,,,,,,,,,0,0,,H,USD,15362.90,0,15362.90,,,,127,G,127,G,127,G,,,,,0,,,0,X,,,,,,NA00,,,,,,,,,,,,2017,,,US00,,0,,0,0,0,,0,2,,,,,,,,,B,,,,0,,,,,0,0,0,,,,,0,,0,0,0,,,,,0,,,,0,0,0,,,,,,,,,,,,,,,,,,,,,,,,,,,,,,,,,,,,,,,,,,,,,,,,,,,,,,,,,,,,,,,,,,,,,,,,,,,,,,,,,,,,,,,,,,,,
375,5000002201,2017,1,1,0,0,0,261,,CARBONITE,DL00,RM00,,,,,,,,,0,0,,H,USD,9798.39,0,9798.39,,,,81,G,81,G,81,G,,,,,0,,,0,X,,,,,,NA00,,,,,,,,,,,,2017,,,US00,,0,,0,0,0,,0,2,,,,,,,,,B,,,,0,,,,,0,0,0,,,,,0,,0,0,0,,,,,0,,,,0,0,0,,,,,,,,,,,,,,,,,,,,,,,,,,,,,,,,,,,,,,,,,,,,,,,,,,,,,,,,,,,,,,,,,,,,,,,,,,,,,,,,,,,,,,,,,,,,
375,5000002202,2017,1,1,0,0,0,261,,CARBONITE,DL00,RM00,,,,,,,,,0,0,,H,USD,7620.97,0,7620.97,,,,63,G,63,G,63,G,,,,,0,,,0,X,,,,,,NA00,,,,,,,,,,,,2017,,,US00,,0,,0,0,0,,0,2,,,,,,,,,B,,,,0,,,,,0,0,0,,,,,0,,0,0,0,,,,,0,,,,0,0,0,,,,,,,,,,,,,,,,,,,,,,,,,,,,,,,,,,,,,,,,,,,,,,,,,,,,,,,,,,,,,,,,,,,,,,,,,,,,,,,,,,,,,,,,,,,,
375,5000002203,2017,1,1,0,0,0,261,,CARBONITE,DL00,RM00,,,,,,,,,0,0,,H,USD,8588.71,0,8588.71,,,,71,G,71,G,71,G,,,,,0,,,0,X,,,,,,NA00,,,,,,,,,,,,2017,,,US00,,0,,0,0,0,,0,2,,,,,,,,,B,,,,0,,,,,0,0,0,,,,,0,,0,0,0,,,,,0,,,,0,0,0,,,,,,,,,,,,,,,,,,,,,,,,,,,,,,,,,,,,,,,,,,,,,,,,,,,,,,,,,,,,,,,,,,,,,,,,,,,,,,,,,,,,,,,,,,,,
375,5000002204,2017,1,1,0,0,0,261,,CHRONIUM,DL00,RM00,,,,,,,,,0,0,,H,USD,1045.74,0,1045.74,,,,2067,LB,2067,LB,2067,LB,,,,,0,,,0,X,,,,,,NA00,,,,,,,,,,,,2017,,,US00,,0,,0,0,0,,0,2,,,,,,,,,B,,,,0,,,,,0,0,0,,,,,0,,0,0,0,,,,,0,,,,0,0,0,,,,,,,,,,,,,,,,,,,,,,,,,,,,,,,,,,,,,,,,,,,,,,,,,,,,,,,,,,,,,,,,,,,,,,,,,,,,,,,,,,,,,,,,,,,,
375,5000002205,2017,1,1,0,0,0,261,,CHRONIUM,DL00,RM00,,,,,,,,,0,0,,H,USD,481.64,0,481.64,,,,952,LB,952,LB,952,LB,,,,,0,,,0,X,,,,,,NA00,,,,,,,,,,,,2017,,,US00,,0,,0,0,0,,0,2,,,,,,,,,B,,,,0,,,,,0,0,0,,,,,0,,0,0,0,,,,,0,,,,0,0,0,,,,,,,,,,,,,,,,,,,,,,,,,,,,,,,,,,,,,,,,,,,,,,,,,,,,,,,,,,,,,,,,,,,,,,,,,,,,,,,,,,,,,,,,,,,,
375,5000002206,2017,1,1,0,0,0,261,,CHRONIUM,DL00,RM00,,,,,,,,,0,0,,H,USD,2489.63,0,2489.63,,,,4921,LB,4921,LB,4921,LB,,,,,0,,,0,X,,,,,,NA00,,,,,,,,,,,,2017,,,US00,,0,,0,0,0,,0,2,,,,,,,,,B,,,,0,,,,,0,0,0,,,,,0,,0,0,0,,,,,0,,,,0,0,0,,,,,,,,,,,,,,,,,,,,,,,,,,,,,,,,,,,,,,,,,,,,,,,,,,,,,,,,,,,,,,,,,,,,,,,,,,,,,,,,,,,,,,,,,,,,
375,5000002207,2017,1,1,0,0,0,261,,CHRONIUM,DL00,RM00,,,,,,,,,0,0,,H,USD,1229.89,0,1229.89,,,,2431,LB,2431,LB,2431,LB,,,,,0,,,0,X,,,,,,NA00,,,,,,,,,,,,2017,,,US00,,0,,0,0,0,,0,2,,,,,,,,,B,,,,0,,,,,0,0,0,,,,,0,,0,0,0,,,,,0,,,,0,0,0,,,,,,,,,,,,,,,,,,,,,,,,,,,,,,,,,,,,,,,,,,,,,,,,,,,,,,,,,,,,,,,,,,,,,,,,,,,,,,,,,,,,,,,,,,,,
375,5000002208,2017,1,1,0,0,0,261,,CHRONIUM,DL00,RM00,,,,,,,,,0,0,,H,USD,590.91,0,590.91,,,,1168,LB,1168,LB,1168,LB,,,,,0,,,0,X,,,,,,NA00,,,,,,,,,,,,2017,,,US00,,0,,0,0,0,,0,2,,,,,,,,,B,,,,0,,,,,0,0,0,,,,,0,,0,0,0,,,,,0,,,,0,0,0,,,,,,,,,,,,,,,,,,,,,,,,,,,,,,,,,,,,,,,,,,,,,,,,,,,,,,,,,,,,,,,,,,,,,,,,,,,,,,,,,,,,,,,,,,,,
375,5000002209,2017,1,1,0,0,0,261,,CHRONIUM,DL00,RM00,,,,,,,,,0,0,,H,USD,1999.90,0,1999.90,,,,3953,LB,3953,LB,3953,LB,,,,,0,,,0,X,,,,,,NA00,,,,,,,,,,,,2017,,,US00,,0,,0,0,0,,0,2,,,,,,,,,B,,,,0,,,,,0,0,0,,,,,0,,0,0,0,,,,,0,,,,0,0,0,,,,,,,,,,,,,,,,,,,,,,,,,,,,,,,,,,,,,,,,,,,,,,,,,,,,,,,,,,,,,,,,,,,,,,,,,,,,,,,,,,,,,,,,,,,,
375,5000002210,2017,1,1,0,0,0,261,,CHRONIUM,DL00,RM00,,,,,,,,,0,0,,H,USD,959.73,0,959.73,,,,1897,LB,1897,LB,1897,LB,,,,,0,,,0,X,,,,,,NA00,,,,,,,,,,,,2017,,,US00,,0,,0,0,0,,0,2,,,,,,,,,B,,,,0,,,,,0,0,0,,,,,0,,0,0,0,,,,,0,,,,0,0,0,,,,,,,,,,,,,,,,,,,,,,,,,,,,,,,,,,,,,,,,,,,,,,,,,,,,,,,,,,,,,,,,,,,,,,,,,,,,,,,,,,,,,,,,,,,,
375,5000002211,2017,1,1,0,0,0,261,,CONCRETE,DL00,RM00,,,,,,,,,0,0,,H,USD,40230.99,0,40230.99,,,,459,YD3,459,YD3,459,YD3,,,,,0,,,0,X,,,,,,NA00,,,,,,,,,,,,2017,,,US00,,0,,0,0,0,,0,2,,,,,,,,,B,,,,0,,,,,0,0,0,,,,,0,,0,0,0,,,,,0,,,,0,0,0,,,,,,,,,,,,,,,,,,,,,,,,,,,,,,,,,,,,,,,,,,,,,,,,,,,,,,,,,,,,,,,,,,,,,,,,,,,,,,,,,,,,,,,,,,,,
375,5000002212,2017,1,1,0,0,0,261,,CONCRETE,DL00,RM00,,,,,,,,,0,0,,H,USD,83179.11,0,83179.11,,,,949,YD3,949,YD3,949,YD3,,,,,0,,,0,X,,,,,,NA00,,,,,,,,,,,,2017,,,US00,,0,,0,0,0,,0,2,,,,,,,,,B,,,,0,,,,,0,0,0,,,,,0,,0,0,0,,,,,0,,,,0,0,0,,,,,,,,,,,,,,,,,,,,,,,,,,,,,,,,,,,,,,,,,,,,,,,,,,,,,,,,,,,,,,,,,,,,,,,,,,,,,,,,,,,,,,,,,,,,
375,5000002213,2017,1,1,0,0,0,261,,CONCRETE,DL00,RM00,,,,,,,,,0,0,,H,USD,124724.84,0,124724.84,,,,1423,YD3,1423,YD3,1423,YD3,,,,,0,,,0,X,,,,,,NA00,,,,,,,,,,,,2017,,,US00,,0,,0,0,0,,0,2,,,,,,,,,B,,,,0,,,,,0,0,0,,,,,0,,0,0,0,,,,,0,,,,0,0,0,,,,,,,,,,,,,,,,,,,,,,,,,,,,,,,,,,,,,,,,,,,,,,,,,,,,,,,,,,,,,,,,,,,,,,,,,,,,,,,,,,,,,,,,,,,,
375,5000002214,2017,1,1,0,0,0,261,,CONCRETE,DL00,RM00,,,,,,,,,0,0,,H,USD,3944.21,0,3944.21,,,,45,YD3,45,YD3,45,YD3,,,,,0,,,0,X,,,,,,NA00,,,,,,,,,,,,2017,,,US00,,0,,0,0,0,,0,2,,,,,,,,,B,,,,0,,,,,0,0,0,,,,,0,,0,0,0,,,,,0,,,,0,0,0,,,,,,,,,,,,,,,,,,,,,,,,,,,,,,,,,,,,,,,,,,,,,,,,,,,,,,,,,,,,,,,,,,,,,,,,,,,,,,,,,,,,,,,,,,,,
375,5000002215,2017,1,1,0,0,0,261,,CONCRETE,DL00,RM00,,,,,,,,,0,0,,H,USD,21386.41,0,21386.41,,,,244,YD3,244,YD3,244,YD3,,,,,0,,,0,X,,,,,,NA00,,,,,,,,,,,,2017,,,US00,,0,,0,0,0,,0,2,,,,,,,,,B,,,,0,,,,,0,0,0,,,,,0,,0,0,0,,,,,0,,,,0,0,0,,,,,,,,,,,,,,,,,,,,,,,,,,,,,,,,,,,,,,,,,,,,,,,,,,,,,,,,,,,,,,,,,,,,,,,,,,,,,,,,,,,,,,,,,,,,
375,5000002216,2017,1,1,0,0,0,261,,CONCRETE,DL00,RM00,,,,,,,,,0,0,,H,USD,23051.74,0,23051.74,,,,263,YD3,263,YD3,263,YD3,,,,,0,,,0,X,,,,,,NA00,,,,,,,,,,,,2017,,,US00,,0,,0,0,0,,0,2,,,,,,,,,B,,,,0,,,,,0,0,0,,,,,0,,0,0,0,,,,,0,,,,0,0,0,,,,,,,,,,,,,,,,,,,,,,,,,,,,,,,,,,,,,,,,,,,,,,,,,,,,,,,,,,,,,,,,,,,,,,,,,,,,,,,,,,,,,,,,,,,,
375,5000002217,2017,1,1,0,0,0,261,,CONCRETE,DL00,RM00,,,,,,,,,0,0,,H,USD,35497.93,0,35497.93,,,,405,YD3,405,YD3,405,YD3,,,,,0,,,0,X,,,,,,NA00,,,,,,,,,,,,2017,,,US00,,0,,0,0,0,,0,2,,,,,,,,,B,,,,0,,,,,0,0,0,,,,,0,,0,0,0,,,,,0,,,,0,0,0,,,,,,,,,,,,,,,,,,,,,,,,,,,,,,,,,,,,,,,,,,,,,,,,,,,,,,,,,,,,,,,,,,,,,,,,,,,,,,,,,,,,,,,,,,,,
375,5000002218,2017,1,1,0,0,0,261,,CONCRETE,DL00,RM00,,,,,,,,,0,0,,H,USD,10605.56,0,10605.56,,,,121,YD3,121,YD3,121,YD3,,,,,0,,,0,X,,,,,,NA00,,,,,,,,,,,,2017,,,US00,,0,,0,0,0,,0,2,,,,,,,,,B,,,,0,,,,,0,0,0,,,,,0,,0,0,0,,,,,0,,,,0,0,0,,,,,,,,,,,,,,,,,,,,,,,,,,,,,,,,,,,,,,,,,,,,,,,,,,,,,,,,,,,,,,,,,,,,,,,,,,,,,,,,,,,,,,,,,,,,
375,5000002219,2017,1,1,0,0,0,261,,CONGOCRYSTAL,DL00,RM00,,,,,,,,,0,0,,H,USD,3953010.44,0,3953010.44,,,,458,G,458,G,458,G,,,,,0,,,0,X,,,,,,NA00,,,,,,,,,,,,2017,,,US00,,0,,0,0,0,,0,2,,,,,,,,,B,,,,0,,,,,0,0,0,,,,,0,,0,0,0,,,,,0,,,,0,0,0,,,,,,,,,,,,,,,,,,,,,,,,,,,,,,,,,,,,,,,,,,,,,,,,,,,,,,,,,,,,,,,,,,,,,,,,,,,,,,,,,,,,,,,,,,,,
375,5000002220,2017,1,1,0,0,0,261,,CONGOCRYSTAL,DL00,RM00,,,,,,,,,0,0,,H,USD,6412853.18,0,6412853.18,,,,743,G,743,G,743,G,,,,,0,,,0,X,,,,,,NA00,,,,,,,,,,,,2017,,,US00,,0,,0,0,0,,0,2,,,,,,,,,B,,,,0,,,,,0,0,0,,,,,0,,0,0,0,,,,,0,,,,0,0,0,,,,,,,,,,,,,,,,,,,,,,,,,,,,,,,,,,,,,,,,,,,,,,,,,,,,,,,,,,,,,,,,,,,,,,,,,,,,,,,,,,,,,,,,,,,,
375,5000002221,2017,1,1,0,0,0,261,,CONGOCRYSTAL,DL00,RM00,,,,,,,,,0,0,,H,USD,17262.05,0,17262.05,,,,2,G,2,G,2,G,,,,,0,,,0,X,,,,,,NA00,,,,,,,,,,,,2017,,,US00,,0,,0,0,0,,0,2,,,,,,,,,B,,,,0,,,,,0,0,0,,,,,0,,0,0,0,,,,,0,,,,0,0,0,,,,,,,,,,,,,,,,,,,,,,,,,,,,,,,,,,,,,,,,,,,,,,,,,,,,,,,,,,,,,,,,,,,,,,,,,,,,,,,,,,,,,,,,,,,,
375,5000002222,2017,1,1,0,0,0,261,,CONGOCRYSTAL,DL00,RM00,,,,,,,,,0,0,,H,USD,992568.12,0,992568.12,,,,115,G,115,G,115,G,,,,,0,,,0,X,,,,,,NA00,,,,,,,,,,,,2017,,,US00,,0,,0,0,0,,0,2,,,,,,,,,B,,,,0,,,,,0,0,0,,,,,0,,0,0,0,,,,,0,,,,0,0,0,,,,,,,,,,,,,,,,,,,,,,,,,,,,,,,,,,,,,,,,,,,,,,,,,,,,,,,,,,,,,,,,,,,,,,,,,,,,,,,,,,,,,,,,,,,,
375,5000002223,2017,1,1,0,0,0,261,,CONGOCRYSTAL,DL00,RM00,,,,,,,,,0,0,,H,USD,25893.08,0,25893.08,,,,3,G,3,G,3,G,,,,,0,,,0,X,,,,,,NA00,,,,,,,,,,,,2017,,,US00,,0,,0,0,0,,0,2,,,,,,,,,B,,,,0,,,,,0,0,0,,,,,0,,0,0,0,,,,,0,,,,0,0,0,,,,,,,,,,,,,,,,,,,,,,,,,,,,,,,,,,,,,,,,,,,,,,,,,,,,,,,,,,,,,,,,,,,,,,,,,,,,,,,,,,,,,,,,,,,,
375,5000002224,2017,1,1,0,0,0,261,,CONGOCRYSTAL,DL00,RM00,,,,,,,,,0,0,,H,USD,681851.15,0,681851.15,,,,79,G,79,G,79,G,,,,,0,,,0,X,,,,,,NA00,,,,,,,,,,,,2017,,,US00,,0,,0,0,0,,0,2,,,,,,,,,B,,,,0,,,,,0,0,0,,,,,0,,0,0,0,,,,,0,,,,0,0,0,,,,,,,,,,,,,,,,,,,,,,,,,,,,,,,,,,,,,,,,,,,,,,,,,,,,,,,,,,,,,,,,,,,,,,,,,,,,,,,,,,,,,,,,,,,,
375,5000002225,2017,1,1,0,0,0,261,,CONGOCRYSTAL,DL00,RM00,,,,,,,,,0,0,,H,USD,5713739.98,0,5713739.98,,,,662,G,662,G,662,G,,,,,0,,,0,X,,,,,,NA00,,,,,,,,,,,,2017,,,US00,,0,,0,0,0,,0,2,,,,,,,,,B,,,,0,,,,,0,0,0,,,,,0,,0,0,0,,,,,0,,,,0,0,0,,,,,,,,,,,,,,,,,,,,,,,,,,,,,,,,,,,,,,,,,,,,,,,,,,,,,,,,,,,,,,,,,,,,,,,,,,,,,,,,,,,,,,,,,,,,
375,5000002226,2017,1,1,0,0,0,261,,DIAMOND,DL00,RM00,,,,,,,,,0,0,,H,USD,4023.39,0,4023.39,,,,367,LB,367,LB,367,LB,,,,,0,,,0,X,,,,,,NA00,,,,,,,,,,,,2017,,,US00,,0,,0,0,0,,0,2,,,,,,,,,B,,,,0,,,,,0,0,0,,,,,0,,0,0,0,,,,,0,,,,0,0,0,,,,,,,,,,,,,,,,,,,,,,,,,,,,,,,,,,,,,,,,,,,,,,,,,,,,,,,,,,,,,,,,,,,,,,,,,,,,,,,,,,,,,,,,,,,,
375,5000002227,2017,1,1,0,0,0,261,,DIAMOND,DL00,RM00,,,,,,,,,0,0,,H,USD,73572.08,0,73572.08,,,,6711,LB,6711,LB,6711,LB,,,,,0,,,0,X,,,,,,NA00,,,,,,,,,,,,2017,,,US00,,0,,0,0,0,,0,2,,,,,,,,,B,,,,0,,,,,0,0,0,,,,,0,,0,0,0,,,,,0,,,,0,0,0,,,,,,,,,,,,,,,,,,,,,,,,,,,,,,,,,,,,,,,,,,,,,,,,,,,,,,,,,,,,,,,,,,,,,,,,,,,,,,,,,,,,,,,,,,,,
375,5000002228,2017,1,1,0,0,0,261,,DIAMOND,DL00,RM00,,,,,,,,,0,0,,H,USD,68879.96,0,68879.96,,,,6283,LB,6283,LB,6283,LB,,,,,0,,,0,X,,,,,,NA00,,,,,,,,,,,,2017,,,US00,,0,,0,0,0,,0,2,,,,,,,,,B,,,,0,,,,,0,0,0,,,,,0,,0,0,0,,,,,0,,,,0,0,0,,,,,,,,,,,,,,,,,,,,,,,,,,,,,,,,,,,,,,,,,,,,,,,,,,,,,,,,,,,,,,,,,,,,,,,,,,,,,,,,,,,,,,,,,,,,
375,5000002229,2017,1,1,0,0,0,261,,DIAMOND,DL00,RM00,,,,,,,,,0,0,,H,USD,11861.87,0,11861.87,,,,1082,LB,1082,LB,1082,LB,,,,,0,,,0,X,,,,,,NA00,,,,,,,,,,,,2017,,,US00,,0,,0,0,0,,0,2,,,,,,,,,B,,,,0,,,,,0,0,0,,,,,0,,0,0,0,,,,,0,,,,0,0,0,,,,,,,,,,,,,,,,,,,,,,,,,,,,,,,,,,,,,,,,,,,,,,,,,,,,,,,,,,,,,,,,,,,,,,,,,,,,,,,,,,,,,,,,,,,,
375,5000002230,2017,1,1,0,0,0,261,,DIAMOND,DL00,RM00,,,,,,,,,0,0,,H,USD,986.66,0,986.66,,,,90,LB,90,LB,90,LB,,,,,0,,,0,X,,,,,,NA00,,,,,,,,,,,,2017,,,US00,,0,,0,0,0,,0,2,,,,,,,,,B,,,,0,,,,,0,0,0,,,,,0,,0,0,0,,,,,0,,,,0,0,0,,,,,,,,,,,,,,,,,,,,,,,,,,,,,,,,,,,,,,,,,,,,,,,,,,,,,,,,,,,,,,,,,,,,,,,,,,,,,,,,,,,,,,,,,,,,
375,5000002231,2017,1,1,0,0,0,261,,GOLD,DL00,RM00,,,,,,,,,0,0,,H,USD,261571.96,0,261571.96,,,,1000,G,1000,G,1000,G,,,,,0,,,0,X,,,,,,NA00,,,,,,,,,,,,2017,,,US00,,0,,0,0,0,,0,2,,,,,,,,,B,,,,0,,,,,0,0,0,,,,,0,,0,0,0,,,,,0,,,,0,0,0,,,,,,,,,,,,,,,,,,,,,,,,,,,,,,,,,,,,,,,,,,,,,,,,,,,,,,,,,,,,,,,,,,,,,,,,,,,,,,,,,,,,,,,,,,,,
375,5000002232,2017,1,1,0,0,0,261,,GOLD,DL00,RM00,,,,,,,,,0,0,,H,USD,632480.99,0,632480.99,,,,2418,G,2418,G,2418,G,,,,,0,,,0,X,,,,,,NA00,,,,,,,,,,,,2017,,,US00,,0,,0,0,0,,0,2,,,,,,,,,B,,,,0,,,,,0,0,0,,,,,0,,0,0,0,,,,,0,,,,0,0,0,,,,,,,,,,,,,,,,,,,,,,,,,,,,,,,,,,,,,,,,,,,,,,,,,,,,,,,,,,,,,,,,,,,,,,,,,,,,,,,,,,,,,,,,,,,,
375,5000002233,2017,1,1,0,0,0,261,,GOLD,DL00,RM00,,,,,,,,,0,0,,H,USD,448072.76,0,448072.76,,,,1713,G,1713,G,1713,G,,,,,0,,,0,X,,,,,,NA00,,,,,,,,,,,,2017,,,US00,,0,,0,0,0,,0,2,,,,,,,,,B,,,,0,,,,,0,0,0,,,,,0,,0,0,0,,,,,0,,,,0,0,0,,,,,,,,,,,,,,,,,,,,,,,,,,,,,,,,,,,,,,,,,,,,,,,,,,,,,,,,,,,,,,,,,,,,,,,,,,,,,,,,,,,,,,,,,,,,
375,5000002234,2017,1,1,0,0,0,261,,GOLD,DL00,RM00,,,,,,,,,0,0,,H,USD,109860.22,0,109860.22,,,,420,G,420,G,420,G,,,,,0,,,0,X,,,,,,NA00,,,,,,,,,,,,2017,,,US00,,0,,0,0,0,,0,2,,,,,,,,,B,,,,0,,,,,0,0,0,,,,,0,,0,0,0,,,,,0,,,,0,0,0,,,,,,,,,,,,,,,,,,,,,,,,,,,,,,,,,,,,,,,,,,,,,,,,,,,,,,,,,,,,,,,,,,,,,,,,,,,,,,,,,,,,,,,,,,,,
375,5000002235,2017,1,1,0,0,0,261,,GOLD,DL00,RM00,,,,,,,,,0,0,,H,USD,835460.83,0,835460.83,,,,3194,G,3194,G,3194,G,,,,,0,,,0,X,,,,,,NA00,,,,,,,,,,,,2017,,,US00,,0,,0,0,0,,0,2,,,,,,,,,B,,,,0,,,,,0,0,0,,,,,0,,0,0,0,,,,,0,,,,0,0,0,,,,,,,,,,,,,,,,,,,,,,,,,,,,,,,,,,,,,,,,,,,,,,,,,,,,,,,,,,,,,,,,,,,,,,,,,,,,,,,,,,,,,,,,,,,,
375,5000002236,2017,1,1,0,0,0,261,,HEXNT,DL00,RM00,,,,,,,,,0,0,,H,USD,102479.55,0,102479.55,,,,83419,LB,83419,LB,83419,LB,,,,,0,,,0,X,,,,,,NA00,,,,,,,,,,,,2017,,,US00,,0,,0,0,0,,0,2,,,,,,,,,B,,,,0,,,,,0,0,0,,,,,0,,0,0,0,,,,,0,,,,0,0,0,,,,,,,,,,,,,,,,,,,,,,,,,,,,,,,,,,,,,,,,,,,,,,,,,,,,,,,,,,,,,,,,,,,,,,,,,,,,,,,,,,,,,,,,,,,,
375,5000002237,2017,1,1,0,0,0,261,,HEXNT,DL00,RM00,,,,,,,,,0,0,,H,USD,16165.72,0,16165.72,,,,13159,LB,13159,LB,13159,LB,,,,,0,,,0,X,,,,,,NA00,,,,,,,,,,,,2017,,,US00,,0,,0,0,0,,0,2,,,,,,,,,B,,,,0,,,,,0,0,0,,,,,0,,0,0,0,,,,,0,,,,0,0,0,,,,,,,,,,,,,,,,,,,,,,,,,,,,,,,,,,,,,,,,,,,,,,,,,,,,,,,,,,,,,,,,,,,,,,,,,,,,,,,,,,,,,,,,,,,,
375,5000002238,2017,1,1,0,0,0,261,,HEXNT,DL00,RM00,,,,,,,,,0,0,,H,USD,34586.95,0,34586.95,,,,28154,LB,28154,LB,28154,LB,,,,,0,,,0,X,,,,,,NA00,,,,,,,,,,,,2017,,,US00,,0,,0,0,0,,0,2,,,,,,,,,B,,,,0,,,,,0,0,0,,,,,0,,0,0,0,,,,,0,,,,0,0,0,,,,,,,,,,,,,,,,,,,,,,,,,,,,,,,,,,,,,,,,,,,,,,,,,,,,,,,,,,,,,,,,,,,,,,,,,,,,,,,,,,,,,,,,,,,,
375,5000002239,2017,1,1,0,0,0,261,,HEXNT,DL00,RM00,,,,,,,,,0,0,,H,USD,16012.16,0,16012.16,,,,13034,LB,13034,LB,13034,LB,,,,,0,,,0,X,,,,,,NA00,,,,,,,,,,,,2017,,,US00,,0,,0,0,0,,0,2,,,,,,,,,B,,,,0,,,,,0,0,0,,,,,0,,0,0,0,,,,,0,,,,0,0,0,,,,,,,,,,,,,,,,,,,,,,,,,,,,,,,,,,,,,,,,,,,,,,,,,,,,,,,,,,,,,,,,,,,,,,,,,,,,,,,,,,,,,,,,,,,,
375,5000002240,2017,1,1,0,0,0,261,,HEXNT,DL00,RM00,,,,,,,,,0,0,,H,USD,40199.93,0,40199.93,,,,32723,LB,32723,LB,32723,LB,,,,,0,,,0,X,,,,,,NA00,,,,,,,,,,,,2017,,,US00,,0,,0,0,0,,0,2,,,,,,,,,B,,,,0,,,,,0,0,0,,,,,0,,0,0,0,,,,,0,,,,0,0,0,,,,,,,,,,,,,,,,,,,,,,,,,,,,,,,,,,,,,,,,,,,,,,,,,,,,,,,,,,,,,,,,,,,,,,,,,,,,,,,,,,,,,,,,,,,,
375,5000002241,2017,1,1,0,0,0,261,,HEXNT,DL00,RM00,,,,,,,,,0,0,,H,USD,549.14,0,549.14,,,,447,LB,447,LB,447,LB,,,,,0,,,0,X,,,,,,NA00,,,,,,,,,,,,2017,,,US00,,0,,0,0,0,,0,2,,,,,,,,,B,,,,0,,,,,0,0,0,,,,,0,,0,0,0,,,,,0,,,,0,0,0,,,,,,,,,,,,,,,,,,,,,,,,,,,,,,,,,,,,,,,,,,,,,,,,,,,,,,,,,,,,,,,,,,,,,,,,,,,,,,,,,,,,,,,,,,,,
375,5000002242,2017,1,1,0,0,0,261,,HEXNT,DL00,RM00,,,,,,,,,0,0,,H,USD,121806.18,0,121806.18,,,,99151,LB,99151,LB,99151,LB,,,,,0,,,0,X,,,,,,NA00,,,,,,,,,,,,2017,,,US00,,0,,0,0,0,,0,2,,,,,,,,,B,,,,0,,,,,0,0,0,,,,,0,,0,0,0,,,,,0,,,,0,0,0,,,,,,,,,,,,,,,,,,,,,,,,,,,,,,,,,,,,,,,,,,,,,,,,,,,,,,,,,,,,,,,,,,,,,,,,,,,,,,,,,,,,,,,,,,,,
375,5000002243,2017,1,1,0,0,0,261,,HEXNT,DL00,RM00,,,,,,,,,0,0,,H,USD,56607.67,0,56607.67,,,,46079,LB,46079,LB,46079,LB,,,,,0,,,0,X,,,,,,NA00,,,,,,,,,,,,2017,,,US00,,0,,0,0,0,,0,2,,,,,,,,,B,,,,0,,,,,0,0,0,,,,,0,,0,0,0,,,,,0,,,,0,0,0,,,,,,,,,,,,,,,,,,,,,,,,,,,,,,,,,,,,,,,,,,,,,,,,,,,,,,,,,,,,,,,,,,,,,,,,,,,,,,,,,,,,,,,,,,,,
375,5000002244,2017,1,1,0,0,0,261,,ICAN HEADMASK,DL00,RM00,,,,,,,,,0,0,,H,USD,264150.94,0,264150.94,,,,266,EA,266,EA,266,EA,,,,,0,,,0,X,,,,,,NA00,,,,,,,,,,,,2017,,,US00,,0,,0,0,0,,0,2,,,,,,,,,B,,,,0,,,,,0,0,0,,,,,0,,0,0,0,,,,,0,,,,0,0,0,,,,,,,,,,,,,,,,,,,,,,,,,,,,,,,,,,,,,,,,,,,,,,,,,,,,,,,,,,,,,,,,,,,,,,,,,,,,,,,,,,,,,,,,,,,,
375,5000002245,2017,1,1,0,0,0,261,,ICAN HEADMASK,DL00,RM00,,,,,,,,,0,0,,H,USD,24826.22,0,24826.22,,,,25,EA,25,EA,25,EA,,,,,0,,,0,X,,,,,,NA00,,,,,,,,,,,,2017,,,US00,,0,,0,0,0,,0,2,,,,,,,,,B,,,,0,,,,,0,0,0,,,,,0,,0,0,0,,,,,0,,,,0,0,0,,,,,,,,,,,,,,,,,,,,,,,,,,,,,,,,,,,,,,,,,,,,,,,,,,,,,,,,,,,,,,,,,,,,,,,,,,,,,,,,,,,,,,,,,,,,
375,5000002246,2017,1,1,0,0,0,261,,ICAN HEADMASK,DL00,RM00,,,,,,,,,0,0,,H,USD,94339.62,0,94339.62,,,,95,EA,95,EA,95,EA,,,,,0,,,0,X,,,,,,NA00,,,,,,,,,,,,2017,,,US00,,0,,0,0,0,,0,2,,,,,,,,,B,,,,0,,,,,0,0,0,,,,,0,,0,0,0,,,,,0,,,,0,0,0,,,,,,,,,,,,,,,,,,,,,,,,,,,,,,,,,,,,,,,,,,,,,,,,,,,,,,,,,,,,,,,,,,,,,,,,,,,,,,,,,,,,,,,,,,,,
375,5000002247,2017,1,1,0,0,0,261,,ICAN HEADMASK,DL00,RM00,,,,,,,,,0,0,,H,USD,151936.44,0,151936.44,,,,153,EA,153,EA,153,EA,,,,,0,,,0,X,,,,,,NA00,,,,,,,,,,,,2017,,,US00,,0,,0,0,0,,0,2,,,,,,,,,B,,,,0,,,,,0,0,0,,,,,0,,0,0,0,,,,,0,,,,0,0,0,,,,,,,,,,,,,,,,,,,,,,,,,,,,,,,,,,,,,,,,,,,,,,,,,,,,,,,,,,,,,,,,,,,,,,,,,,,,,,,,,,,,,,,,,,,,
375,5000002248,2017,1,1,0,0,0,261,,ICAN HEADMASK,DL00,RM00,,,,,,,,,0,0,,H,USD,172790.47,0,172790.47,,,,174,EA,174,EA,174,EA,,,,,0,,,0,X,,,,,,NA00,,,,,,,,,,,,2017,,,US00,,0,,0,0,0,,0,2,,,,,,,,,B,,,,0,,,,,0,0,0,,,,,0,,0,0,0,,,,,0,,,,0,0,0,,,,,,,,,,,,,,,,,,,,,,,,,,,,,,,,,,,,,,,,,,,,,,,,,,,,,,,,,,,,,,,,,,,,,,,,,,,,,,,,,,,,,,,,,,,,
375,5000002249,2017,1,1,0,0,0,261,,ICAN HEADMASK,DL00,RM00,,,,,,,,,0,0,,H,USD,604766.63,0,604766.63,,,,609,EA,609,EA,609,EA,,,,,0,,,0,X,,,,,,NA00,,,,,,,,,,,,2017,,,US00,,0,,0,0,0,,0,2,,,,,,,,,B,,,,0,,,,,0,0,0,,,,,0,,0,0,0,,,,,0,,,,0,0,0,,,,,,,,,,,,,,,,,,,,,,,,,,,,,,,,,,,,,,,,,,,,,,,,,,,,,,,,,,,,,,,,,,,,,,,,,,,,,,,,,,,,,,,,,,,,
375,5000002250,2017,1,1,0,0,0,261,,ICAN HEADMASK,DL00,RM00,,,,,,,,,0,0,,H,USD,34756.70,0,34756.70,,,,35,EA,35,EA,35,EA,,,,,0,,,0,X,,,,,,NA00,,,,,,,,,,,,2017,,,US00,,0,,0,0,0,,0,2,,,,,,,,,B,,,,0,,,,,0,0,0,,,,,0,,0,0,0,,,,,0,,,,0,0,0,,,,,,,,,,,,,,,,,,,,,,,,,,,,,,,,,,,,,,,,,,,,,,,,,,,,,,,,,,,,,,,,,,,,,,,,,,,,,,,,,,,,,,,,,,,,
375,5000002251,2017,1,1,0,0,0,261,,ICAN HEADMASK,DL00,RM00,,,,,,,,,0,0,,H,USD,385302.88,0,385302.88,,,,388,EA,388,EA,388,EA,,,,,0,,,0,X,,,,,,NA00,,,,,,,,,,,,2017,,,US00,,0,,0,0,0,,0,2,,,,,,,,,B,,,,0,,,,,0,0,0,,,,,0,,0,0,0,,,,,0,,,,0,0,0,,,,,,,,,,,,,,,,,,,,,,,,,,,,,,,,,,,,,,,,,,,,,,,,,,,,,,,,,,,,,,,,,,,,,,,,,,,,,,,,,,,,,,,,,,,,
375,5000002252,2017,1,1,0,0,0,261,,ICAN HEADMASK,DL00,RM00,,,,,,,,,0,0,,H,USD,69513.41,0,69513.41,,,,70,EA,70,EA,70,EA,,,,,0,,,0,X,,,,,,NA00,,,,,,,,,,,,2017,,,US00,,0,,0,0,0,,0,2,,,,,,,,,B,,,,0,,,,,0,0,0,,,,,0,,0,0,0,,,,,0,,,,0,0,0,,,,,,,,,,,,,,,,,,,,,,,,,,,,,,,,,,,,,,,,,,,,,,,,,,,,,,,,,,,,,,,,,,,,,,,,,,,,,,,,,,,,,,,,,,,,
375,5000002253,2017,1,1,0,0,0,261,,IRON,DL00,RM00,,,,,,,,,0,0,,H,USD,543.74,0,543.74,,,,1165,LB,1165,LB,1165,LB,,,,,0,,,0,X,,,,,,NA00,,,,,,,,,,,,2017,,,US00,,0,,0,0,0,,0,2,,,,,,,,,B,,,,0,,,,,0,0,0,,,,,0,,0,0,0,,,,,0,,,,0,0,0,,,,,,,,,,,,,,,,,,,,,,,,,,,,,,,,,,,,,,,,,,,,,,,,,,,,,,,,,,,,,,,,,,,,,,,,,,,,,,,,,,,,,,,,,,,,
375,5000002254,2017,1,1,0,0,0,261,,IRON,DL00,RM00,,,,,,,,,0,0,,H,USD,1139.76,0,1139.76,,,,2442,LB,2442,LB,2442,LB,,,,,0,,,0,X,,,,,,NA00,,,,,,,,,,,,2017,,,US00,,0,,0,0,0,,0,2,,,,,,,,,B,,,,0,,,,,0,0,0,,,,,0,,0,0,0,,,,,0,,,,0,0,0,,,,,,,,,,,,,,,,,,,,,,,,,,,,,,,,,,,,,,,,,,,,,,,,,,,,,,,,,,,,,,,,,,,,,,,,,,,,,,,,,,,,,,,,,,,,
375,5000002255,2017,1,1,0,0,0,261,,IRON,DL00,RM00,,,,,,,,,0,0,,H,USD,6709.71,0,6709.71,,,,14376,LB,14376,LB,14376,LB,,,,,0,,,0,X,,,,,,NA00,,,,,,,,,,,,2017,,,US00,,0,,0,0,0,,0,2,,,,,,,,,B,,,,0,,,,,0,0,0,,,,,0,,0,0,0,,,,,0,,,,0,0,0,,,,,,,,,,,,,,,,,,,,,,,,,,,,,,,,,,,,,,,,,,,,,,,,,,,,,,,,,,,,,,,,,,,,,,,,,,,,,,,,,,,,,,,,,,,,
375,5000002256,2017,1,1,0,0,0,261,,IRON,DL00,RM00,,,,,,,,,0,0,,H,USD,1932.73,0,1932.73,,,,4141,LB,4141,LB,4141,LB,,,,,0,,,0,X,,,,,,NA00,,,,,,,,,,,,2017,,,US00,,0,,0,0,0,,0,2,,,,,,,,,B,,,,0,,,,,0,0,0,,,,,0,,0,0,0,,,,,0,,,,0,0,0,,,,,,,,,,,,,,,,,,,,,,,,,,,,,,,,,,,,,,,,,,,,,,,,,,,,,,,,,,,,,,,,,,,,,,,,,,,,,,,,,,,,,,,,,,,,
375,5000002257,2017,1,1,0,0,0,261,,IRON,DL00,RM00,,,,,,,,,0,0,,H,USD,7467.68,0,7467.68,,,,16000,LB,16000,LB,16000,LB,,,,,0,,,0,X,,,,,,NA00,,,,,,,,,,,,2017,,,US00,,0,,0,0,0,,0,2,,,,,,,,,B,,,,0,,,,,0,0,0,,,,,0,,0,0,0,,,,,0,,,,0,0,0,,,,,,,,,,,,,,,,,,,,,,,,,,,,,,,,,,,,,,,,,,,,,,,,,,,,,,,,,,,,,,,,,,,,,,,,,,,,,,,,,,,,,,,,,,,,
375,5000002258,2017,1,1,0,0,0,261,,IRON,DL00,RM00,,,,,,,,,0,0,,H,USD,1719.43,0,1719.43,,,,3684,LB,3684,LB,3684,LB,,,,,0,,,0,X,,,,,,NA00,,,,,,,,,,,,2017,,,US00,,0,,0,0,0,,0,2,,,,,,,,,B,,,,0,,,,,0,0,0,,,,,0,,0,0,0,,,,,0,,,,0,0,0,,,,,,,,,,,,,,,,,,,,,,,,,,,,,,,,,,,,,,,,,,,,,,,,,,,,,,,,,,,,,,,,,,,,,,,,,,,,,,,,,,,,,,,,,,,,
375,5000002259,2017,1,1,0,0,0,261,,KRYPTONITE,DL00,RM00,,,,,,,,,0,0,,H,USD,2467969.53,0,2467969.53,,,,98363,LB,98363,LB,98363,LB,,,,,0,,,0,X,,,,,,NA00,,,,,,,,,,,,2017,,,US00,,0,,0,0,0,,0,2,,,,,,,,,B,,,,0,,,,,0,0,0,,,,,0,,0,0,0,,,,,0,,,,0,0,0,,,,,,,,,,,,,,,,,,,,,,,,,,,,,,,,,,,,,,,,,,,,,,,,,,,,,,,,,,,,,,,,,,,,,,,,,,,,,,,,,,,,,,,,,,,,
375,5000002260,2017,1,1,0,0,0,261,,KRYPTONITE,DL00,RM00,,,,,,,,,0,0,,H,USD,10937117.21,0,10937117.21,,,,435908,LB,435908,LB,435908,LB,,,,,0,,,0,X,,,,,,NA00,,,,,,,,,,,,2017,,,US00,,0,,0,0,0,,0,2,,,,,,,,,B,,,,0,,,,,0,0,0,,,,,0,,0,0,0,,,,,0,,,,0,0,0,,,,,,,,,,,,,,,,,,,,,,,,,,,,,,,,,,,,,,,,,,,,,,,,,,,,,,,,,,,,,,,,,,,,,,,,,,,,,,,,,,,,,,,,,,,,
375,5000002261,2017,1,1,0,0,0,261,,KRYPTONITE,DL00,RM00,,,,,,,,,0,0,,H,USD,7551866.82,0,7551866.82,,,,300986,LB,300986,LB,300986,LB,,,,,0,,,0,X,,,,,,NA00,,,,,,,,,,,,2017,,,US00,,0,,0,0,0,,0,2,,,,,,,,,B,,,,0,,,,,0,0,0,,,,,0,,0,0,0,,,,,0,,,,0,0,0,,,,,,,,,,,,,,,,,,,,,,,,,,,,,,,,,,,,,,,,,,,,,,,,,,,,,,,,,,,,,,,,,,,,,,,,,,,,,,,,,,,,,,,,,,,,
375,5000002262,2017,1,1,0,0,0,261,,LIQUID,DL00,RM00,,,,,,,,,0,0,,H,USD,691.53,0,691.53,,,,6,FOZ,6,FOZ,6,FOZ,,,,,0,,,0,X,,,,,,NA00,,,,,,,,,,,,2017,,,US00,,0,,0,0,0,,0,2,,,,,,,,,B,,,,0,,,,,0,0,0,,,,,0,,0,0,0,,,,,0,,,,0,0,0,,,,,,,,,,,,,,,,,,,,,,,,,,,,,,,,,,,,,,,,,,,,,,,,,,,,,,,,,,,,,,,,,,,,,,,,,,,,,,,,,,,,,,,,,,,,
375,5000002263,2017,1,1,0,0,0,261,,LIQUID,DL00,RM00,,,,,,,,,0,0,,H,USD,461.02,0,461.02,,,,4,FOZ,4,FOZ,4,FOZ,,,,,0,,,0,X,,,,,,NA00,,,,,,,,,,,,2017,,,US00,,0,,0,0,0,,0,2,,,,,,,,,B,,,,0,,,,,0,0,0,,,,,0,,0,0,0,,,,,0,,,,0,0,0,,,,,,,,,,,,,,,,,,,,,,,,,,,,,,,,,,,,,,,,,,,,,,,,,,,,,,,,,,,,,,,,,,,,,,,,,,,,,,,,,,,,,,,,,,,,
375,5000002264,2017,1,1,0,0,0,261,,LIQUID,DL00,RM00,,,,,,,,,0,0,,H,USD,9450.85,0,9450.85,,,,82,FOZ,82,FOZ,82,FOZ,,,,,0,,,0,X,,,,,,NA00,,,,,,,,,,,,2017,,,US00,,0,,0,0,0,,0,2,,,,,,,,,B,,,,0,,,,,0,0,0,,,,,0,,0,0,0,,,,,0,,,,0,0,0,,,,,,,,,,,,,,,,,,,,,,,,,,,,,,,,,,,,,,,,,,,,,,,,,,,,,,,,,,,,,,,,,,,,,,,,,,,,,,,,,,,,,,,,,,,,
375,5000002265,2017,1,1,0,0,0,261,,LIQUID,DL00,RM00,,,,,,,,,0,0,,H,USD,6223.73,0,6223.73,,,,54,FOZ,54,FOZ,54,FOZ,,,,,0,,,0,X,,,,,,NA00,,,,,,,,,,,,2017,,,US00,,0,,0,0,0,,0,2,,,,,,,,,B,,,,0,,,,,0,0,0,,,,,0,,0,0,0,,,,,0,,,,0,0,0,,,,,,,,,,,,,,,,,,,,,,,,,,,,,,,,,,,,,,,,,,,,,,,,,,,,,,,,,,,,,,,,,,,,,,,,,,,,,,,,,,,,,,,,,,,,
375,5000002266,2017,1,1,0,0,0,261,,LIQUID,DL00,RM00,,,,,,,,,0,0,,H,USD,461.02,0,461.02,,,,4,FOZ,4,FOZ,4,FOZ,,,,,0,,,0,X,,,,,,NA00,,,,,,,,,,,,2017,,,US00,,0,,0,0,0,,0,2,,,,,,,,,B,,,,0,,,,,0,0,0,,,,,0,,0,0,0,,,,,0,,,,0,0,0,,,,,,,,,,,,,,,,,,,,,,,,,,,,,,,,,,,,,,,,,,,,,,,,,,,,,,,,,,,,,,,,,,,,,,,,,,,,,,,,,,,,,,,,,,,,
375,5000002267,2017,1,1,0,0,0,261,,LIQUID,DL00,RM00,,,,,,,,,0,0,,H,USD,576.27,0,576.27,,,,5,FOZ,5,FOZ,5,FOZ,,,,,0,,,0,X,,,,,,NA00,,,,,,,,,,,,2017,,,US00,,0,,0,0,0,,0,2,,,,,,,,,B,,,,0,,,,,0,0,0,,,,,0,,0,0,0,,,,,0,,,,0,0,0,,,,,,,,,,,,,,,,,,,,,,,,,,,,,,,,,,,,,,,,,,,,,,,,,,,,,,,,,,,,,,,,,,,,,,,,,,,,,,,,,,,,,,,,,,,,
375,5000002268,2017,1,1,0,0,0,261,,LIQUID,DL00,RM00,,,,,,,,,0,0,,H,USD,115.25,0,115.25,,,,1,FOZ,1,FOZ,1,FOZ,,,,,0,,,0,X,,,,,,NA00,,,,,,,,,,,,2017,,,US00,,0,,0,0,0,,0,2,,,,,,,,,B,,,,0,,,,,0,0,0,,,,,0,,0,0,0,,,,,0,,,,0,0,0,,,,,,,,,,,,,,,,,,,,,,,,,,,,,,,,,,,,,,,,,,,,,,,,,,,,,,,,,,,,,,,,,,,,,,,,,,,,,,,,,,,,,,,,,,,,
375,5000002269,2017,1,1,0,0,0,261,,MAGICDUST,DL00,RM00,,,,,,,,,0,0,,H,USD,332769.93,0,332769.93,,,,26382,LB,26382,LB,26382,LB,,,,,0,,,0,X,,,,,,NA00,,,,,,,,,,,,2017,,,US00,,0,,0,0,0,,0,2,,,,,,,,,B,,,,0,,,,,0,0,0,,,,,0,,0,0,0,,,,,0,,,,0,0,0,,,,,,,,,,,,,,,,,,,,,,,,,,,,,,,,,,,,,,,,,,,,,,,,,,,,,,,,,,,,,,,,,,,,,,,,,,,,,,,,,,,,,,,,,,,,
375,5000002270,2017,1,1,0,0,0,261,,MAGICDUST,DL00,RM00,,,,,,,,,0,0,,H,USD,31218.47,0,31218.47,,,,2475,LB,2475,LB,2475,LB,,,,,0,,,0,X,,,,,,NA00,,,,,,,,,,,,2017,,,US00,,0,,0,0,0,,0,2,,,,,,,,,B,,,,0,,,,,0,0,0,,,,,0,,0,0,0,,,,,0,,,,0,0,0,,,,,,,,,,,,,,,,,,,,,,,,,,,,,,,,,,,,,,,,,,,,,,,,,,,,,,,,,,,,,,,,,,,,,,,,,,,,,,,,,,,,,,,,,,,,
375,5000002271,2017,1,1,0,0,0,261,,MAGICDUST,DL00,RM00,,,,,,,,,0,0,,H,USD,3279.52,0,3279.52,,,,260,LB,260,LB,260,LB,,,,,0,,,0,X,,,,,,NA00,,,,,,,,,,,,2017,,,US00,,0,,0,0,0,,0,2,,,,,,,,,B,,,,0,,,,,0,0,0,,,,,0,,0,0,0,,,,,0,,,,0,0,0,,,,,,,,,,,,,,,,,,,,,,,,,,,,,,,,,,,,,,,,,,,,,,,,,,,,,,,,,,,,,,,,,,,,,,,,,,,,,,,,,,,,,,,,,,,,
375,5000002272,2017,1,1,0,0,0,261,,MAGICDUST,DL00,RM00,,,,,,,,,0,0,,H,USD,44323.92,0,44323.92,,,,3514,LB,3514,LB,3514,LB,,,,,0,,,0,X,,,,,,NA00,,,,,,,,,,,,2017,,,US00,,0,,0,0,0,,0,2,,,,,,,,,B,,,,0,,,,,0,0,0,,,,,0,,0,0,0,,,,,0,,,,0,0,0,,,,,,,,,,,,,,,,,,,,,,,,,,,,,,,,,,,,,,,,,,,,,,,,,,,,,,,,,,,,,,,,,,,,,,,,,,,,,,,,,,,,,,,,,,,,
375,5000002273,2017,1,1,0,0,0,261,,ORANGE,DL00,RM00,,,,,,,,,0,0,,H,USD,1186623.83,0,1186623.83,,,,4063,TO,4063,TO,4063,TO,,,,,0,,,0,X,,,,,,NA00,,,,,,,,,,,,2017,,,US00,,0,,0,0,0,,0,2,,,,,,,,,B,,,,0,,,,,0,0,0,,,,,0,,0,0,0,,,,,0,,,,0,0,0,,,,,,,,,,,,,,,,,,,,,,,,,,,,,,,,,,,,,,,,,,,,,,,,,,,,,,,,,,,,,,,,,,,,,,,,,,,,,,,,,,,,,,,,,,,,
375,5000002274,2017,1,1,0,0,0,261,,ORANGE,DL00,RM00,,,,,,,,,0,0,,H,USD,2161799.07,0,2161799.07,,,,7402,TO,7402,TO,7402,TO,,,,,0,,,0,X,,,,,,NA00,,,,,,,,,,,,2017,,,US00,,0,,0,0,0,,0,2,,,,,,,,,B,,,,0,,,,,0,0,0,,,,,0,,0,0,0,,,,,0,,,,0,0,0,,,,,,,,,,,,,,,,,,,,,,,,,,,,,,,,,,,,,,,,,,,,,,,,,,,,,,,,,,,,,,,,,,,,,,,,,,,,,,,,,,,,,,,,,,,,
375,5000002275,2017,1,1,0,0,0,261,,ORANGE,DL00,RM00,,,,,,,,,0,0,,H,USD,1090537.38,0,1090537.38,,,,3734,TO,3734,TO,3734,TO,,,,,0,,,0,X,,,,,,NA00,,,,,,,,,,,,2017,,,US00,,0,,0,0,0,,0,2,,,,,,,,,B,,,,0,,,,,0,0,0,,,,,0,,0,0,0,,,,,0,,,,0,0,0,,,,,,,,,,,,,,,,,,,,,,,,,,,,,,,,,,,,,,,,,,,,,,,,,,,,,,,,,,,,,,,,,,,,,,,,,,,,,,,,,,,,,,,,,,,,
375,5000002276,2017,1,1,0,0,0,261,,ORANGE,DL00,RM00,,,,,,,,,0,0,,H,USD,1226051.40,0,1226051.40,,,,4198,TO,4198,TO,4198,TO,,,,,0,,,0,X,,,,,,NA00,,,,,,,,,,,,2017,,,US00,,0,,0,0,0,,0,2,,,,,,,,,B,,,,0,,,,,0,0,0,,,,,0,,0,0,0,,,,,0,,,,0,0,0,,,,,,,,,,,,,,,,,,,,,,,,,,,,,,,,,,,,,,,,,,,,,,,,,,,,,,,,,,,,,,,,,,,,,,,,,,,,,,,,,,,,,,,,,,,,
375,5000002277,2017,1,1,0,0,0,261,,ORANGE,DL00,RM00,,,,,,,,,0,0,,H,USD,901869.16,0,901869.16,,,,3088,TO,3088,TO,3088,TO,,,,,0,,,0,X,,,,,,NA00,,,,,,,,,,,,2017,,,US00,,0,,0,0,0,,0,2,,,,,,,,,B,,,,0,,,,,0,0,0,,,,,0,,0,0,0,,,,,0,,,,0,0,0,,,,,,,,,,,,,,,,,,,,,,,,,,,,,,,,,,,,,,,,,,,,,,,,,,,,,,,,,,,,,,,,,,,,,,,,,,,,,,,,,,,,,,,,,,,,
375,5000002278,2017,1,1,0,0,0,261,,ORANGE,DL00,RM00,,,,,,,,,0,0,,H,USD,1380257.01,0,1380257.01,,,,4726,TO,4726,TO,4726,TO,,,,,0,,,0,X,,,,,,NA00,,,,,,,,,,,,2017,,,US00,,0,,0,0,0,,0,2,,,,,,,,,B,,,,0,,,,,0,0,0,,,,,0,,0,0,0,,,,,0,,,,0,0,0,,,,,,,,,,,,,,,,,,,,,,,,,,,,,,,,,,,,,,,,,,,,,,,,,,,,,,,,,,,,,,,,,,,,,,,,,,,,,,,,,,,,,,,,,,,,
375,5000002279,2017,1,1,0,0,0,261,,ORANGE,DL00,RM00,,,,,,,,,0,0,,H,USD,886682.24,0,886682.24,,,,3036,TO,3036,TO,3036,TO,,,,,0,,,0,X,,,,,,NA00,,,,,,,,,,,,2017,,,US00,,0,,0,0,0,,0,2,,,,,,,,,B,,,,0,,,,,0,0,0,,,,,0,,0,0,0,,,,,0,,,,0,0,0,,,,,,,,,,,,,,,,,,,,,,,,,,,,,,,,,,,,,,,,,,,,,,,,,,,,,,,,,,,,,,,,,,,,,,,,,,,,,,,,,,,,,,,,,,,,
375,5000002280,2017,1,1,0,0,0,261,,ORANGE,DL00,RM00,,,,,,,,,0,0,,H,USD,968457.94,0,968457.94,,,,3316,TO,3316,TO,3316,TO,,,,,0,,,0,X,,,,,,NA00,,,,,,,,,,,,2017,,,US00,,0,,0,0,0,,0,2,,,,,,,,,B,,,,0,,,,,0,0,0,,,,,0,,0,0,0,,,,,0,,,,0,0,0,,,,,,,,,,,,,,,,,,,,,,,,,,,,,,,,,,,,,,,,,,,,,,,,,,,,,,,,,,,,,,,,,,,,,,,,,,,,,,,,,,,,,,,,,,,,
375,5000002281,2017,1,1,0,0,0,261,,ORANGE,DL00,RM00,,,,,,,,,0,0,,H,USD,318341.12,0,318341.12,,,,1090,TO,1090,TO,1090,TO,,,,,0,,,0,X,,,,,,NA00,,,,,,,,,,,,2017,,,US00,,0,,0,0,0,,0,2,,,,,,,,,B,,,,0,,,,,0,0,0,,,,,0,,0,0,0,,,,,0,,,,0,0,0,,,,,,,,,,,,,,,,,,,,,,,,,,,,,,,,,,,,,,,,,,,,,,,,,,,,,,,,,,,,,,,,,,,,,,,,,,,,,,,,,,,,,,,,,,,,
375,5000002282,2017,1,1,0,0,0,261,,PALLADIUM,DL00,RM00,,,,,,,,,0,0,,H,USD,1405.15,0,1405.15,,,,60,G,60,G,60,G,,,,,0,,,0,X,,,,,,NA00,,,,,,,,,,,,2017,,,US00,,0,,0,0,0,,0,2,,,,,,,,,B,,,,0,,,,,0,0,0,,,,,0,,0,0,0,,,,,0,,,,0,0,0,,,,,,,,,,,,,,,,,,,,,,,,,,,,,,,,,,,,,,,,,,,,,,,,,,,,,,,,,,,,,,,,,,,,,,,,,,,,,,,,,,,,,,,,,,,,
375,5000002283,2017,1,1,0,0,0,261,,PALLADIUM,DL00,RM00,,,,,,,,,0,0,,H,USD,4613.58,0,4613.58,,,,197,G,197,G,197,G,,,,,0,,,0,X,,,,,,NA00,,,,,,,,,,,,2017,,,US00,,0,,0,0,0,,0,2,,,,,,,,,B,,,,0,,,,,0,0,0,,,,,0,,0,0,0,,,,,0,,,,0,0,0,,,,,,,,,,,,,,,,,,,,,,,,,,,,,,,,,,,,,,,,,,,,,,,,,,,,,,,,,,,,,,,,,,,,,,,,,,,,,,,,,,,,,,,,,,,,
375,5000002284,2017,1,1,0,0,0,261,,PALLADIUM,DL00,RM00,,,,,,,,,0,0,,H,USD,2459.02,0,2459.02,,,,105,G,105,G,105,G,,,,,0,,,0,X,,,,,,NA00,,,,,,,,,,,,2017,,,US00,,0,,0,0,0,,0,2,,,,,,,,,B,,,,0,,,,,0,0,0,,,,,0,,0,0,0,,,,,0,,,,0,0,0,,,,,,,,,,,,,,,,,,,,,,,,,,,,,,,,,,,,,,,,,,,,,,,,,,,,,,,,,,,,,,,,,,,,,,,,,,,,,,,,,,,,,,,,,,,,
375,5000002285,2017,1,1,0,0,0,261,,PAPER,DL00,RM00,,,,,,,,,0,0,,H,USD,4.37,0,4.37,,,,2426,LB,2426,LB,2426,LB,,,,,0,,,0,X,,,,,,NA00,,,,,,,,,,,,2017,,,US00,,0,,0,0,0,,0,2,,,,,,,,,B,,,,0,,,,,0,0,0,,,,,0,,0,0,0,,,,,0,,,,0,0,0,,,,,,,,,,,,,,,,,,,,,,,,,,,,,,,,,,,,,,,,,,,,,,,,,,,,,,,,,,,,,,,,,,,,,,,,,,,,,,,,,,,,,,,,,,,,
375,5000002286,2017,1,1,0,0,0,261,,PAPER,DL00,RM00,,,,,,,,,0,0,,H,USD,5.27,0,5.27,,,,2924,LB,2924,LB,2924,LB,,,,,0,,,0,X,,,,,,NA00,,,,,,,,,,,,2017,,,US00,,0,,0,0,0,,0,2,,,,,,,,,B,,,,0,,,,,0,0,0,,,,,0,,0,0,0,,,,,0,,,,0,0,0,,,,,,,,,,,,,,,,,,,,,,,,,,,,,,,,,,,,,,,,,,,,,,,,,,,,,,,,,,,,,,,,,,,,,,,,,,,,,,,,,,,,,,,,,,,,
375,5000002287,2017,1,1,0,0,0,261,,PAPER,DL00,RM00,,,,,,,,,0,0,,H,USD,4.63,0,4.63,,,,2570,LB,2570,LB,2570,LB,,,,,0,,,0,X,,,,,,NA00,,,,,,,,,,,,2017,,,US00,,0,,0,0,0,,0,2,,,,,,,,,B,,,,0,,,,,0,0,0,,,,,0,,0,0,0,,,,,0,,,,0,0,0,,,,,,,,,,,,,,,,,,,,,,,,,,,,,,,,,,,,,,,,,,,,,,,,,,,,,,,,,,,,,,,,,,,,,,,,,,,,,,,,,,,,,,,,,,,,
375,5000002288,2017,1,1,0,0,0,261,,PAPER,DL00,RM00,,,,,,,,,0,0,,H,USD,1.20,0,1.20,,,,664,LB,664,LB,664,LB,,,,,0,,,0,X,,,,,,NA00,,,,,,,,,,,,2017,,,US00,,0,,0,0,0,,0,2,,,,,,,,,B,,,,0,,,,,0,0,0,,,,,0,,0,0,0,,,,,0,,,,0,0,0,,,,,,,,,,,,,,,,,,,,,,,,,,,,,,,,,,,,,,,,,,,,,,,,,,,,,,,,,,,,,,,,,,,,,,,,,,,,,,,,,,,,,,,,,,,,
375,5000002289,2017,1,1,0,0,0,261,,PAPER,DL00,RM00,,,,,,,,,0,0,,H,USD,2.18,0,2.18,,,,1211,LB,1211,LB,1211,LB,,,,,0,,,0,X,,,,,,NA00,,,,,,,,,,,,2017,,,US00,,0,,0,0,0,,0,2,,,,,,,,,B,,,,0,,,,,0,0,0,,,,,0,,0,0,0,,,,,0,,,,0,0,0,,,,,,,,,,,,,,,,,,,,,,,,,,,,,,,,,,,,,,,,,,,,,,,,,,,,,,,,,,,,,,,,,,,,,,,,,,,,,,,,,,,,,,,,,,,,
375,5000002290,2017,1,1,0,0,0,261,,PAPER,DL00,RM00,,,,,,,,,0,0,,H,USD,5.10,0,5.10,,,,2829,LB,2829,LB,2829,LB,,,,,0,,,0,X,,,,,,NA00,,,,,,,,,,,,2017,,,US00,,0,,0,0,0,,0,2,,,,,,,,,B,,,,0,,,,,0,0,0,,,,,0,,0,0,0,,,,,0,,,,0,0,0,,,,,,,,,,,,,,,,,,,,,,,,,,,,,,,,,,,,,,,,,,,,,,,,,,,,,,,,,,,,,,,,,,,,,,,,,,,,,,,,,,,,,,,,,,,,
375,5000002291,2017,1,1,0,0,0,261,,PAPER,DL00,RM00,,,,,,,,,0,0,,H,USD,4.10,0,4.10,,,,2276,LB,2276,LB,2276,LB,,,,,0,,,0,X,,,,,,NA00,,,,,,,,,,,,2017,,,US00,,0,,0,0,0,,0,2,,,,,,,,,B,,,,0,,,,,0,0,0,,,,,0,,0,0,0,,,,,0,,,,0,0,0,,,,,,,,,,,,,,,,,,,,,,,,,,,,,,,,,,,,,,,,,,,,,,,,,,,,,,,,,,,,,,,,,,,,,,,,,,,,,,,,,,,,,,,,,,,,
375,5000002292,2017,1,1,0,0,0,261,,PAPER,DL00,RM00,,,,,,,,,0,0,,H,USD,3.25,0,3.25,,,,1801,LB,1801,LB,1801,LB,,,,,0,,,0,X,,,,,,NA00,,,,,,,,,,,,2017,,,US00,,0,,0,0,0,,0,2,,,,,,,,,B,,,,0,,,,,0,0,0,,,,,0,,0,0,0,,,,,0,,,,0,0,0,,,,,,,,,,,,,,,,,,,,,,,,,,,,,,,,,,,,,,,,,,,,,,,,,,,,,,,,,,,,,,,,,,,,,,,,,,,,,,,,,,,,,,,,,,,,
375,5000002293,2017,1,1,0,0,0,261,,PAPER,DL00,RM00,,,,,,,,,0,0,,H,USD,0.72,0,0.72,,,,397,LB,397,LB,397,LB,,,,,0,,,0,X,,,,,,NA00,,,,,,,,,,,,2017,,,US00,,0,,0,0,0,,0,2,,,,,,,,,B,,,,0,,,,,0,0,0,,,,,0,,0,0,0,,,,,0,,,,0,0,0,,,,,,,,,,,,,,,,,,,,,,,,,,,,,,,,,,,,,,,,,,,,,,,,,,,,,,,,,,,,,,,,,,,,,,,,,,,,,,,,,,,,,,,,,,,,
375,5000002294,2017,1,1,0,0,0,261,,ROMANIAN RUBY,DL00,RM00,,,,,,,,,0,0,,H,USD,6234596.45,0,6234596.45,,,,1202,G,1202,G,1202,G,,,,,0,,,0,X,,,,,,NA00,,,,,,,,,,,,2017,,,US00,,0,,0,0,0,,0,2,,,,,,,,,B,,,,0,,,,,0,0,0,,,,,0,,0,0,0,,,,,0,,,,0,0,0,,,,,,,,,,,,,,,,,,,,,,,,,,,,,,,,,,,,,,,,,,,,,,,,,,,,,,,,,,,,,,,,,,,,,,,,,,,,,,,,,,,,,,,,,,,,
375,5000002295,2017,1,1,0,0,0,261,,ROMANIAN RUBY,DL00,RM00,,,,,,,,,0,0,,H,USD,1089238.98,0,1089238.98,,,,210,G,210,G,210,G,,,,,0,,,0,X,,,,,,NA00,,,,,,,,,,,,2017,,,US00,,0,,0,0,0,,0,2,,,,,,,,,B,,,,0,,,,,0,0,0,,,,,0,,0,0,0,,,,,0,,,,0,0,0,,,,,,,,,,,,,,,,,,,,,,,,,,,,,,,,,,,,,,,,,,,,,,,,,,,,,,,,,,,,,,,,,,,,,,,,,,,,,,,,,,,,,,,,,,,,
375,5000002296,2017,1,1,0,0,0,261,,ROMANIAN RUBY,DL00,RM00,,,,,,,,,0,0,,H,USD,8190039.76,0,8190039.76,,,,1579,G,1579,G,1579,G,,,,,0,,,0,X,,,,,,NA00,,,,,,,,,,,,2017,,,US00,,0,,0,0,0,,0,2,,,,,,,,,B,,,,0,,,,,0,0,0,,,,,0,,0,0,0,,,,,0,,,,0,0,0,,,,,,,,,,,,,,,,,,,,,,,,,,,,,,,,,,,,,,,,,,,,,,,,,,,,,,,,,,,,,,,,,,,,,,,,,,,,,,,,,,,,,,,,,,,,
375,5000002297,2017,1,1,0,0,0,261,,ROMANIAN RUBY,DL00,RM00,,,,,,,,,0,0,,H,USD,1924322.20,0,1924322.20,,,,371,G,371,G,371,G,,,,,0,,,0,X,,,,,,NA00,,,,,,,,,,,,2017,,,US00,,0,,0,0,0,,0,2,,,,,,,,,B,,,,0,,,,,0,0,0,,,,,0,,0,0,0,,,,,0,,,,0,0,0,,,,,,,,,,,,,,,,,,,,,,,,,,,,,,,,,,,,,,,,,,,,,,,,,,,,,,,,,,,,,,,,,,,,,,,,,,,,,,,,,,,,,,,,,,,,
375,5000002298,2017,1,1,0,0,0,261,,ROSE ESSENTIAL OIL,DL00,RM00,,,,,,,,,0,0,,H,USD,9688.91,0,9688.91,,,,2967,L,2967,L,2967,L,,,,,0,,,0,X,,,,,,NA00,,,,,,,,,,,,2017,,,US00,,0,,0,0,0,,0,2,,,,,,,,,B,,,,0,,,,,0,0,0,,,,,0,,0,0,0,,,,,0,,,,0,0,0,,,,,,,,,,,,,,,,,,,,,,,,,,,,,,,,,,,,,,,,,,,,,,,,,,,,,,,,,,,,,,,,,,,,,,,,,,,,,,,,,,,,,,,,,,,,
375,5000002299,2017,1,1,0,0,0,261,,ROSE ESSENTIAL OIL,DL00,RM00,,,,,,,,,0,0,,H,USD,17836.48,0,17836.48,,,,5462,L,5462,L,5462,L,,,,,0,,,0,X,,,,,,NA00,,,,,,,,,,,,2017,,,US00,,0,,0,0,0,,0,2,,,,,,,,,B,,,,0,,,,,0,0,0,,,,,0,,0,0,0,,,,,0,,,,0,0,0,,,,,,,,,,,,,,,,,,,,,,,,,,,,,,,,,,,,,,,,,,,,,,,,,,,,,,,,,,,,,,,,,,,,,,,,,,,,,,,,,,,,,,,,,,,,
375,5000002300,2017,1,1,0,0,0,261,,ROSE ESSENTIAL OIL,DL00,RM00,,,,,,,,,0,0,,H,USD,764.14,0,764.14,,,,234,L,234,L,234,L,,,,,0,,,0,X,,,,,,NA00,,,,,,,,,,,,2017,,,US00,,0,,0,0,0,,0,2,,,,,,,,,B,,,,0,,,,,0,0,0,,,,,0,,0,0,0,,,,,0,,,,0,0,0,,,,,,,,,,,,,,,,,,,,,,,,,,,,,,,,,,,,,,,,,,,,,,,,,,,,,,,,,,,,,,,,,,,,,,,,,,,,,,,,,,,,,,,,,,,,
375,5000002301,2017,1,1,0,0,0,261,,ROSE ESSENTIAL OIL,DL00,RM00,,,,,,,,,0,0,,H,USD,2249.97,0,2249.97,,,,689,L,689,L,689,L,,,,,0,,,0,X,,,,,,NA00,,,,,,,,,,,,2017,,,US00,,0,,0,0,0,,0,2,,,,,,,,,B,,,,0,,,,,0,0,0,,,,,0,,0,0,0,,,,,0,,,,0,0,0,,,,,,,,,,,,,,,,,,,,,,,,,,,,,,,,,,,,,,,,,,,,,,,,,,,,,,,,,,,,,,,,,,,,,,,,,,,,,,,,,,,,,,,,,,,,
375,5000002302,2017,1,1,0,0,0,261,,RUBY,DL00,RM00,,,,,,,,,0,0,,H,USD,9447.45,0,9447.45,,,,163,G,163,G,163,G,,,,,0,,,0,X,,,,,,NA00,,,,,,,,,,,,2017,,,US00,,0,,0,0,0,,0,2,,,,,,,,,B,,,,0,,,,,0,0,0,,,,,0,,0,0,0,,,,,0,,,,0,0,0,,,,,,,,,,,,,,,,,,,,,,,,,,,,,,,,,,,,,,,,,,,,,,,,,,,,,,,,,,,,,,,,,,,,,,,,,,,,,,,,,,,,,,,,,,,,
375,5000002303,2017,1,1,0,0,0,261,,RUBY,DL00,RM00,,,,,,,,,0,0,,H,USD,3303.71,0,3303.71,,,,57,G,57,G,57,G,,,,,0,,,0,X,,,,,,NA00,,,,,,,,,,,,2017,,,US00,,0,,0,0,0,,0,2,,,,,,,,,B,,,,0,,,,,0,0,0,,,,,0,,0,0,0,,,,,0,,,,0,0,0,,,,,,,,,,,,,,,,,,,,,,,,,,,,,,,,,,,,,,,,,,,,,,,,,,,,,,,,,,,,,,,,,,,,,,,,,,,,,,,,,,,,,,,,,,,,
375,5000002304,2017,1,1,0,0,0,261,,RUBY,DL00,RM00,,,,,,,,,0,0,,H,USD,12693.20,0,12693.20,,,,219,G,219,G,219,G,,,,,0,,,0,X,,,,,,NA00,,,,,,,,,,,,2017,,,US00,,0,,0,0,0,,0,2,,,,,,,,,B,,,,0,,,,,0,0,0,,,,,0,,0,0,0,,,,,0,,,,0,0,0,,,,,,,,,,,,,,,,,,,,,,,,,,,,,,,,,,,,,,,,,,,,,,,,,,,,,,,,,,,,,,,,,,,,,,,,,,,,,,,,,,,,,,,,,,,,
375,5000002305,2017,1,1,0,0,0,261,,RUBY,DL00,RM00,,,,,,,,,0,0,,H,USD,25096.60,0,25096.60,,,,433,G,433,G,433,G,,,,,0,,,0,X,,,,,,NA00,,,,,,,,,,,,2017,,,US00,,0,,0,0,0,,0,2,,,,,,,,,B,,,,0,,,,,0,0,0,,,,,0,,0,0,0,,,,,0,,,,0,0,0,,,,,,,,,,,,,,,,,,,,,,,,,,,,,,,,,,,,,,,,,,,,,,,,,,,,,,,,,,,,,,,,,,,,,,,,,,,,,,,,,,,,,,,,,,,,
375,5000002306,2017,1,1,0,0,0,261,,RUBY,DL00,RM00,,,,,,,,,0,0,,H,USD,4346.99,0,4346.99,,,,75,G,75,G,75,G,,,,,0,,,0,X,,,,,,NA00,,,,,,,,,,,,2017,,,US00,,0,,0,0,0,,0,2,,,,,,,,,B,,,,0,,,,,0,0,0,,,,,0,,0,0,0,,,,,0,,,,0,0,0,,,,,,,,,,,,,,,,,,,,,,,,,,,,,,,,,,,,,,,,,,,,,,,,,,,,,,,,,,,,,,,,,,,,,,,,,,,,,,,,,,,,,,,,,,,,
375,5000002307,2017,1,1,0,0,0,261,,RUBY,DL00,RM00,,,,,,,,,0,0,,H,USD,753.48,0,753.48,,,,13,G,13,G,13,G,,,,,0,,,0,X,,,,,,NA00,,,,,,,,,,,,2017,,,US00,,0,,0,0,0,,0,2,,,,,,,,,B,,,,0,,,,,0,0,0,,,,,0,,0,0,0,,,,,0,,,,0,0,0,,,,,,,,,,,,,,,,,,,,,,,,,,,,,,,,,,,,,,,,,,,,,,,,,,,,,,,,,,,,,,,,,,,,,,,,,,,,,,,,,,,,,,,,,,,,
375,5000002308,2017,1,1,0,0,0,261,,RUBY,DL00,RM00,,,,,,,,,0,0,,H,USD,4984.54,0,4984.54,,,,86,G,86,G,86,G,,,,,0,,,0,X,,,,,,NA00,,,,,,,,,,,,2017,,,US00,,0,,0,0,0,,0,2,,,,,,,,,B,,,,0,,,,,0,0,0,,,,,0,,0,0,0,,,,,0,,,,0,0,0,,,,,,,,,,,,,,,,,,,,,,,,,,,,,,,,,,,,,,,,,,,,,,,,,,,,,,,,,,,,,,,,,,,,,,,,,,,,,,,,,,,,,,,,,,,,
375,5000002309,2017,1,1,0,0,0,261,,RUBY,DL00,RM00,,,,,,,,,0,0,,H,USD,4694.74,0,4694.74,,,,81,G,81,G,81,G,,,,,0,,,0,X,,,,,,NA00,,,,,,,,,,,,2017,,,US00,,0,,0,0,0,,0,2,,,,,,,,,B,,,,0,,,,,0,0,0,,,,,0,,0,0,0,,,,,0,,,,0,0,0,,,,,,,,,,,,,,,,,,,,,,,,,,,,,,,,,,,,,,,,,,,,,,,,,,,,,,,,,,,,,,,,,,,,,,,,,,,,,,,,,,,,,,,,,,,,
375,5000002310,2017,1,1,0,0,0,261,,RUBY,DL00,RM00,,,,,,,,,0,0,,H,USD,4173.11,0,4173.11,,,,72,G,72,G,72,G,,,,,0,,,0,X,,,,,,NA00,,,,,,,,,,,,2017,,,US00,,0,,0,0,0,,0,2,,,,,,,,,B,,,,0,,,,,0,0,0,,,,,0,,0,0,0,,,,,0,,,,0,0,0,,,,,,,,,,,,,,,,,,,,,,,,,,,,,,,,,,,,,,,,,,,,,,,,,,,,,,,,,,,,,,,,,,,,,,,,,,,,,,,,,,,,,,,,,,,,
375,5000002311,2017,1,1,0,0,0,261,,RUSSIAN RUBY,DL00,RM00,,,,,,,,,0,0,,H,USD,859234.58,0,859234.58,,,,236,G,236,G,236,G,,,,,0,,,0,X,,,,,,NA00,,,,,,,,,,,,2017,,,US00,,0,,0,0,0,,0,2,,,,,,,,,B,,,,0,,,,,0,0,0,,,,,0,,0,0,0,,,,,0,,,,0,0,0,,,,,,,,,,,,,,,,,,,,,,,,,,,,,,,,,,,,,,,,,,,,,,,,,,,,,,,,,,,,,,,,,,,,,,,,,,,,,,,,,,,,,,,,,,,,
375,5000002312,2017,1,1,0,0,0,261,,RUSSIAN RUBY,DL00,RM00,,,,,,,,,0,0,,H,USD,1569195.35,0,1569195.35,,,,431,G,431,G,431,G,,,,,0,,,0,X,,,,,,NA00,,,,,,,,,,,,2017,,,US00,,0,,0,0,0,,0,2,,,,,,,,,B,,,,0,,,,,0,0,0,,,,,0,,0,0,0,,,,,0,,,,0,0,0,,,,,,,,,,,,,,,,,,,,,,,,,,,,,,,,,,,,,,,,,,,,,,,,,,,,,,,,,,,,,,,,,,,,,,,,,,,,,,,,,,,,,,,,,,,,
375,5000002313,2017,1,1,0,0,0,261,,RUSSIAN RUBY,DL00,RM00,,,,,,,,,0,0,,H,USD,2938145.35,0,2938145.35,,,,807,G,807,G,807,G,,,,,0,,,0,X,,,,,,NA00,,,,,,,,,,,,2017,,,US00,,0,,0,0,0,,0,2,,,,,,,,,B,,,,0,,,,,0,0,0,,,,,0,,0,0,0,,,,,0,,,,0,0,0,,,,,,,,,,,,,,,,,,,,,,,,,,,,,,,,,,,,,,,,,,,,,,,,,,,,,,,,,,,,,,,,,,,,,,,,,,,,,,,,,,,,,,,,,,,,
375,5000002314,2017,1,1,0,0,0,261,,RUSSIAN RUBY,DL00,RM00,,,,,,,,,0,0,,H,USD,5989156.26,0,5989156.26,,,,1645,G,1645,G,1645,G,,,,,0,,,0,X,,,,,,NA00,,,,,,,,,,,,2017,,,US00,,0,,0,0,0,,0,2,,,,,,,,,B,,,,0,,,,,0,0,0,,,,,0,,0,0,0,,,,,0,,,,0,0,0,,,,,,,,,,,,,,,,,,,,,,,,,,,,,,,,,,,,,,,,,,,,,,,,,,,,,,,,,,,,,,,,,,,,,,,,,,,,,,,,,,,,,,,,,,,,
375,5000002315,2017,1,1,0,0,0,261,,RUSSIAN RUBY,DL00,RM00,,,,,,,,,0,0,,H,USD,557046.14,0,557046.14,,,,153,G,153,G,153,G,,,,,0,,,0,X,,,,,,NA00,,,,,,,,,,,,2017,,,US00,,0,,0,0,0,,0,2,,,,,,,,,B,,,,0,,,,,0,0,0,,,,,0,,0,0,0,,,,,0,,,,0,0,0,,,,,,,,,,,,,,,,,,,,,,,,,,,,,,,,,,,,,,,,,,,,,,,,,,,,,,,,,,,,,,,,,,,,,,,,,,,,,,,,,,,,,,,,,,,,
375,5000002316,2017,1,1,0,0,0,261,,RUSSIAN RUBY,DL00,RM00,,,,,,,,,0,0,,H,USD,2144445.62,0,2144445.62,,,,589,G,589,G,589,G,,,,,0,,,0,X,,,,,,NA00,,,,,,,,,,,,2017,,,US00,,0,,0,0,0,,0,2,,,,,,,,,B,,,,0,,,,,0,0,0,,,,,0,,0,0,0,,,,,0,,,,0,0,0,,,,,,,,,,,,,,,,,,,,,,,,,,,,,,,,,,,,,,,,,,,,,,,,,,,,,,,,,,,,,,,,,,,,,,,,,,,,,,,,,,,,,,,,,,,,
375,5000002317,2017,1,1,0,0,0,261,,RUSSIAN RUBY,DL00,RM00,,,,,,,,,0,0,,H,USD,1015790.03,0,1015790.03,,,,279,G,279,G,279,G,,,,,0,,,0,X,,,,,,NA00,,,,,,,,,,,,2017,,,US00,,0,,0,0,0,,0,2,,,,,,,,,B,,,,0,,,,,0,0,0,,,,,0,,0,0,0,,,,,0,,,,0,0,0,,,,,,,,,,,,,,,,,,,,,,,,,,,,,,,,,,,,,,,,,,,,,,,,,,,,,,,,,,,,,,,,,,,,,,,,,,,,,,,,,,,,,,,,,,,,
375,5000002318,2017,1,1,0,0,0,261,,SA SAPPHIRE,DL00,RM00,,,,,,,,,0,0,,H,USD,963626.67,0,963626.67,,,,187,G,187,G,187,G,,,,,0,,,0,X,,,,,,NA00,,,,,,,,,,,,2017,,,US00,,0,,0,0,0,,0,2,,,,,,,,,B,,,,0,,,,,0,0,0,,,,,0,,0,0,0,,,,,0,,,,0,0,0,,,,,,,,,,,,,,,,,,,,,,,,,,,,,,,,,,,,,,,,,,,,,,,,,,,,,,,,,,,,,,,,,,,,,,,,,,,,,,,,,,,,,,,,,,,,
375,5000002319,2017,1,1,0,0,0,261,,SA SAPPHIRE,DL00,RM00,,,,,,,,,0,0,,H,USD,3272208.21,0,3272208.21,,,,635,G,635,G,635,G,,,,,0,,,0,X,,,,,,NA00,,,,,,,,,,,,2017,,,US00,,0,,0,0,0,,0,2,,,,,,,,,B,,,,0,,,,,0,0,0,,,,,0,,0,0,0,,,,,0,,,,0,0,0,,,,,,,,,,,,,,,,,,,,,,,,,,,,,,,,,,,,,,,,,,,,,,,,,,,,,,,,,,,,,,,,,,,,,,,,,,,,,,,,,,,,,,,,,,,,
375,5000002320,2017,1,1,0,0,0,261,,SA SAPPHIRE,DL00,RM00,,,,,,,,,0,0,,H,USD,242194.94,0,242194.94,,,,47,G,47,G,47,G,,,,,0,,,0,X,,,,,,NA00,,,,,,,,,,,,2017,,,US00,,0,,0,0,0,,0,2,,,,,,,,,B,,,,0,,,,,0,0,0,,,,,0,,0,0,0,,,,,0,,,,0,0,0,,,,,,,,,,,,,,,,,,,,,,,,,,,,,,,,,,,,,,,,,,,,,,,,,,,,,,,,,,,,,,,,,,,,,,,,,,,,,,,,,,,,,,,,,,,,
375,5000002321,2017,1,1,0,0,0,261,,SA SAPPHIRE,DL00,RM00,,,,,,,,,0,0,,H,USD,1149137.69,0,1149137.69,,,,223,G,223,G,223,G,,,,,0,,,0,X,,,,,,NA00,,,,,,,,,,,,2017,,,US00,,0,,0,0,0,,0,2,,,,,,,,,B,,,,0,,,,,0,0,0,,,,,0,,0,0,0,,,,,0,,,,0,0,0,,,,,,,,,,,,,,,,,,,,,,,,,,,,,,,,,,,,,,,,,,,,,,,,,,,,,,,,,,,,,,,,,,,,,,,,,,,,,,,,,,,,,,,,,,,,
375,5000002322,2017,1,1,0,0,0,261,,SA SAPPHIRE,DL00,RM00,,,,,,,,,0,0,,H,USD,5467421.91,0,5467421.91,,,,1061,G,1061,G,1061,G,,,,,0,,,0,X,,,,,,NA00,,,,,,,,,,,,2017,,,US00,,0,,0,0,0,,0,2,,,,,,,,,B,,,,0,,,,,0,0,0,,,,,0,,0,0,0,,,,,0,,,,0,0,0,,,,,,,,,,,,,,,,,,,,,,,,,,,,,,,,,,,,,,,,,,,,,,,,,,,,,,,,,,,,,,,,,,,,,,,,,,,,,,,,,,,,,,,,,,,,
375,5000002323,2017,1,1,0,0,0,261,,SILVER,DL00,RM00,,,,,,,,,0,0,,H,USD,35066.16,0,35066.16,,,,3710,LB,3710,LB,3710,LB,,,,,0,,,0,X,,,,,,NA00,,,,,,,,,,,,2017,,,US00,,0,,0,0,0,,0,2,,,,,,,,,B,,,,0,,,,,0,0,0,,,,,0,,0,0,0,,,,,0,,,,0,0,0,,,,,,,,,,,,,,,,,,,,,,,,,,,,,,,,,,,,,,,,,,,,,,,,,,,,,,,,,,,,,,,,,,,,,,,,,,,,,,,,,,,,,,,,,,,,
375,5000002324,2017,1,1,0,0,0,261,,SILVER,DL00,RM00,,,,,,,,,0,0,,H,USD,5869.57,0,5869.57,,,,621,LB,621,LB,621,LB,,,,,0,,,0,X,,,,,,NA00,,,,,,,,,,,,2017,,,US00,,0,,0,0,0,,0,2,,,,,,,,,B,,,,0,,,,,0,0,0,,,,,0,,0,0,0,,,,,0,,,,0,0,0,,,,,,,,,,,,,,,,,,,,,,,,,,,,,,,,,,,,,,,,,,,,,,,,,,,,,,,,,,,,,,,,,,,,,,,,,,,,,,,,,,,,,,,,,,,,
375,5000002325,2017,1,1,0,0,0,261,,SILVER,DL00,RM00,,,,,,,,,0,0,,H,USD,86361.06,0,86361.06,,,,9137,LB,9137,LB,9137,LB,,,,,0,,,0,X,,,,,,NA00,,,,,,,,,,,,2017,,,US00,,0,,0,0,0,,0,2,,,,,,,,,B,,,,0,,,,,0,0,0,,,,,0,,0,0,0,,,,,0,,,,0,0,0,,,,,,,,,,,,,,,,,,,,,,,,,,,,,,,,,,,,,,,,,,,,,,,,,,,,,,,,,,,,,,,,,,,,,,,,,,,,,,,,,,,,,,,,,,,,
375,5000002326,2017,1,1,0,0,0,261,,SILVER,DL00,RM00,,,,,,,,,0,0,,H,USD,60831.76,0,60831.76,,,,6436,LB,6436,LB,6436,LB,,,,,0,,,0,X,,,,,,NA00,,,,,,,,,,,,2017,,,US00,,0,,0,0,0,,0,2,,,,,,,,,B,,,,0,,,,,0,0,0,,,,,0,,0,0,0,,,,,0,,,,0,0,0,,,,,,,,,,,,,,,,,,,,,,,,,,,,,,,,,,,,,,,,,,,,,,,,,,,,,,,,,,,,,,,,,,,,,,,,,,,,,,,,,,,,,,,,,,,,
375,5000002327,2017,1,1,0,0,0,261,,SWISS SAPPHIRE,DL00,RM00,,,,,,,,,0,0,,H,USD,2708333.33,0,2708333.33,,,,182,G,182,G,182,G,,,,,0,,,0,X,,,,,,NA00,,,,,,,,,,,,2017,,,US00,,0,,0,0,0,,0,2,,,,,,,,,B,,,,0,,,,,0,0,0,,,,,0,,0,0,0,,,,,0,,,,0,0,0,,,,,,,,,,,,,,,,,,,,,,,,,,,,,,,,,,,,,,,,,,,,,,,,,,,,,,,,,,,,,,,,,,,,,,,,,,,,,,,,,,,,,,,,,,,,
375,5000002328,2017,1,1,0,0,0,261,,SWISS SAPPHIRE,DL00,RM00,,,,,,,,,0,0,,H,USD,148809.52,0,148809.52,,,,10,G,10,G,10,G,,,,,0,,,0,X,,,,,,NA00,,,,,,,,,,,,2017,,,US00,,0,,0,0,0,,0,2,,,,,,,,,B,,,,0,,,,,0,0,0,,,,,0,,0,0,0,,,,,0,,,,0,0,0,,,,,,,,,,,,,,,,,,,,,,,,,,,,,,,,,,,,,,,,,,,,,,,,,,,,,,,,,,,,,,,,,,,,,,,,,,,,,,,,,,,,,,,,,,,,
375,5000002329,2017,1,1,0,0,0,261,,SWISS SAPPHIRE,DL00,RM00,,,,,,,,,0,0,,H,USD,252976.19,0,252976.19,,,,17,G,17,G,17,G,,,,,0,,,0,X,,,,,,NA00,,,,,,,,,,,,2017,,,US00,,0,,0,0,0,,0,2,,,,,,,,,B,,,,0,,,,,0,0,0,,,,,0,,0,0,0,,,,,0,,,,0,0,0,,,,,,,,,,,,,,,,,,,,,,,,,,,,,,,,,,,,,,,,,,,,,,,,,,,,,,,,,,,,,,,,,,,,,,,,,,,,,,,,,,,,,,,,,,,,
375,5000002330,2017,1,1,0,0,0,261,,SWISS SAPPHIRE,DL00,RM00,,,,,,,,,0,0,,H,USD,922619.05,0,922619.05,,,,62,G,62,G,62,G,,,,,0,,,0,X,,,,,,NA00,,,,,,,,,,,,2017,,,US00,,0,,0,0,0,,0,2,,,,,,,,,B,,,,0,,,,,0,0,0,,,,,0,,0,0,0,,,,,0,,,,0,0,0,,,,,,,,,,,,,,,,,,,,,,,,,,,,,,,,,,,,,,,,,,,,,,,,,,,,,,,,,,,,,,,,,,,,,,,,,,,,,,,,,,,,,,,,,,,,
375,5000002331,2017,1,1,0,0,0,261,,SWISS SAPPHIRE,DL00,RM00,,,,,,,,,0,0,,H,USD,1741071.43,0,1741071.43,,,,117,G,117,G,117,G,,,,,0,,,0,X,,,,,,NA00,,,,,,,,,,,,2017,,,US00,,0,,0,0,0,,0,2,,,,,,,,,B,,,,0,,,,,0,0,0,,,,,0,,0,0,0,,,,,0,,,,0,0,0,,,,,,,,,,,,,,,,,,,,,,,,,,,,,,,,,,,,,,,,,,,,,,,,,,,,,,,,,,,,,,,,,,,,,,,,,,,,,,,,,,,,,,,,,,,,
375,5000002332,2017,1,1,0,0,0,261,,SWISS SAPPHIRE,DL00,RM00,,,,,,,,,0,0,,H,USD,104166.67,0,104166.67,,,,7,G,7,G,7,G,,,,,0,,,0,X,,,,,,NA00,,,,,,,,,,,,2017,,,US00,,0,,0,0,0,,0,2,,,,,,,,,B,,,,0,,,,,0,0,0,,,,,0,,0,0,0,,,,,0,,,,0,0,0,,,,,,,,,,,,,,,,,,,,,,,,,,,,,,,,,,,,,,,,,,,,,,,,,,,,,,,,,,,,,,,,,,,,,,,,,,,,,,,,,,,,,,,,,,,,
375,5000002333,2017,1,1,0,0,0,261,,SWISS SAPPHIRE,DL00,RM00,,,,,,,,,0,0,,H,USD,1205357.14,0,1205357.14,,,,81,G,81,G,81,G,,,,,0,,,0,X,,,,,,NA00,,,,,,,,,,,,2017,,,US00,,0,,0,0,0,,0,2,,,,,,,,,B,,,,0,,,,,0,0,0,,,,,0,,0,0,0,,,,,0,,,,0,0,0,,,,,,,,,,,,,,,,,,,,,,,,,,,,,,,,,,,,,,,,,,,,,,,,,,,,,,,,,,,,,,,,,,,,,,,,,,,,,,,,,,,,,,,,,,,,
375,5000002334,2017,1,1,0,0,0,261,,SWISS SAPPHIRE,DL00,RM00,,,,,,,,,0,0,,H,USD,401785.71,0,401785.71,,,,27,G,27,G,27,G,,,,,0,,,0,X,,,,,,NA00,,,,,,,,,,,,2017,,,US00,,0,,0,0,0,,0,2,,,,,,,,,B,,,,0,,,,,0,0,0,,,,,0,,0,0,0,,,,,0,,,,0,0,0,,,,,,,,,,,,,,,,,,,,,,,,,,,,,,,,,,,,,,,,,,,,,,,,,,,,,,,,,,,,,,,,,,,,,,,,,,,,,,,,,,,,,,,,,,,,
375,5000002335,2017,1,1,0,0,0,261,,SWISS SAPPHIRE,DL00,RM00,,,,,,,,,0,0,,H,USD,1235119.05,0,1235119.05,,,,83,G,83,G,83,G,,,,,0,,,0,X,,,,,,NA00,,,,,,,,,,,,2017,,,US00,,0,,0,0,0,,0,2,,,,,,,,,B,,,,0,,,,,0,0,0,,,,,0,,0,0,0,,,,,0,,,,0,0,0,,,,,,,,,,,,,,,,,,,,,,,,,,,,,,,,,,,,,,,,,,,,,,,,,,,,,,,,,,,,,,,,,,,,,,,,,,,,,,,,,,,,,,,,,,,,
375,5000002336,2017,1,1,0,0,0,261,,TEST,DL00,RM00,,,,,,,,,0,0,,H,USD,11987.44,0,11987.44,,,,993,LB,993,LB,993,LB,,,,,0,,,0,X,,,,,,NA00,,,,,,,,,,,,2017,,,US00,,0,,0,0,0,,0,2,,,,,,,,,B,,,,0,,,,,0,0,0,,,,,0,,0,0,0,,,,,0,,,,0,0,0,,,,,,,,,,,,,,,,,,,,,,,,,,,,,,,,,,,,,,,,,,,,,,,,,,,,,,,,,,,,,,,,,,,,,,,,,,,,,,,,,,,,,,,,,,,,
375,5000002337,2017,1,1,0,0,0,261,,TEST,DL00,RM00,,,,,,,,,0,0,,H,USD,49289.73,0,49289.73,,,,4083,LB,4083,LB,4083,LB,,,,,0,,,0,X,,,,,,NA00,,,,,,,,,,,,2017,,,US00,,0,,0,0,0,,0,2,,,,,,,,,B,,,,0,,,,,0,0,0,,,,,0,,0,0,0,,,,,0,,,,0,0,0,,,,,,,,,,,,,,,,,,,,,,,,,,,,,,,,,,,,,,,,,,,,,,,,,,,,,,,,,,,,,,,,,,,,,,,,,,,,,,,,,,,,,,,,,,,,
375,5000002338,2017,1,1,0,0,0,261,,TEST,DL00,RM00,,,,,,,,,0,0,,H,USD,126405.27,0,126405.27,,,,10471,LB,10471,LB,10471,LB,,,,,0,,,0,X,,,,,,NA00,,,,,,,,,,,,2017,,,US00,,0,,0,0,0,,0,2,,,,,,,,,B,,,,0,,,,,0,0,0,,,,,0,,0,0,0,,,,,0,,,,0,0,0,,,,,,,,,,,,,,,,,,,,,,,,,,,,,,,,,,,,,,,,,,,,,,,,,,,,,,,,,,,,,,,,,,,,,,,,,,,,,,,,,,,,,,,,,,,,
375,5000002339,2017,1,1,0,0,0,261,,TEST,DL00,RM00,,,,,,,,,0,0,,H,USD,68508.25,0,68508.25,,,,5675,LB,5675,LB,5675,LB,,,,,0,,,0,X,,,,,,NA00,,,,,,,,,,,,2017,,,US00,,0,,0,0,0,,0,2,,,,,,,,,B,,,,0,,,,,0,0,0,,,,,0,,0,0,0,,,,,0,,,,0,0,0,,,,,,,,,,,,,,,,,,,,,,,,,,,,,,,,,,,,,,,,,,,,,,,,,,,,,,,,,,,,,,,,,,,,,,,,,,,,,,,,,,,,,,,,,,,,
375,5000002340,2017,1,1,0,0,0,261,,WALLET,DL00,RM00,,,,,,,,,0,0,,H,USD,17.95,0,17.95,,,,787,LB,787,LB,787,LB,,,,,0,,,0,X,,,,,,NA00,,,,,,,,,,,,2017,,,US00,,0,,0,0,0,,0,2,,,,,,,,,B,,,,0,,,,,0,0,0,,,,,0,,0,0,0,,,,,0,,,,0,0,0,,,,,,,,,,,,,,,,,,,,,,,,,,,,,,,,,,,,,,,,,,,,,,,,,,,,,,,,,,,,,,,,,,,,,,,,,,,,,,,,,,,,,,,,,,,,
375,5000002341,2017,1,1,0,0,0,261,,WALLET,DL00,RM00,,,,,,,,,0,0,,H,USD,28.80,0,28.80,,,,1263,LB,1263,LB,1263,LB,,,,,0,,,0,X,,,,,,NA00,,,,,,,,,,,,2017,,,US00,,0,,0,0,0,,0,2,,,,,,,,,B,,,,0,,,,,0,0,0,,,,,0,,0,0,0,,,,,0,,,,0,0,0,,,,,,,,,,,,,,,,,,,,,,,,,,,,,,,,,,,,,,,,,,,,,,,,,,,,,,,,,,,,,,,,,,,,,,,,,,,,,,,,,,,,,,,,,,,,
375,5000002342,2017,1,1,0,0,0,261,,WALLET,DL00,RM00,,,,,,,,,0,0,,H,USD,44.42,0,44.42,,,,1948,LB,1948,LB,1948,LB,,,,,0,,,0,X,,,,,,NA00,,,,,,,,,,,,2017,,,US00,,0,,0,0,0,,0,2,,,,,,,,,B,,,,0,,,,,0,0,0,,,,,0,,0,0,0,,,,,0,,,,0,0,0,,,,,,,,,,,,,,,,,,,,,,,,,,,,,,,,,,,,,,,,,,,,,,,,,,,,,,,,,,,,,,,,,,,,,,,,,,,,,,,,,,,,,,,,,,,,
375,5000002343,2017,1,1,0,0,0,261,,WALLET,DL00,RM00,,,,,,,,,0,0,,H,USD,37.92,0,37.92,,,,1663,LB,1663,LB,1663,LB,,,,,0,,,0,X,,,,,,NA00,,,,,,,,,,,,2017,,,US00,,0,,0,0,0,,0,2,,,,,,,,,B,,,,0,,,,,0,0,0,,,,,0,,0,0,0,,,,,0,,,,0,0,0,,,,,,,,,,,,,,,,,,,,,,,,,,,,,,,,,,,,,,,,,,,,,,,,,,,,,,,,,,,,,,,,,,,,,,,,,,,,,,,,,,,,,,,,,,,,
375,5000002344,2017,1,1,0,0,0,261,,WALLET,DL00,RM00,,,,,,,,,0,0,,H,USD,14.09,0,14.09,,,,618,LB,618,LB,618,LB,,,,,0,,,0,X,,,,,,NA00,,,,,,,,,,,,2017,,,US00,,0,,0,0,0,,0,2,,,,,,,,,B,,,,0,,,,,0,0,0,,,,,0,,0,0,0,,,,,0,,,,0,0,0,,,,,,,,,,,,,,,,,,,,,,,,,,,,,,,,,,,,,,,,,,,,,,,,,,,,,,,,,,,,,,,,,,,,,,,,,,,,,,,,,,,,,,,,,,,,
375,5000002345,2017,1,1,0,0,0,261,,WALLET,DL00,RM00,,,,,,,,,0,0,,H,USD,5.59,0,5.59,,,,245,LB,245,LB,245,LB,,,,,0,,,0,X,,,,,,NA00,,,,,,,,,,,,2017,,,US00,,0,,0,0,0,,0,2,,,,,,,,,B,,,,0,,,,,0,0,0,,,,,0,,0,0,0,,,,,0,,,,0,0,0,,,,,,,,,,,,,,,,,,,,,,,,,,,,,,,,,,,,,,,,,,,,,,,,,,,,,,,,,,,,,,,,,,,,,,,,,,,,,,,,,,,,,,,,,,,,
375,5000002346,2017,1,1,0,0,0,261,,WALLET,DL00,RM00,,,,,,,,,0,0,,H,USD,34.53,0,34.53,,,,1514,LB,1514,LB,1514,LB,,,,,0,,,0,X,,,,,,NA00,,,,,,,,,,,,2017,,,US00,,0,,0,0,0,,0,2,,,,,,,,,B,,,,0,,,,,0,0,0,,,,,0,,0,0,0,,,,,0,,,,0,0,0,,,,,,,,,,,,,,,,,,,,,,,,,,,,,,,,,,,,,,,,,,,,,,,,,,,,,,,,,,,,,,,,,,,,,,,,,,,,,,,,,,,,,,,,,,,,
375,5000002347,2017,1,1,0,0,0,261,,ZTESTHEXNT,DL00,RM00,,,,,,,,,0,0,,H,USD,166622.89,0,166622.89,,,,30116,LB,30116,LB,30116,LB,,,,,0,,,0,X,,,,,,NA00,,,,,,,,,,,,2017,,,US00,,0,,0,0,0,,0,2,,,,,,,,,B,,,,0,,,,,0,0,0,,,,,0,,0,0,0,,,,,0,,,,0,0,0,,,,,,,,,,,,,,,,,,,,,,,,,,,,,,,,,,,,,,,,,,,,,,,,,,,,,,,,,,,,,,,,,,,,,,,,,,,,,,,,,,,,,,,,,,,,
375,5000002348,2017,1,1,0,0,0,261,,ZTESTHEXNT,DL00,RM00,,,,,,,,,0,0,,H,USD,19054.63,0,19054.63,,,,3444,LB,3444,LB,3444,LB,,,,,0,,,0,X,,,,,,NA00,,,,,,,,,,,,2017,,,US00,,0,,0,0,0,,0,2,,,,,,,,,B,,,,0,,,,,0,0,0,,,,,0,,0,0,0,,,,,0,,,,0,0,0,,,,,,,,,,,,,,,,,,,,,,,,,,,,,,,,,,,,,,,,,,,,,,,,,,,,,,,,,,,,,,,,,,,,,,,,,,,,,,,,,,,,,,,,,,,,
375,5000002349,2017,1,1,0,0,0,261,,ZTESTHEXNT,DL00,RM00,,,,,,,,,0,0,,H,USD,220063.27,0,220063.27,,,,39775,LB,39775,LB,39775,LB,,,,,0,,,0,X,,,,,,NA00,,,,,,,,,,,,2017,,,US00,,0,,0,0,0,,0,2,,,,,,,,,B,,,,0,,,,,0,0,0,,,,,0,,0,0,0,,,,,0,,,,0,0,0,,,,,,,,,,,,,,,,,,,,,,,,,,,,,,,,,,,,,,,,,,,,,,,,,,,,,,,,,,,,,,,,,,,,,,,,,,,,,,,,,,,,,,,,,,,,
375,5000002350,2017,1,1,0,0,0,261,,AAA LUBE,MI00,RM00,,,,,,,,,0,0,,H,USD,219740.26,0,219740.26,,,,47,DR,47,DR,47,DR,,,,,0,,,0,X,,,,,,NA00,,,,,,,,,,,,2017,,,US00,,0,,0,0,0,,0,2,,,,,,,,,B,,,,0,,,,,0,0,0,,,,,0,,0,0,0,,,,,0,,,,0,0,0,,,,,,,,,,,,,,,,,,,,,,,,,,,,,,,,,,,,,,,,,,,,,,,,,,,,,,,,,,,,,,,,,,,,,,,,,,,,,,,,,,,,,,,,,,,,
375,5000002351,2017,1,1,0,0,0,261,,AAA LUBE,MI00,RM00,,,,,,,,,0,0,,H,USD,4675.32,0,4675.32,,,,1,DR,1,DR,1,DR,,,,,0,,,0,X,,,,,,NA00,,,,,,,,,,,,2017,,,US00,,0,,0,0,0,,0,2,,,,,,,,,B,,,,0,,,,,0,0,0,,,,,0,,0,0,0,,,,,0,,,,0,0,0,,,,,,,,,,,,,,,,,,,,,,,,,,,,,,,,,,,,,,,,,,,,,,,,,,,,,,,,,,,,,,,,,,,,,,,,,,,,,,,,,,,,,,,,,,,,
375,5000002352,2017,1,1,0,0,0,261,,AAA LUBE,MI00,RM00,,,,,,,,,0,0,,H,USD,116883.12,0,116883.12,,,,25,DR,25,DR,25,DR,,,,,0,,,0,X,,,,,,NA00,,,,,,,,,,,,2017,,,US00,,0,,0,0,0,,0,2,,,,,,,,,B,,,,0,,,,,0,0,0,,,,,0,,0,0,0,,,,,0,,,,0,0,0,,,,,,,,,,,,,,,,,,,,,,,,,,,,,,,,,,,,,,,,,,,,,,,,,,,,,,,,,,,,,,,,,,,,,,,,,,,,,,,,,,,,,,,,,,,,
375,5000002353,2017,1,1,0,0,0,261,,ADAMANTIUM,MI00,RM00,,,,,,,,,0,0,,H,USD,84462.49,0,84462.49,,,,323,LB,323,LB,323,LB,,,,,0,,,0,X,,,,,,NA00,,,,,,,,,,,,2017,,,US00,,0,,0,0,0,,0,2,,,,,,,,,B,,,,0,,,,,0,0,0,,,,,0,,0,0,0,,,,,0,,,,0,0,0,,,,,,,,,,,,,,,,,,,,,,,,,,,,,,,,,,,,,,,,,,,,,,,,,,,,,,,,,,,,,,,,,,,,,,,,,,,,,,,,,,,,,,,,,,,,
375,5000002354,2017,1,1,0,0,0,261,,ADAMANTIUM,MI00,RM00,,,,,,,,,0,0,,H,USD,1698140.60,0,1698140.60,,,,6494,LB,6494,LB,6494,LB,,,,,0,,,0,X,,,,,,NA00,,,,,,,,,,,,2017,,,US00,,0,,0,0,0,,0,2,,,,,,,,,B,,,,0,,,,,0,0,0,,,,,0,,0,0,0,,,,,0,,,,0,0,0,,,,,,,,,,,,,,,,,,,,,,,,,,,,,,,,,,,,,,,,,,,,,,,,,,,,,,,,,,,,,,,,,,,,,,,,,,,,,,,,,,,,,,,,,,,,
375,5000002355,2017,1,1,0,0,0,261,,ADAMANTIUM,MI00,RM00,,,,,,,,,0,0,,H,USD,509651.38,0,509651.38,,,,1949,LB,1949,LB,1949,LB,,,,,0,,,0,X,,,,,,NA00,,,,,,,,,,,,2017,,,US00,,0,,0,0,0,,0,2,,,,,,,,,B,,,,0,,,,,0,0,0,,,,,0,,0,0,0,,,,,0,,,,0,0,0,,,,,,,,,,,,,,,,,,,,,,,,,,,,,,,,,,,,,,,,,,,,,,,,,,,,,,,,,,,,,,,,,,,,,,,,,,,,,,,,,,,,,,,,,,,,
375,5000002356,2017,1,1,0,0,0,261,,ADAMANTIUM,MI00,RM00,,,,,,,,,0,0,,H,USD,338895.94,0,338895.94,,,,1296,LB,1296,LB,1296,LB,,,,,0,,,0,X,,,,,,NA00,,,,,,,,,,,,2017,,,US00,,0,,0,0,0,,0,2,,,,,,,,,B,,,,0,,,,,0,0,0,,,,,0,,0,0,0,,,,,0,,,,0,0,0,,,,,,,,,,,,,,,,,,,,,,,,,,,,,,,,,,,,,,,,,,,,,,,,,,,,,,,,,,,,,,,,,,,,,,,,,,,,,,,,,,,,,,,,,,,,
375,5000002357,2017,1,1,0,0,0,261,,ADAMANTIUM,MI00,RM00,,,,,,,,,0,0,,H,USD,885679.43,0,885679.43,,,,3387,LB,3387,LB,3387,LB,,,,,0,,,0,X,,,,,,NA00,,,,,,,,,,,,2017,,,US00,,0,,0,0,0,,0,2,,,,,,,,,B,,,,0,,,,,0,0,0,,,,,0,,0,0,0,,,,,0,,,,0,0,0,,,,,,,,,,,,,,,,,,,,,,,,,,,,,,,,,,,,,,,,,,,,,,,,,,,,,,,,,,,,,,,,,,,,,,,,,,,,,,,,,,,,,,,,,,,,
375,5000002358,2017,1,1,0,0,0,261,,ADAMANTIUM,MI00,RM00,,,,,,,,,0,0,,H,USD,545214.53,0,545214.53,,,,2085,LB,2085,LB,2085,LB,,,,,0,,,0,X,,,,,,NA00,,,,,,,,,,,,2017,,,US00,,0,,0,0,0,,0,2,,,,,,,,,B,,,,0,,,,,0,0,0,,,,,0,,0,0,0,,,,,0,,,,0,0,0,,,,,,,,,,,,,,,,,,,,,,,,,,,,,,,,,,,,,,,,,,,,,,,,,,,,,,,,,,,,,,,,,,,,,,,,,,,,,,,,,,,,,,,,,,,,
375,5000002359,2017,1,1,0,0,0,261,,ADAMANTIUM,MI00,RM00,,,,,,,,,0,0,,H,USD,237436.35,0,237436.35,,,,908,LB,908,LB,908,LB,,,,,0,,,0,X,,,,,,NA00,,,,,,,,,,,,2017,,,US00,,0,,0,0,0,,0,2,,,,,,,,,B,,,,0,,,,,0,0,0,,,,,0,,0,0,0,,,,,0,,,,0,0,0,,,,,,,,,,,,,,,,,,,,,,,,,,,,,,,,,,,,,,,,,,,,,,,,,,,,,,,,,,,,,,,,,,,,,,,,,,,,,,,,,,,,,,,,,,,,
375,5000002360,2017,1,1,0,0,0,261,,ADAMANTIUM,MI00,RM00,,,,,,,,,0,0,,H,USD,1715922.18,0,1715922.18,,,,6562,LB,6562,LB,6562,LB,,,,,0,,,0,X,,,,,,NA00,,,,,,,,,,,,2017,,,US00,,0,,0,0,0,,0,2,,,,,,,,,B,,,,0,,,,,0,0,0,,,,,0,,0,0,0,,,,,0,,,,0,0,0,,,,,,,,,,,,,,,,,,,,,,,,,,,,,,,,,,,,,,,,,,,,,,,,,,,,,,,,,,,,,,,,,,,,,,,,,,,,,,,,,,,,,,,,,,,,
375,5000002361,2017,1,1,0,0,0,261,,ANGOLAN AMETHYST,MI00,RM00,,,,,,,,,0,0,,H,USD,2901338.32,0,2901338.32,,,,945,G,945,G,945,G,,,,,0,,,0,X,,,,,,NA00,,,,,,,,,,,,2017,,,US00,,0,,0,0,0,,0,2,,,,,,,,,B,,,,0,,,,,0,0,0,,,,,0,,0,0,0,,,,,0,,,,0,0,0,,,,,,,,,,,,,,,,,,,,,,,,,,,,,,,,,,,,,,,,,,,,,,,,,,,,,,,,,,,,,,,,,,,,,,,,,,,,,,,,,,,,,,,,,,,,
375,5000002362,2017,1,1,0,0,0,261,,ANGOLAN AMETHYST,MI00,RM00,,,,,,,,,0,0,,H,USD,749128.62,0,749128.62,,,,244,G,244,G,244,G,,,,,0,,,0,X,,,,,,NA00,,,,,,,,,,,,2017,,,US00,,0,,0,0,0,,0,2,,,,,,,,,B,,,,0,,,,,0,0,0,,,,,0,,0,0,0,,,,,0,,,,0,0,0,,,,,,,,,,,,,,,,,,,,,,,,,,,,,,,,,,,,,,,,,,,,,,,,,,,,,,,,,,,,,,,,,,,,,,,,,,,,,,,,,,,,,,,,,,,,
375,5000002363,2017,1,1,0,0,0,261,,ANGOLAN AMETHYST,MI00,RM00,,,,,,,,,0,0,,H,USD,359213.32,0,359213.32,,,,117,G,117,G,117,G,,,,,0,,,0,X,,,,,,NA00,,,,,,,,,,,,2017,,,US00,,0,,0,0,0,,0,2,,,,,,,,,B,,,,0,,,,,0,0,0,,,,,0,,0,0,0,,,,,0,,,,0,0,0,,,,,,,,,,,,,,,,,,,,,,,,,,,,,,,,,,,,,,,,,,,,,,,,,,,,,,,,,,,,,,,,,,,,,,,,,,,,,,,,,,,,,,,,,,,,
375,5000002364,2017,1,1,0,0,0,261,,ANGOLAN AMETHYST,MI00,RM00,,,,,,,,,0,0,,H,USD,914919.38,0,914919.38,,,,298,G,298,G,298,G,,,,,0,,,0,X,,,,,,NA00,,,,,,,,,,,,2017,,,US00,,0,,0,0,0,,0,2,,,,,,,,,B,,,,0,,,,,0,0,0,,,,,0,,0,0,0,,,,,0,,,,0,0,0,,,,,,,,,,,,,,,,,,,,,,,,,,,,,,,,,,,,,,,,,,,,,,,,,,,,,,,,,,,,,,,,,,,,,,,,,,,,,,,,,,,,,,,,,,,,
375,5000002365,2017,1,1,0,0,0,261,,ANGOLAN AMETHYST,MI00,RM00,,,,,,,,,0,0,,H,USD,653952.45,0,653952.45,,,,213,G,213,G,213,G,,,,,0,,,0,X,,,,,,NA00,,,,,,,,,,,,2017,,,US00,,0,,0,0,0,,0,2,,,,,,,,,B,,,,0,,,,,0,0,0,,,,,0,,0,0,0,,,,,0,,,,0,0,0,,,,,,,,,,,,,,,,,,,,,,,,,,,,,,,,,,,,,,,,,,,,,,,,,,,,,,,,,,,,,,,,,,,,,,,,,,,,,,,,,,,,,,,,,,,,
375,5000002366,2017,1,1,0,0,0,261,,ANGOLAN AMETHYST,MI00,RM00,,,,,,,,,0,0,,H,USD,396055.71,0,396055.71,,,,129,G,129,G,129,G,,,,,0,,,0,X,,,,,,NA00,,,,,,,,,,,,2017,,,US00,,0,,0,0,0,,0,2,,,,,,,,,B,,,,0,,,,,0,0,0,,,,,0,,0,0,0,,,,,0,,,,0,0,0,,,,,,,,,,,,,,,,,,,,,,,,,,,,,,,,,,,,,,,,,,,,,,,,,,,,,,,,,,,,,,,,,,,,,,,,,,,,,,,,,,,,,,,,,,,,
375,5000002367,2017,1,1,0,0,0,261,,AUSTRALIAN AMETHYST,MI00,RM00,,,,,,,,,0,0,,H,USD,1159465.02,0,1159465.02,,,,161,G,161,G,161,G,,,,,0,,,0,X,,,,,,NA00,,,,,,,,,,,,2017,,,US00,,0,,0,0,0,,0,2,,,,,,,,,B,,,,0,,,,,0,0,0,,,,,0,,0,0,0,,,,,0,,,,0,0,0,,,,,,,,,,,,,,,,,,,,,,,,,,,,,,,,,,,,,,,,,,,,,,,,,,,,,,,,,,,,,,,,,,,,,,,,,,,,,,,,,,,,,,,,,,,,
375,5000002368,2017,1,1,0,0,0,261,,AUSTRALIAN AMETHYST,MI00,RM00,,,,,,,,,0,0,,H,USD,194444.44,0,194444.44,,,,27,G,27,G,27,G,,,,,0,,,0,X,,,,,,NA00,,,,,,,,,,,,2017,,,US00,,0,,0,0,0,,0,2,,,,,,,,,B,,,,0,,,,,0,0,0,,,,,0,,0,0,0,,,,,0,,,,0,0,0,,,,,,,,,,,,,,,,,,,,,,,,,,,,,,,,,,,,,,,,,,,,,,,,,,,,,,,,,,,,,,,,,,,,,,,,,,,,,,,,,,,,,,,,,,,,
375,5000002369,2017,1,1,0,0,0,261,,AUSTRALIAN AMETHYST,MI00,RM00,,,,,,,,,0,0,,H,USD,4537037.04,0,4537037.04,,,,630,G,630,G,630,G,,,,,0,,,0,X,,,,,,NA00,,,,,,,,,,,,2017,,,US00,,0,,0,0,0,,0,2,,,,,,,,,B,,,,0,,,,,0,0,0,,,,,0,,0,0,0,,,,,0,,,,0,0,0,,,,,,,,,,,,,,,,,,,,,,,,,,,,,,,,,,,,,,,,,,,,,,,,,,,,,,,,,,,,,,,,,,,,,,,,,,,,,,,,,,,,,,,,,,,,
375,5000002370,2017,1,1,0,0,0,261,,AUSTRALIAN AMETHYST,MI00,RM00,,,,,,,,,0,0,,H,USD,540123.46,0,540123.46,,,,75,G,75,G,75,G,,,,,0,,,0,X,,,,,,NA00,,,,,,,,,,,,2017,,,US00,,0,,0,0,0,,0,2,,,,,,,,,B,,,,0,,,,,0,0,0,,,,,0,,0,0,0,,,,,0,,,,0,0,0,,,,,,,,,,,,,,,,,,,,,,,,,,,,,,,,,,,,,,,,,,,,,,,,,,,,,,,,,,,,,,,,,,,,,,,,,,,,,,,,,,,,,,,,,,,,
375,5000002371,2017,1,1,0,0,0,261,,BLUEPAINT,MI00,RM00,,,,,,,,,0,0,,H,USD,118601.82,0,118601.82,,,,1963,L,1963,L,1963,L,,,,,0,,,0,X,,,,,,NA00,,,,,,,,,,,,2017,,,US00,,0,,0,0,0,,0,2,,,,,,,,,B,,,,0,,,,,0,0,0,,,,,0,,0,0,0,,,,,0,,,,0,0,0,,,,,,,,,,,,,,,,,,,,,,,,,,,,,,,,,,,,,,,,,,,,,,,,,,,,,,,,,,,,,,,,,,,,,,,,,,,,,,,,,,,,,,,,,,,,
375,5000002372,2017,1,1,0,0,0,261,,BLUEPAINT,MI00,RM00,,,,,,,,,0,0,,H,USD,247233.13,0,247233.13,,,,4092,L,4092,L,4092,L,,,,,0,,,0,X,,,,,,NA00,,,,,,,,,,,,2017,,,US00,,0,,0,0,0,,0,2,,,,,,,,,B,,,,0,,,,,0,0,0,,,,,0,,0,0,0,,,,,0,,,,0,0,0,,,,,,,,,,,,,,,,,,,,,,,,,,,,,,,,,,,,,,,,,,,,,,,,,,,,,,,,,,,,,,,,,,,,,,,,,,,,,,,,,,,,,,,,,,,,
375,5000002373,2017,1,1,0,0,0,261,,BLUEPAINT,MI00,RM00,,,,,,,,,0,0,,H,USD,693666.55,0,693666.55,,,,11481,L,11481,L,11481,L,,,,,0,,,0,X,,,,,,NA00,,,,,,,,,,,,2017,,,US00,,0,,0,0,0,,0,2,,,,,,,,,B,,,,0,,,,,0,0,0,,,,,0,,0,0,0,,,,,0,,,,0,0,0,,,,,,,,,,,,,,,,,,,,,,,,,,,,,,,,,,,,,,,,,,,,,,,,,,,,,,,,,,,,,,,,,,,,,,,,,,,,,,,,,,,,,,,,,,,,
375,5000002374,2017,1,1,0,0,0,261,,BOLT1000,MI00,RM00,,,,,,,,,0,0,,H,USD,21.00,0,21.00,,,,14,EA,14,EA,14,EA,,,,,0,,,0,X,,,,,,NA00,,,,,,,,,,,,2017,,,US00,,0,,0,0,0,,0,2,,,,,,,,,B,,,,0,,,,,0,0,0,,,,,0,,0,0,0,,,,,0,,,,0,0,0,,,,,,,,,,,,,,,,,,,,,,,,,,,,,,,,,,,,,,,,,,,,,,,,,,,,,,,,,,,,,,,,,,,,,,,,,,,,,,,,,,,,,,,,,,,,
375,5000002375,2017,1,1,0,0,0,261,,BOLT1000,MI00,RM00,,,,,,,,,0,0,,H,USD,328.50,0,328.50,,,,219,EA,219,EA,219,EA,,,,,0,,,0,X,,,,,,NA00,,,,,,,,,,,,2017,,,US00,,0,,0,0,0,,0,2,,,,,,,,,B,,,,0,,,,,0,0,0,,,,,0,,0,0,0,,,,,0,,,,0,0,0,,,,,,,,,,,,,,,,,,,,,,,,,,,,,,,,,,,,,,,,,,,,,,,,,,,,,,,,,,,,,,,,,,,,,,,,,,,,,,,,,,,,,,,,,,,,
375,5000002376,2017,1,1,0,0,0,261,,BOLT1000,MI00,RM00,,,,,,,,,0,0,,H,USD,78.00,0,78.00,,,,52,EA,52,EA,52,EA,,,,,0,,,0,X,,,,,,NA00,,,,,,,,,,,,2017,,,US00,,0,,0,0,0,,0,2,,,,,,,,,B,,,,0,,,,,0,0,0,,,,,0,,0,0,0,,,,,0,,,,0,0,0,,,,,,,,,,,,,,,,,,,,,,,,,,,,,,,,,,,,,,,,,,,,,,,,,,,,,,,,,,,,,,,,,,,,,,,,,,,,,,,,,,,,,,,,,,,,
375,5000002377,2017,1,1,0,0,0,261,,BOLT1000,MI00,RM00,,,,,,,,,0,0,,H,USD,12.00,0,12.00,,,,8,EA,8,EA,8,EA,,,,,0,,,0,X,,,,,,NA00,,,,,,,,,,,,2017,,,US00,,0,,0,0,0,,0,2,,,,,,,,,B,,,,0,,,,,0,0,0,,,,,0,,0,0,0,,,,,0,,,,0,0,0,,,,,,,,,,,,,,,,,,,,,,,,,,,,,,,,,,,,,,,,,,,,,,,,,,,,,,,,,,,,,,,,,,,,,,,,,,,,,,,,,,,,,,,,,,,,
375,5000002378,2017,1,1,0,0,0,261,,BOLT1000,MI00,RM00,,,,,,,,,0,0,,H,USD,396.00,0,396.00,,,,264,EA,264,EA,264,EA,,,,,0,,,0,X,,,,,,NA00,,,,,,,,,,,,2017,,,US00,,0,,0,0,0,,0,2,,,,,,,,,B,,,,0,,,,,0,0,0,,,,,0,,0,0,0,,,,,0,,,,0,0,0,,,,,,,,,,,,,,,,,,,,,,,,,,,,,,,,,,,,,,,,,,,,,,,,,,,,,,,,,,,,,,,,,,,,,,,,,,,,,,,,,,,,,,,,,,,,
375,5000002379,2017,1,1,0,0,0,261,,BOLT1000,MI00,RM00,,,,,,,,,0,0,,H,USD,64.50,0,64.50,,,,43,EA,43,EA,43,EA,,,,,0,,,0,X,,,,,,NA00,,,,,,,,,,,,2017,,,US00,,0,,0,0,0,,0,2,,,,,,,,,B,,,,0,,,,,0,0,0,,,,,0,,0,0,0,,,,,0,,,,0,0,0,,,,,,,,,,,,,,,,,,,,,,,,,,,,,,,,,,,,,,,,,,,,,,,,,,,,,,,,,,,,,,,,,,,,,,,,,,,,,,,,,,,,,,,,,,,,
375,5000002380,2017,1,1,0,0,0,261,,BOTSWANA BLACK PE,MI00,RM00,,,,,,,,,0,0,,H,USD,10463592.23,0,10463592.23,,,,450,G,450,G,450,G,,,,,0,,,0,X,,,,,,NA00,,,,,,,,,,,,2017,,,US00,,0,,0,0,0,,0,2,,,,,,,,,B,,,,0,,,,,0,0,0,,,,,0,,0,0,0,,,,,0,,,,0,0,0,,,,,,,,,,,,,,,,,,,,,,,,,,,,,,,,,,,,,,,,,,,,,,,,,,,,,,,,,,,,,,,,,,,,,,,,,,,,,,,,,,,,,,,,,,,,
375,5000002381,2017,1,1,0,0,0,261,,BOTSWANA BLACK PE,MI00,RM00,,,,,,,,,0,0,,H,USD,41505582.52,0,41505582.52,,,,1785,G,1785,G,1785,G,,,,,0,,,0,X,,,,,,NA00,,,,,,,,,,,,2017,,,US00,,0,,0,0,0,,0,2,,,,,,,,,B,,,,0,,,,,0,0,0,,,,,0,,0,0,0,,,,,0,,,,0,0,0,,,,,,,,,,,,,,,,,,,,,,,,,,,,,,,,,,,,,,,,,,,,,,,,,,,,,,,,,,,,,,,,,,,,,,,,,,,,,,,,,,,,,,,,,,,,
375,5000002382,2017,1,1,0,0,0,261,,BOTSWANA BLACK PE,MI00,RM00,,,,,,,,,0,0,,H,USD,12486553.40,0,12486553.40,,,,537,G,537,G,537,G,,,,,0,,,0,X,,,,,,NA00,,,,,,,,,,,,2017,,,US00,,0,,0,0,0,,0,2,,,,,,,,,B,,,,0,,,,,0,0,0,,,,,0,,0,0,0,,,,,0,,,,0,0,0,,,,,,,,,,,,,,,,,,,,,,,,,,,,,,,,,,,,,,,,,,,,,,,,,,,,,,,,,,,,,,,,,,,,,,,,,,,,,,,,,,,,,,,,,,,,
375,5000002383,2017,1,1,0,0,0,261,,BRITAIN BLACK PEAR,MI00,RM00,,,,,,,,,0,0,,H,USD,8333333.33,0,8333333.33,,,,28,G,28,G,28,G,,,,,0,,,0,X,,,,,,NA00,,,,,,,,,,,,2017,,,US00,,0,,0,0,0,,0,2,,,,,,,,,B,,,,0,,,,,0,0,0,,,,,0,,0,0,0,,,,,0,,,,0,0,0,,,,,,,,,,,,,,,,,,,,,,,,,,,,,,,,,,,,,,,,,,,,,,,,,,,,,,,,,,,,,,,,,,,,,,,,,,,,,,,,,,,,,,,,,,,,
375,5000002384,2017,1,1,0,0,0,261,,BRITAIN BLACK PEAR,MI00,RM00,,,,,,,,,0,0,,H,USD,22023809.52,0,22023809.52,,,,74,G,74,G,74,G,,,,,0,,,0,X,,,,,,NA00,,,,,,,,,,,,2017,,,US00,,0,,0,0,0,,0,2,,,,,,,,,B,,,,0,,,,,0,0,0,,,,,0,,0,0,0,,,,,0,,,,0,0,0,,,,,,,,,,,,,,,,,,,,,,,,,,,,,,,,,,,,,,,,,,,,,,,,,,,,,,,,,,,,,,,,,,,,,,,,,,,,,,,,,,,,,,,,,,,,
375,5000002385,2017,1,1,0,0,0,261,,BRITAIN BLACK PEAR,MI00,RM00,,,,,,,,,0,0,,H,USD,9523809.52,0,9523809.52,,,,32,G,32,G,32,G,,,,,0,,,0,X,,,,,,NA00,,,,,,,,,,,,2017,,,US00,,0,,0,0,0,,0,2,,,,,,,,,B,,,,0,,,,,0,0,0,,,,,0,,0,0,0,,,,,0,,,,0,0,0,,,,,,,,,,,,,,,,,,,,,,,,,,,,,,,,,,,,,,,,,,,,,,,,,,,,,,,,,,,,,,,,,,,,,,,,,,,,,,,,,,,,,,,,,,,,
375,5000002386,2017,1,1,0,0,0,261,,BRITAIN BLACK PEAR,MI00,RM00,,,,,,,,,0,0,,H,USD,4464285.71,0,4464285.71,,,,15,G,15,G,15,G,,,,,0,,,0,X,,,,,,NA00,,,,,,,,,,,,2017,,,US00,,0,,0,0,0,,0,2,,,,,,,,,B,,,,0,,,,,0,0,0,,,,,0,,0,0,0,,,,,0,,,,0,0,0,,,,,,,,,,,,,,,,,,,,,,,,,,,,,,,,,,,,,,,,,,,,,,,,,,,,,,,,,,,,,,,,,,,,,,,,,,,,,,,,,,,,,,,,,,,,
375,5000002387,2017,1,1,0,0,0,261,,CANADIAN CRYSTAL,MI00,RM00,,,,,,,,,0,0,,H,USD,5767284.99,0,5767284.99,,,,171,G,171,G,171,G,,,,,0,,,0,X,,,,,,NA00,,,,,,,,,,,,2017,,,US00,,0,,0,0,0,,0,2,,,,,,,,,B,,,,0,,,,,0,0,0,,,,,0,,0,0,0,,,,,0,,,,0,0,0,,,,,,,,,,,,,,,,,,,,,,,,,,,,,,,,,,,,,,,,,,,,,,,,,,,,,,,,,,,,,,,,,,,,,,,,,,,,,,,,,,,,,,,,,,,,
375,5000002388,2017,1,1,0,0,0,261,,CANADIAN CRYSTAL,MI00,RM00,,,,,,,,,0,0,,H,USD,1247892.07,0,1247892.07,,,,37,G,37,G,37,G,,,,,0,,,0,X,,,,,,NA00,,,,,,,,,,,,2017,,,US00,,0,,0,0,0,,0,2,,,,,,,,,B,,,,0,,,,,0,0,0,,,,,0,,0,0,0,,,,,0,,,,0,0,0,,,,,,,,,,,,,,,,,,,,,,,,,,,,,,,,,,,,,,,,,,,,,,,,,,,,,,,,,,,,,,,,,,,,,,,,,,,,,,,,,,,,,,,,,,,,
375,5000002389,2017,1,1,0,0,0,261,,CANADIAN CRYSTAL,MI00,RM00,,,,,,,,,0,0,,H,USD,134907.25,0,134907.25,,,,4,G,4,G,4,G,,,,,0,,,0,X,,,,,,NA00,,,,,,,,,,,,2017,,,US00,,0,,0,0,0,,0,2,,,,,,,,,B,,,,0,,,,,0,0,0,,,,,0,,0,0,0,,,,,0,,,,0,0,0,,,,,,,,,,,,,,,,,,,,,,,,,,,,,,,,,,,,,,,,,,,,,,,,,,,,,,,,,,,,,,,,,,,,,,,,,,,,,,,,,,,,,,,,,,,,
375,5000002390,2017,1,1,0,0,0,261,,CANADIAN CRYSTAL,MI00,RM00,,,,,,,,,0,0,,H,USD,2394603.71,0,2394603.71,,,,71,G,71,G,71,G,,,,,0,,,0,X,,,,,,NA00,,,,,,,,,,,,2017,,,US00,,0,,0,0,0,,0,2,,,,,,,,,B,,,,0,,,,,0,0,0,,,,,0,,0,0,0,,,,,0,,,,0,0,0,,,,,,,,,,,,,,,,,,,,,,,,,,,,,,,,,,,,,,,,,,,,,,,,,,,,,,,,,,,,,,,,,,,,,,,,,,,,,,,,,,,,,,,,,,,,
375,5000002391,2017,1,1,0,0,0,261,,CANADIAN CRYSTAL,MI00,RM00,,,,,,,,,0,0,,H,USD,5430016.86,0,5430016.86,,,,161,G,161,G,161,G,,,,,0,,,0,X,,,,,,NA00,,,,,,,,,,,,2017,,,US00,,0,,0,0,0,,0,2,,,,,,,,,B,,,,0,,,,,0,0,0,,,,,0,,0,0,0,,,,,0,,,,0,0,0,,,,,,,,,,,,,,,,,,,,,,,,,,,,,,,,,,,,,,,,,,,,,,,,,,,,,,,,,,,,,,,,,,,,,,,,,,,,,,,,,,,,,,,,,,,,
375,5000002392,2017,1,1,0,0,0,261,,CANADIAN CRYSTAL,MI00,RM00,,,,,,,,,0,0,,H,USD,1180438.45,0,1180438.45,,,,35,G,35,G,35,G,,,,,0,,,0,X,,,,,,NA00,,,,,,,,,,,,2017,,,US00,,0,,0,0,0,,0,2,,,,,,,,,B,,,,0,,,,,0,0,0,,,,,0,,0,0,0,,,,,0,,,,0,0,0,,,,,,,,,,,,,,,,,,,,,,,,,,,,,,,,,,,,,,,,,,,,,,,,,,,,,,,,,,,,,,,,,,,,,,,,,,,,,,,,,,,,,,,,,,,,
375,5000002393,2017,1,1,0,0,0,261,,CANADIAN CRYSTAL,MI00,RM00,,,,,,,,,0,0,,H,USD,1551433.39,0,1551433.39,,,,46,G,46,G,46,G,,,,,0,,,0,X,,,,,,NA00,,,,,,,,,,,,2017,,,US00,,0,,0,0,0,,0,2,,,,,,,,,B,,,,0,,,,,0,0,0,,,,,0,,0,0,0,,,,,0,,,,0,0,0,,,,,,,,,,,,,,,,,,,,,,,,,,,,,,,,,,,,,,,,,,,,,,,,,,,,,,,,,,,,,,,,,,,,,,,,,,,,,,,,,,,,,,,,,,,,
375,5000002394,2017,1,1,0,0,0,261,,CARBONITE,MI00,RM00,,,,,,,,,0,0,,H,USD,12008.14,0,12008.14,,,,118,G,118,G,118,G,,,,,0,,,0,X,,,,,,NA00,,,,,,,,,,,,2017,,,US00,,0,,0,0,0,,0,2,,,,,,,,,B,,,,0,,,,,0,0,0,,,,,0,,0,0,0,,,,,0,,,,0,0,0,,,,,,,,,,,,,,,,,,,,,,,,,,,,,,,,,,,,,,,,,,,,,,,,,,,,,,,,,,,,,,,,,,,,,,,,,,,,,,,,,,,,,,,,,,,,
375,5000002395,2017,1,1,0,0,0,261,,CARBONITE,MI00,RM00,,,,,,,,,0,0,,H,USD,7428.77,0,7428.77,,,,73,G,73,G,73,G,,,,,0,,,0,X,,,,,,NA00,,,,,,,,,,,,2017,,,US00,,0,,0,0,0,,0,2,,,,,,,,,B,,,,0,,,,,0,0,0,,,,,0,,0,0,0,,,,,0,,,,0,0,0,,,,,,,,,,,,,,,,,,,,,,,,,,,,,,,,,,,,,,,,,,,,,,,,,,,,,,,,,,,,,,,,,,,,,,,,,,,,,,,,,,,,,,,,,,,,
375,5000002396,2017,1,1,0,0,0,261,,CARBONITE,MI00,RM00,,,,,,,,,0,0,,H,USD,508.82,0,508.82,,,,5,G,5,G,5,G,,,,,0,,,0,X,,,,,,NA00,,,,,,,,,,,,2017,,,US00,,0,,0,0,0,,0,2,,,,,,,,,B,,,,0,,,,,0,0,0,,,,,0,,0,0,0,,,,,0,,,,0,0,0,,,,,,,,,,,,,,,,,,,,,,,,,,,,,,,,,,,,,,,,,,,,,,,,,,,,,,,,,,,,,,,,,,,,,,,,,,,,,,,,,,,,,,,,,,,,
375,5000002397,2017,1,1,0,0,0,261,,CARBONITE,MI00,RM00,,,,,,,,,0,0,,H,USD,23303.93,0,23303.93,,,,229,G,229,G,229,G,,,,,0,,,0,X,,,,,,NA00,,,,,,,,,,,,2017,,,US00,,0,,0,0,0,,0,2,,,,,,,,,B,,,,0,,,,,0,0,0,,,,,0,,0,0,0,,,,,0,,,,0,0,0,,,,,,,,,,,,,,,,,,,,,,,,,,,,,,,,,,,,,,,,,,,,,,,,,,,,,,,,,,,,,,,,,,,,,,,,,,,,,,,,,,,,,,,,,,,,
375,5000002398,2017,1,1,0,0,0,261,,CARBONITE,MI00,RM00,,,,,,,,,0,0,,H,USD,18928.09,0,18928.09,,,,186,G,186,G,186,G,,,,,0,,,0,X,,,,,,NA00,,,,,,,,,,,,2017,,,US00,,0,,0,0,0,,0,2,,,,,,,,,B,,,,0,,,,,0,0,0,,,,,0,,0,0,0,,,,,0,,,,0,0,0,,,,,,,,,,,,,,,,,,,,,,,,,,,,,,,,,,,,,,,,,,,,,,,,,,,,,,,,,,,,,,,,,,,,,,,,,,,,,,,,,,,,,,,,,,,,
375,5000002399,2017,1,1,0,0,0,261,,CARBONITE,MI00,RM00,,,,,,,,,0,0,,H,USD,4375.85,0,4375.85,,,,43,G,43,G,43,G,,,,,0,,,0,X,,,,,,NA00,,,,,,,,,,,,2017,,,US00,,0,,0,0,0,,0,2,,,,,,,,,B,,,,0,,,,,0,0,0,,,,,0,,0,0,0,,,,,0,,,,0,0,0,,,,,,,,,,,,,,,,,,,,,,,,,,,,,,,,,,,,,,,,,,,,,,,,,,,,,,,,,,,,,,,,,,,,,,,,,,,,,,,,,,,,,,,,,,,,
375,5000002400,2017,1,1,0,0,0,261,,CARBONITE,MI00,RM00,,,,,,,,,0,0,,H,USD,203.53,0,203.53,,,,2,G,2,G,2,G,,,,,0,,,0,X,,,,,,NA00,,,,,,,,,,,,2017,,,US00,,0,,0,0,0,,0,2,,,,,,,,,B,,,,0,,,,,0,0,0,,,,,0,,0,0,0,,,,,0,,,,0,0,0,,,,,,,,,,,,,,,,,,,,,,,,,,,,,,,,,,,,,,,,,,,,,,,,,,,,,,,,,,,,,,,,,,,,,,,,,,,,,,,,,,,,,,,,,,,,
375,5000002401,2017,1,1,0,0,0,261,,CARBONITE,MI00,RM00,,,,,,,,,0,0,,H,USD,2137.04,0,2137.04,,,,21,G,21,G,21,G,,,,,0,,,0,X,,,,,,NA00,,,,,,,,,,,,2017,,,US00,,0,,0,0,0,,0,2,,,,,,,,,B,,,,0,,,,,0,0,0,,,,,0,,0,0,0,,,,,0,,,,0,0,0,,,,,,,,,,,,,,,,,,,,,,,,,,,,,,,,,,,,,,,,,,,,,,,,,,,,,,,,,,,,,,,,,,,,,,,,,,,,,,,,,,,,,,,,,,,,
375,5000002402,2017,1,1,0,0,0,261,,CHRONIUM,MI00,RM00,,,,,,,,,0,0,,H,USD,2625.66,0,2625.66,,,,6519,LB,6519,LB,6519,LB,,,,,0,,,0,X,,,,,,NA00,,,,,,,,,,,,2017,,,US00,,0,,0,0,0,,0,2,,,,,,,,,B,,,,0,,,,,0,0,0,,,,,0,,0,0,0,,,,,0,,,,0,0,0,,,,,,,,,,,,,,,,,,,,,,,,,,,,,,,,,,,,,,,,,,,,,,,,,,,,,,,,,,,,,,,,,,,,,,,,,,,,,,,,,,,,,,,,,,,,
375,5000002403,2017,1,1,0,0,0,261,,CHRONIUM,MI00,RM00,,,,,,,,,0,0,,H,USD,609.80,0,609.80,,,,1514,LB,1514,LB,1514,LB,,,,,0,,,0,X,,,,,,NA00,,,,,,,,,,,,2017,,,US00,,0,,0,0,0,,0,2,,,,,,,,,B,,,,0,,,,,0,0,0,,,,,0,,0,0,0,,,,,0,,,,0,0,0,,,,,,,,,,,,,,,,,,,,,,,,,,,,,,,,,,,,,,,,,,,,,,,,,,,,,,,,,,,,,,,,,,,,,,,,,,,,,,,,,,,,,,,,,,,,
375,5000002404,2017,1,1,0,0,0,261,,CHRONIUM,MI00,RM00,,,,,,,,,0,0,,H,USD,302.48,0,302.48,,,,751,LB,751,LB,751,LB,,,,,0,,,0,X,,,,,,NA00,,,,,,,,,,,,2017,,,US00,,0,,0,0,0,,0,2,,,,,,,,,B,,,,0,,,,,0,0,0,,,,,0,,0,0,0,,,,,0,,,,0,0,0,,,,,,,,,,,,,,,,,,,,,,,,,,,,,,,,,,,,,,,,,,,,,,,,,,,,,,,,,,,,,,,,,,,,,,,,,,,,,,,,,,,,,,,,,,,,
375,5000002405,2017,1,1,0,0,0,261,,CHRONIUM,MI00,RM00,,,,,,,,,0,0,,H,USD,281.54,0,281.54,,,,699,LB,699,LB,699,LB,,,,,0,,,0,X,,,,,,NA00,,,,,,,,,,,,2017,,,US00,,0,,0,0,0,,0,2,,,,,,,,,B,,,,0,,,,,0,0,0,,,,,0,,0,0,0,,,,,0,,,,0,0,0,,,,,,,,,,,,,,,,,,,,,,,,,,,,,,,,,,,,,,,,,,,,,,,,,,,,,,,,,,,,,,,,,,,,,,,,,,,,,,,,,,,,,,,,,,,,
375,5000002406,2017,1,1,0,0,0,261,,CHRONIUM,MI00,RM00,,,,,,,,,0,0,,H,USD,1693.25,0,1693.25,,,,4204,LB,4204,LB,4204,LB,,,,,0,,,0,X,,,,,,NA00,,,,,,,,,,,,2017,,,US00,,0,,0,0,0,,0,2,,,,,,,,,B,,,,0,,,,,0,0,0,,,,,0,,0,0,0,,,,,0,,,,0,0,0,,,,,,,,,,,,,,,,,,,,,,,,,,,,,,,,,,,,,,,,,,,,,,,,,,,,,,,,,,,,,,,,,,,,,,,,,,,,,,,,,,,,,,,,,,,,
375,5000002407,2017,1,1,0,0,0,261,,CHRONIUM,MI00,RM00,,,,,,,,,0,0,,H,USD,451.91,0,451.91,,,,1122,LB,1122,LB,1122,LB,,,,,0,,,0,X,,,,,,NA00,,,,,,,,,,,,2017,,,US00,,0,,0,0,0,,0,2,,,,,,,,,B,,,,0,,,,,0,0,0,,,,,0,,0,0,0,,,,,0,,,,0,0,0,,,,,,,,,,,,,,,,,,,,,,,,,,,,,,,,,,,,,,,,,,,,,,,,,,,,,,,,,,,,,,,,,,,,,,,,,,,,,,,,,,,,,,,,,,,,
375,5000002408,2017,1,1,0,0,0,261,,CHRONIUM,MI00,RM00,,,,,,,,,0,0,,H,USD,2456.90,0,2456.90,,,,6100,LB,6100,LB,6100,LB,,,,,0,,,0,X,,,,,,NA00,,,,,,,,,,,,2017,,,US00,,0,,0,0,0,,0,2,,,,,,,,,B,,,,0,,,,,0,0,0,,,,,0,,0,0,0,,,,,0,,,,0,0,0,,,,,,,,,,,,,,,,,,,,,,,,,,,,,,,,,,,,,,,,,,,,,,,,,,,,,,,,,,,,,,,,,,,,,,,,,,,,,,,,,,,,,,,,,,,,
375,5000002409,2017,1,1,0,0,0,261,,CHRONIUM,MI00,RM00,,,,,,,,,0,0,,H,USD,299.26,0,299.26,,,,743,LB,743,LB,743,LB,,,,,0,,,0,X,,,,,,NA00,,,,,,,,,,,,2017,,,US00,,0,,0,0,0,,0,2,,,,,,,,,B,,,,0,,,,,0,0,0,,,,,0,,0,0,0,,,,,0,,,,0,0,0,,,,,,,,,,,,,,,,,,,,,,,,,,,,,,,,,,,,,,,,,,,,,,,,,,,,,,,,,,,,,,,,,,,,,,,,,,,,,,,,,,,,,,,,,,,,
375,5000002410,2017,1,1,0,0,0,261,,CONCRETE,MI00,RM00,,,,,,,,,0,0,,H,USD,79295.50,0,79295.50,,,,859,YD3,859,YD3,859,YD3,,,,,0,,,0,X,,,,,,NA00,,,,,,,,,,,,2017,,,US00,,0,,0,0,0,,0,2,,,,,,,,,B,,,,0,,,,,0,0,0,,,,,0,,0,0,0,,,,,0,,,,0,0,0,,,,,,,,,,,,,,,,,,,,,,,,,,,,,,,,,,,,,,,,,,,,,,,,,,,,,,,,,,,,,,,,,,,,,,,,,,,,,,,,,,,,,,,,,,,,
375,5000002411,2017,1,1,0,0,0,261,,CONCRETE,MI00,RM00,,,,,,,,,0,0,,H,USD,45232.59,0,45232.59,,,,490,YD3,490,YD3,490,YD3,,,,,0,,,0,X,,,,,,NA00,,,,,,,,,,,,2017,,,US00,,0,,0,0,0,,0,2,,,,,,,,,B,,,,0,,,,,0,0,0,,,,,0,,0,0,0,,,,,0,,,,0,0,0,,,,,,,,,,,,,,,,,,,,,,,,,,,,,,,,,,,,,,,,,,,,,,,,,,,,,,,,,,,,,,,,,,,,,,,,,,,,,,,,,,,,,,,,,,,,
375,5000002412,2017,1,1,0,0,0,261,,CONCRETE,MI00,RM00,,,,,,,,,0,0,,H,USD,47263.44,0,47263.44,,,,512,YD3,512,YD3,512,YD3,,,,,0,,,0,X,,,,,,NA00,,,,,,,,,,,,2017,,,US00,,0,,0,0,0,,0,2,,,,,,,,,B,,,,0,,,,,0,0,0,,,,,0,,0,0,0,,,,,0,,,,0,0,0,,,,,,,,,,,,,,,,,,,,,,,,,,,,,,,,,,,,,,,,,,,,,,,,,,,,,,,,,,,,,,,,,,,,,,,,,,,,,,,,,,,,,,,,,,,,
375,5000002413,2017,1,1,0,0,0,261,,CONCRETE,MI00,RM00,,,,,,,,,0,0,,H,USD,5907.93,0,5907.93,,,,64,YD3,64,YD3,64,YD3,,,,,0,,,0,X,,,,,,NA00,,,,,,,,,,,,2017,,,US00,,0,,0,0,0,,0,2,,,,,,,,,B,,,,0,,,,,0,0,0,,,,,0,,0,0,0,,,,,0,,,,0,0,0,,,,,,,,,,,,,,,,,,,,,,,,,,,,,,,,,,,,,,,,,,,,,,,,,,,,,,,,,,,,,,,,,,,,,,,,,,,,,,,,,,,,,,,,,,,,
375,5000002414,2017,1,1,0,0,0,261,,CONCRETE,MI00,RM00,,,,,,,,,0,0,,H,USD,22431.67,0,22431.67,,,,243,YD3,243,YD3,243,YD3,,,,,0,,,0,X,,,,,,NA00,,,,,,,,,,,,2017,,,US00,,0,,0,0,0,,0,2,,,,,,,,,B,,,,0,,,,,0,0,0,,,,,0,,0,0,0,,,,,0,,,,0,0,0,,,,,,,,,,,,,,,,,,,,,,,,,,,,,,,,,,,,,,,,,,,,,,,,,,,,,,,,,,,,,,,,,,,,,,,,,,,,,,,,,,,,,,,,,,,,
375,5000002415,2017,1,1,0,0,0,261,,CONCRETE,MI00,RM00,,,,,,,,,0,0,,H,USD,109296.71,0,109296.71,,,,1184,YD3,1184,YD3,1184,YD3,,,,,0,,,0,X,,,,,,NA00,,,,,,,,,,,,2017,,,US00,,0,,0,0,0,,0,2,,,,,,,,,B,,,,0,,,,,0,0,0,,,,,0,,0,0,0,,,,,0,,,,0,0,0,,,,,,,,,,,,,,,,,,,,,,,,,,,,,,,,,,,,,,,,,,,,,,,,,,,,,,,,,,,,,,,,,,,,,,,,,,,,,,,,,,,,,,,,,,,,
375,5000002416,2017,1,1,0,0,0,261,,CONCRETE,MI00,RM00,,,,,,,,,0,0,,H,USD,54463.73,0,54463.73,,,,590,YD3,590,YD3,590,YD3,,,,,0,,,0,X,,,,,,NA00,,,,,,,,,,,,2017,,,US00,,0,,0,0,0,,0,2,,,,,,,,,B,,,,0,,,,,0,0,0,,,,,0,,0,0,0,,,,,0,,,,0,0,0,,,,,,,,,,,,,,,,,,,,,,,,,,,,,,,,,,,,,,,,,,,,,,,,,,,,,,,,,,,,,,,,,,,,,,,,,,,,,,,,,,,,,,,,,,,,
375,5000002417,2017,1,1,0,0,0,261,,CONGOCRYSTAL,MI00,RM00,,,,,,,,,0,0,,H,USD,292032.73,0,292032.73,,,,38,G,38,G,38,G,,,,,0,,,0,X,,,,,,NA00,,,,,,,,,,,,2017,,,US00,,0,,0,0,0,,0,2,,,,,,,,,B,,,,0,,,,,0,0,0,,,,,0,,0,0,0,,,,,0,,,,0,0,0,,,,,,,,,,,,,,,,,,,,,,,,,,,,,,,,,,,,,,,,,,,,,,,,,,,,,,,,,,,,,,,,,,,,,,,,,,,,,,,,,,,,,,,,,,,,
375,5000002418,2017,1,1,0,0,0,261,,CONGOCRYSTAL,MI00,RM00,,,,,,,,,0,0,,H,USD,76850.72,0,76850.72,,,,10,G,10,G,10,G,,,,,0,,,0,X,,,,,,NA00,,,,,,,,,,,,2017,,,US00,,0,,0,0,0,,0,2,,,,,,,,,B,,,,0,,,,,0,0,0,,,,,0,,0,0,0,,,,,0,,,,0,0,0,,,,,,,,,,,,,,,,,,,,,,,,,,,,,,,,,,,,,,,,,,,,,,,,,,,,,,,,,,,,,,,,,,,,,,,,,,,,,,,,,,,,,,,,,,,,
375,5000002419,2017,1,1,0,0,0,261,,CONGOCRYSTAL,MI00,RM00,,,,,,,,,0,0,,H,USD,1137390.63,0,1137390.63,,,,148,G,148,G,148,G,,,,,0,,,0,X,,,,,,NA00,,,,,,,,,,,,2017,,,US00,,0,,0,0,0,,0,2,,,,,,,,,B,,,,0,,,,,0,0,0,,,,,0,,0,0,0,,,,,0,,,,0,0,0,,,,,,,,,,,,,,,,,,,,,,,,,,,,,,,,,,,,,,,,,,,,,,,,,,,,,,,,,,,,,,,,,,,,,,,,,,,,,,,,,,,,,,,,,,,,
375,5000002420,2017,1,1,0,0,0,261,,CONGOCRYSTAL,MI00,RM00,,,,,,,,,0,0,,H,USD,4672523.66,0,4672523.66,,,,608,G,608,G,608,G,,,,,0,,,0,X,,,,,,NA00,,,,,,,,,,,,2017,,,US00,,0,,0,0,0,,0,2,,,,,,,,,B,,,,0,,,,,0,0,0,,,,,0,,0,0,0,,,,,0,,,,0,0,0,,,,,,,,,,,,,,,,,,,,,,,,,,,,,,,,,,,,,,,,,,,,,,,,,,,,,,,,,,,,,,,,,,,,,,,,,,,,,,,,,,,,,,,,,,,,
375,5000002421,2017,1,1,0,0,0,261,,CONGOCRYSTAL,MI00,RM00,,,,,,,,,0,0,,H,USD,4979926.53,0,4979926.53,,,,648,G,648,G,648,G,,,,,0,,,0,X,,,,,,NA00,,,,,,,,,,,,2017,,,US00,,0,,0,0,0,,0,2,,,,,,,,,B,,,,0,,,,,0,0,0,,,,,0,,0,0,0,,,,,0,,,,0,0,0,,,,,,,,,,,,,,,,,,,,,,,,,,,,,,,,,,,,,,,,,,,,,,,,,,,,,,,,,,,,,,,,,,,,,,,,,,,,,,,,,,,,,,,,,,,,
375,5000002422,2017,1,1,0,0,0,261,,CONGOCRYSTAL,MI00,RM00,,,,,,,,,0,0,,H,USD,1721456.09,0,1721456.09,,,,224,G,224,G,224,G,,,,,0,,,0,X,,,,,,NA00,,,,,,,,,,,,2017,,,US00,,0,,0,0,0,,0,2,,,,,,,,,B,,,,0,,,,,0,0,0,,,,,0,,0,0,0,,,,,0,,,,0,0,0,,,,,,,,,,,,,,,,,,,,,,,,,,,,,,,,,,,,,,,,,,,,,,,,,,,,,,,,,,,,,,,,,,,,,,,,,,,,,,,,,,,,,,,,,,,,
375,5000002423,2017,1,1,0,0,0,261,,CONGOCRYSTAL,MI00,RM00,,,,,,,,,0,0,,H,USD,4434286.43,0,4434286.43,,,,577,G,577,G,577,G,,,,,0,,,0,X,,,,,,NA00,,,,,,,,,,,,2017,,,US00,,0,,0,0,0,,0,2,,,,,,,,,B,,,,0,,,,,0,0,0,,,,,0,,0,0,0,,,,,0,,,,0,0,0,,,,,,,,,,,,,,,,,,,,,,,,,,,,,,,,,,,,,,,,,,,,,,,,,,,,,,,,,,,,,,,,,,,,,,,,,,,,,,,,,,,,,,,,,,,,
375,5000002424,2017,1,1,0,0,0,261,,CONGOCRYSTAL,MI00,RM00,,,,,,,,,0,0,,H,USD,376568.52,0,376568.52,,,,49,G,49,G,49,G,,,,,0,,,0,X,,,,,,NA00,,,,,,,,,,,,2017,,,US00,,0,,0,0,0,,0,2,,,,,,,,,B,,,,0,,,,,0,0,0,,,,,0,,0,0,0,,,,,0,,,,0,0,0,,,,,,,,,,,,,,,,,,,,,,,,,,,,,,,,,,,,,,,,,,,,,,,,,,,,,,,,,,,,,,,,,,,,,,,,,,,,,,,,,,,,,,,,,,,,
375,5000002425,2017,1,1,0,0,0,261,,DIAMOND,MI00,RM00,,,,,,,,,0,0,,H,USD,6349.62,0,6349.62,,,,517,LB,517,LB,517,LB,,,,,0,,,0,X,,,,,,NA00,,,,,,,,,,,,2017,,,US00,,0,,0,0,0,,0,2,,,,,,,,,B,,,,0,,,,,0,0,0,,,,,0,,0,0,0,,,,,0,,,,0,0,0,,,,,,,,,,,,,,,,,,,,,,,,,,,,,,,,,,,,,,,,,,,,,,,,,,,,,,,,,,,,,,,,,,,,,,,,,,,,,,,,,,,,,,,,,,,,
375,5000002426,2017,1,1,0,0,0,261,,DIAMOND,MI00,RM00,,,,,,,,,0,0,,H,USD,24698.42,0,24698.42,,,,2011,LB,2011,LB,2011,LB,,,,,0,,,0,X,,,,,,NA00,,,,,,,,,,,,2017,,,US00,,0,,0,0,0,,0,2,,,,,,,,,B,,,,0,,,,,0,0,0,,,,,0,,0,0,0,,,,,0,,,,0,0,0,,,,,,,,,,,,,,,,,,,,,,,,,,,,,,,,,,,,,,,,,,,,,,,,,,,,,,,,,,,,,,,,,,,,,,,,,,,,,,,,,,,,,,,,,,,,
375,5000002427,2017,1,1,0,0,0,261,,DIAMOND,MI00,RM00,,,,,,,,,0,0,,H,USD,63741.81,0,63741.81,,,,5190,LB,5190,LB,5190,LB,,,,,0,,,0,X,,,,,,NA00,,,,,,,,,,,,2017,,,US00,,0,,0,0,0,,0,2,,,,,,,,,B,,,,0,,,,,0,0,0,,,,,0,,0,0,0,,,,,0,,,,0,0,0,,,,,,,,,,,,,,,,,,,,,,,,,,,,,,,,,,,,,,,,,,,,,,,,,,,,,,,,,,,,,,,,,,,,,,,,,,,,,,,,,,,,,,,,,,,,
375,5000002428,2017,1,1,0,0,0,261,,DIAMOND,MI00,RM00,,,,,,,,,0,0,,H,USD,33025.38,0,33025.38,,,,2689,LB,2689,LB,2689,LB,,,,,0,,,0,X,,,,,,NA00,,,,,,,,,,,,2017,,,US00,,0,,0,0,0,,0,2,,,,,,,,,B,,,,0,,,,,0,0,0,,,,,0,,0,0,0,,,,,0,,,,0,0,0,,,,,,,,,,,,,,,,,,,,,,,,,,,,,,,,,,,,,,,,,,,,,,,,,,,,,,,,,,,,,,,,,,,,,,,,,,,,,,,,,,,,,,,,,,,,
375,5000002429,2017,1,1,0,0,0,261,,DIAMOND,MI00,RM00,,,,,,,,,0,0,,H,USD,40947.05,0,40947.05,,,,3334,LB,3334,LB,3334,LB,,,,,0,,,0,X,,,,,,NA00,,,,,,,,,,,,2017,,,US00,,0,,0,0,0,,0,2,,,,,,,,,B,,,,0,,,,,0,0,0,,,,,0,,0,0,0,,,,,0,,,,0,0,0,,,,,,,,,,,,,,,,,,,,,,,,,,,,,,,,,,,,,,,,,,,,,,,,,,,,,,,,,,,,,,,,,,,,,,,,,,,,,,,,,,,,,,,,,,,,
375,5000002430,2017,1,1,0,0,0,261,,GOLD,MI00,RM00,,,,,,,,,0,0,,H,USD,139525.88,0,139525.88,,,,616,G,616,G,616,G,,,,,0,,,0,X,,,,,,NA00,,,,,,,,,,,,2017,,,US00,,0,,0,0,0,,0,2,,,,,,,,,B,,,,0,,,,,0,0,0,,,,,0,,0,0,0,,,,,0,,,,0,0,0,,,,,,,,,,,,,,,,,,,,,,,,,,,,,,,,,,,,,,,,,,,,,,,,,,,,,,,,,,,,,,,,,,,,,,,,,,,,,,,,,,,,,,,,,,,,
375,5000002431,2017,1,1,0,0,0,261,,GOLD,MI00,RM00,,,,,,,,,0,0,,H,USD,1099219.28,0,1099219.28,,,,4853,G,4853,G,4853,G,,,,,0,,,0,X,,,,,,NA00,,,,,,,,,,,,2017,,,US00,,0,,0,0,0,,0,2,,,,,,,,,B,,,,0,,,,,0,0,0,,,,,0,,0,0,0,,,,,0,,,,0,0,0,,,,,,,,,,,,,,,,,,,,,,,,,,,,,,,,,,,,,,,,,,,,,,,,,,,,,,,,,,,,,,,,,,,,,,,,,,,,,,,,,,,,,,,,,,,,
375,5000002432,2017,1,1,0,0,0,261,,GOLD,MI00,RM00,,,,,,,,,0,0,,H,USD,116196.06,0,116196.06,,,,513,G,513,G,513,G,,,,,0,,,0,X,,,,,,NA00,,,,,,,,,,,,2017,,,US00,,0,,0,0,0,,0,2,,,,,,,,,B,,,,0,,,,,0,0,0,,,,,0,,0,0,0,,,,,0,,,,0,0,0,,,,,,,,,,,,,,,,,,,,,,,,,,,,,,,,,,,,,,,,,,,,,,,,,,,,,,,,,,,,,,,,,,,,,,,,,,,,,,,,,,,,,,,,,,,,
375,5000002433,2017,1,1,0,0,0,261,,GOLD,MI00,RM00,,,,,,,,,0,0,,H,USD,335224.51,0,335224.51,,,,1480,G,1480,G,1480,G,,,,,0,,,0,X,,,,,,NA00,,,,,,,,,,,,2017,,,US00,,0,,0,0,0,,0,2,,,,,,,,,B,,,,0,,,,,0,0,0,,,,,0,,0,0,0,,,,,0,,,,0,0,0,,,,,,,,,,,,,,,,,,,,,,,,,,,,,,,,,,,,,,,,,,,,,,,,,,,,,,,,,,,,,,,,,,,,,,,,,,,,,,,,,,,,,,,,,,,,
375,5000002434,2017,1,1,0,0,0,261,,GOLD,MI00,RM00,,,,,,,,,0,0,,H,USD,52548.71,0,52548.71,,,,232,G,232,G,232,G,,,,,0,,,0,X,,,,,,NA00,,,,,,,,,,,,2017,,,US00,,0,,0,0,0,,0,2,,,,,,,,,B,,,,0,,,,,0,0,0,,,,,0,,0,0,0,,,,,0,,,,0,0,0,,,,,,,,,,,,,,,,,,,,,,,,,,,,,,,,,,,,,,,,,,,,,,,,,,,,,,,,,,,,,,,,,,,,,,,,,,,,,,,,,,,,,,,,,,,,
375,5000002435,2017,1,1,0,0,0,261,,GOLD,MI00,RM00,,,,,,,,,0,0,,H,USD,48245.15,0,48245.15,,,,213,G,213,G,213,G,,,,,0,,,0,X,,,,,,NA00,,,,,,,,,,,,2017,,,US00,,0,,0,0,0,,0,2,,,,,,,,,B,,,,0,,,,,0,0,0,,,,,0,,0,0,0,,,,,0,,,,0,0,0,,,,,,,,,,,,,,,,,,,,,,,,,,,,,,,,,,,,,,,,,,,,,,,,,,,,,,,,,,,,,,,,,,,,,,,,,,,,,,,,,,,,,,,,,,,,
375,5000002436,2017,1,1,0,0,0,261,,GOLD,MI00,RM00,,,,,,,,,0,0,,H,USD,413821.06,0,413821.06,,,,1827,G,1827,G,1827,G,,,,,0,,,0,X,,,,,,NA00,,,,,,,,,,,,2017,,,US00,,0,,0,0,0,,0,2,,,,,,,,,B,,,,0,,,,,0,0,0,,,,,0,,0,0,0,,,,,0,,,,0,0,0,,,,,,,,,,,,,,,,,,,,,,,,,,,,,,,,,,,,,,,,,,,,,,,,,,,,,,,,,,,,,,,,,,,,,,,,,,,,,,,,,,,,,,,,,,,,
375,5000002437,2017,1,1,0,0,0,261,,HEXNT,MI00,RM00,,,,,,,,,0,0,,H,USD,20539.69,0,20539.69,,,,17678,LB,17678,LB,17678,LB,,,,,0,,,0,X,,,,,,NA00,,,,,,,,,,,,2017,,,US00,,0,,0,0,0,,0,2,,,,,,,,,B,,,,0,,,,,0,0,0,,,,,0,,0,0,0,,,,,0,,,,0,0,0,,,,,,,,,,,,,,,,,,,,,,,,,,,,,,,,,,,,,,,,,,,,,,,,,,,,,,,,,,,,,,,,,,,,,,,,,,,,,,,,,,,,,,,,,,,,
375,5000002438,2017,1,1,0,0,0,261,,HEXNT,MI00,RM00,,,,,,,,,0,0,,H,USD,40713.38,0,40713.38,,,,35041,LB,35041,LB,35041,LB,,,,,0,,,0,X,,,,,,NA00,,,,,,,,,,,,2017,,,US00,,0,,0,0,0,,0,2,,,,,,,,,B,,,,0,,,,,0,0,0,,,,,0,,0,0,0,,,,,0,,,,0,0,0,,,,,,,,,,,,,,,,,,,,,,,,,,,,,,,,,,,,,,,,,,,,,,,,,,,,,,,,,,,,,,,,,,,,,,,,,,,,,,,,,,,,,,,,,,,,
375,5000002439,2017,1,1,0,0,0,261,,HEXNT,MI00,RM00,,,,,,,,,0,0,,H,USD,46028.98,0,46028.98,,,,39616,LB,39616,LB,39616,LB,,,,,0,,,0,X,,,,,,NA00,,,,,,,,,,,,2017,,,US00,,0,,0,0,0,,0,2,,,,,,,,,B,,,,0,,,,,0,0,0,,,,,0,,0,0,0,,,,,0,,,,0,0,0,,,,,,,,,,,,,,,,,,,,,,,,,,,,,,,,,,,,,,,,,,,,,,,,,,,,,,,,,,,,,,,,,,,,,,,,,,,,,,,,,,,,,,,,,,,,
375,5000002440,2017,1,1,0,0,0,261,,HEXNT,MI00,RM00,,,,,,,,,0,0,,H,USD,47683.49,0,47683.49,,,,41040,LB,41040,LB,41040,LB,,,,,0,,,0,X,,,,,,NA00,,,,,,,,,,,,2017,,,US00,,0,,0,0,0,,0,2,,,,,,,,,B,,,,0,,,,,0,0,0,,,,,0,,0,0,0,,,,,0,,,,0,0,0,,,,,,,,,,,,,,,,,,,,,,,,,,,,,,,,,,,,,,,,,,,,,,,,,,,,,,,,,,,,,,,,,,,,,,,,,,,,,,,,,,,,,,,,,,,,
375,5000002441,2017,1,1,0,0,0,261,,HEXNT,MI00,RM00,,,,,,,,,0,0,,H,USD,79489.91,0,79489.91,,,,68415,LB,68415,LB,68415,LB,,,,,0,,,0,X,,,,,,NA00,,,,,,,,,,,,2017,,,US00,,0,,0,0,0,,0,2,,,,,,,,,B,,,,0,,,,,0,0,0,,,,,0,,0,0,0,,,,,0,,,,0,0,0,,,,,,,,,,,,,,,,,,,,,,,,,,,,,,,,,,,,,,,,,,,,,,,,,,,,,,,,,,,,,,,,,,,,,,,,,,,,,,,,,,,,,,,,,,,,
375,5000002442,2017,1,1,0,0,0,261,,HEXNT,MI00,RM00,,,,,,,,,0,0,,H,USD,50447.60,0,50447.60,,,,43419,LB,43419,LB,43419,LB,,,,,0,,,0,X,,,,,,NA00,,,,,,,,,,,,2017,,,US00,,0,,0,0,0,,0,2,,,,,,,,,B,,,,0,,,,,0,0,0,,,,,0,,0,0,0,,,,,0,,,,0,0,0,,,,,,,,,,,,,,,,,,,,,,,,,,,,,,,,,,,,,,,,,,,,,,,,,,,,,,,,,,,,,,,,,,,,,,,,,,,,,,,,,,,,,,,,,,,,
375,5000002443,2017,1,1,0,0,0,261,,HEXNT,MI00,RM00,,,,,,,,,0,0,,H,USD,30929.20,0,30929.20,,,,26620,LB,26620,LB,26620,LB,,,,,0,,,0,X,,,,,,NA00,,,,,,,,,,,,2017,,,US00,,0,,0,0,0,,0,2,,,,,,,,,B,,,,0,,,,,0,0,0,,,,,0,,0,0,0,,,,,0,,,,0,0,0,,,,,,,,,,,,,,,,,,,,,,,,,,,,,,,,,,,,,,,,,,,,,,,,,,,,,,,,,,,,,,,,,,,,,,,,,,,,,,,,,,,,,,,,,,,,
375,5000002444,2017,1,1,0,0,0,261,,HEXNT,MI00,RM00,,,,,,,,,0,0,,H,USD,27670.13,0,27670.13,,,,23815,LB,23815,LB,23815,LB,,,,,0,,,0,X,,,,,,NA00,,,,,,,,,,,,2017,,,US00,,0,,0,0,0,,0,2,,,,,,,,,B,,,,0,,,,,0,0,0,,,,,0,,0,0,0,,,,,0,,,,0,0,0,,,,,,,,,,,,,,,,,,,,,,,,,,,,,,,,,,,,,,,,,,,,,,,,,,,,,,,,,,,,,,,,,,,,,,,,,,,,,,,,,,,,,,,,,,,,
375,5000002445,2017,1,1,0,0,0,261,,HEXNT,MI00,RM00,,,,,,,,,0,0,,H,USD,66399.03,0,66399.03,,,,57148,LB,57148,LB,57148,LB,,,,,0,,,0,X,,,,,,NA00,,,,,,,,,,,,2017,,,US00,,0,,0,0,0,,0,2,,,,,,,,,B,,,,0,,,,,0,0,0,,,,,0,,0,0,0,,,,,0,,,,0,0,0,,,,,,,,,,,,,,,,,,,,,,,,,,,,,,,,,,,,,,,,,,,,,,,,,,,,,,,,,,,,,,,,,,,,,,,,,,,,,,,,,,,,,,,,,,,,
375,5000002446,2017,1,1,0,0,0,261,,ICAN HEADMASK,MI00,RM00,,,,,,,,,0,0,,H,USD,1730.10,0,1730.10,,,,1,EA,1,EA,1,EA,,,,,0,,,0,X,,,,,,NA00,,,,,,,,,,,,2017,,,US00,,0,,0,0,0,,0,2,,,,,,,,,B,,,,0,,,,,0,0,0,,,,,0,,0,0,0,,,,,0,,,,0,0,0,,,,,,,,,,,,,,,,,,,,,,,,,,,,,,,,,,,,,,,,,,,,,,,,,,,,,,,,,,,,,,,,,,,,,,,,,,,,,,,,,,,,,,,,,,,,
375,5000002447,2017,1,1,0,0,0,261,,ICAN HEADMASK,MI00,RM00,,,,,,,,,0,0,,H,USD,669550.17,0,669550.17,,,,387,EA,387,EA,387,EA,,,,,0,,,0,X,,,,,,NA00,,,,,,,,,,,,2017,,,US00,,0,,0,0,0,,0,2,,,,,,,,,B,,,,0,,,,,0,0,0,,,,,0,,0,0,0,,,,,0,,,,0,0,0,,,,,,,,,,,,,,,,,,,,,,,,,,,,,,,,,,,,,,,,,,,,,,,,,,,,,,,,,,,,,,,,,,,,,,,,,,,,,,,,,,,,,,,,,,,,
375,5000002448,2017,1,1,0,0,0,261,,ICAN HEADMASK,MI00,RM00,,,,,,,,,0,0,,H,USD,76124.57,0,76124.57,,,,44,EA,44,EA,44,EA,,,,,0,,,0,X,,,,,,NA00,,,,,,,,,,,,2017,,,US00,,0,,0,0,0,,0,2,,,,,,,,,B,,,,0,,,,,0,0,0,,,,,0,,0,0,0,,,,,0,,,,0,0,0,,,,,,,,,,,,,,,,,,,,,,,,,,,,,,,,,,,,,,,,,,,,,,,,,,,,,,,,,,,,,,,,,,,,,,,,,,,,,,,,,,,,,,,,,,,,
375,5000002449,2017,1,1,0,0,0,261,,ICAN HEADMASK,MI00,RM00,,,,,,,,,0,0,,H,USD,403114.19,0,403114.19,,,,233,EA,233,EA,233,EA,,,,,0,,,0,X,,,,,,NA00,,,,,,,,,,,,2017,,,US00,,0,,0,0,0,,0,2,,,,,,,,,B,,,,0,,,,,0,0,0,,,,,0,,0,0,0,,,,,0,,,,0,0,0,,,,,,,,,,,,,,,,,,,,,,,,,,,,,,,,,,,,,,,,,,,,,,,,,,,,,,,,,,,,,,,,,,,,,,,,,,,,,,,,,,,,,,,,,,,,
375,5000002450,2017,1,1,0,0,0,261,,ICAN HEADMASK,MI00,RM00,,,,,,,,,0,0,,H,USD,321799.31,0,321799.31,,,,186,EA,186,EA,186,EA,,,,,0,,,0,X,,,,,,NA00,,,,,,,,,,,,2017,,,US00,,0,,0,0,0,,0,2,,,,,,,,,B,,,,0,,,,,0,0,0,,,,,0,,0,0,0,,,,,0,,,,0,0,0,,,,,,,,,,,,,,,,,,,,,,,,,,,,,,,,,,,,,,,,,,,,,,,,,,,,,,,,,,,,,,,,,,,,,,,,,,,,,,,,,,,,,,,,,,,,
375,5000002451,2017,1,1,0,0,0,261,,ICAN HEADMASK,MI00,RM00,,,,,,,,,0,0,,H,USD,141868.51,0,141868.51,,,,82,EA,82,EA,82,EA,,,,,0,,,0,X,,,,,,NA00,,,,,,,,,,,,2017,,,US00,,0,,0,0,0,,0,2,,,,,,,,,B,,,,0,,,,,0,0,0,,,,,0,,0,0,0,,,,,0,,,,0,0,0,,,,,,,,,,,,,,,,,,,,,,,,,,,,,,,,,,,,,,,,,,,,,,,,,,,,,,,,,,,,,,,,,,,,,,,,,,,,,,,,,,,,,,,,,,,,
375,5000002452,2017,1,1,0,0,0,261,,ICAN HEADMASK,MI00,RM00,,,,,,,,,0,0,,H,USD,183391.00,0,183391.00,,,,106,EA,106,EA,106,EA,,,,,0,,,0,X,,,,,,NA00,,,,,,,,,,,,2017,,,US00,,0,,0,0,0,,0,2,,,,,,,,,B,,,,0,,,,,0,0,0,,,,,0,,0,0,0,,,,,0,,,,0,0,0,,,,,,,,,,,,,,,,,,,,,,,,,,,,,,,,,,,,,,,,,,,,,,,,,,,,,,,,,,,,,,,,,,,,,,,,,,,,,,,,,,,,,,,,,,,,
375,5000002453,2017,1,1,0,0,0,261,,IRON,MI00,RM00,,,,,,,,,0,0,,H,USD,335.07,0,335.07,,,,761,LB,761,LB,761,LB,,,,,0,,,0,X,,,,,,NA00,,,,,,,,,,,,2017,,,US00,,0,,0,0,0,,0,2,,,,,,,,,B,,,,0,,,,,0,0,0,,,,,0,,0,0,0,,,,,0,,,,0,0,0,,,,,,,,,,,,,,,,,,,,,,,,,,,,,,,,,,,,,,,,,,,,,,,,,,,,,,,,,,,,,,,,,,,,,,,,,,,,,,,,,,,,,,,,,,,,
375,5000002454,2017,1,1,0,0,0,261,,IRON,MI00,RM00,,,,,,,,,0,0,,H,USD,424.45,0,424.45,,,,964,LB,964,LB,964,LB,,,,,0,,,0,X,,,,,,NA00,,,,,,,,,,,,2017,,,US00,,0,,0,0,0,,0,2,,,,,,,,,B,,,,0,,,,,0,0,0,,,,,0,,0,0,0,,,,,0,,,,0,0,0,,,,,,,,,,,,,,,,,,,,,,,,,,,,,,,,,,,,,,,,,,,,,,,,,,,,,,,,,,,,,,,,,,,,,,,,,,,,,,,,,,,,,,,,,,,,
375,5000002455,2017,1,1,0,0,0,261,,IRON,MI00,RM00,,,,,,,,,0,0,,H,USD,2861.08,0,2861.08,,,,6498,LB,6498,LB,6498,LB,,,,,0,,,0,X,,,,,,NA00,,,,,,,,,,,,2017,,,US00,,0,,0,0,0,,0,2,,,,,,,,,B,,,,0,,,,,0,0,0,,,,,0,,0,0,0,,,,,0,,,,0,0,0,,,,,,,,,,,,,,,,,,,,,,,,,,,,,,,,,,,,,,,,,,,,,,,,,,,,,,,,,,,,,,,,,,,,,,,,,,,,,,,,,,,,,,,,,,,,
375,5000002456,2017,1,1,0,0,0,261,,IRON,MI00,RM00,,,,,,,,,0,0,,H,USD,8485.48,0,8485.48,,,,19272,LB,19272,LB,19272,LB,,,,,0,,,0,X,,,,,,NA00,,,,,,,,,,,,2017,,,US00,,0,,0,0,0,,0,2,,,,,,,,,B,,,,0,,,,,0,0,0,,,,,0,,0,0,0,,,,,0,,,,0,0,0,,,,,,,,,,,,,,,,,,,,,,,,,,,,,,,,,,,,,,,,,,,,,,,,,,,,,,,,,,,,,,,,,,,,,,,,,,,,,,,,,,,,,,,,,,,,
375,5000002457,2017,1,1,0,0,0,261,,IRON,MI00,RM00,,,,,,,,,0,0,,H,USD,8838.60,0,8838.60,,,,20074,LB,20074,LB,20074,LB,,,,,0,,,0,X,,,,,,NA00,,,,,,,,,,,,2017,,,US00,,0,,0,0,0,,0,2,,,,,,,,,B,,,,0,,,,,0,0,0,,,,,0,,0,0,0,,,,,0,,,,0,0,0,,,,,,,,,,,,,,,,,,,,,,,,,,,,,,,,,,,,,,,,,,,,,,,,,,,,,,,,,,,,,,,,,,,,,,,,,,,,,,,,,,,,,,,,,,,,
375,5000002458,2017,1,1,0,0,0,261,,KRYPTONITE,MI00,RM00,,,,,,,,,0,0,,H,USD,11215847.46,0,11215847.46,,,,486472,LB,486472,LB,486472,LB,,,,,0,,,0,X,,,,,,NA00,,,,,,,,,,,,2017,,,US00,,0,,0,0,0,,0,2,,,,,,,,,B,,,,0,,,,,0,0,0,,,,,0,,0,0,0,,,,,0,,,,0,0,0,,,,,,,,,,,,,,,,,,,,,,,,,,,,,,,,,,,,,,,,,,,,,,,,,,,,,,,,,,,,,,,,,,,,,,,,,,,,,,,,,,,,,,,,,,,,
375,5000002459,2017,1,1,0,0,0,261,,KRYPTONITE,MI00,RM00,,,,,,,,,0,0,,H,USD,3239111.07,0,3239111.07,,,,140492,LB,140492,LB,140492,LB,,,,,0,,,0,X,,,,,,NA00,,,,,,,,,,,,2017,,,US00,,0,,0,0,0,,0,2,,,,,,,,,B,,,,0,,,,,0,0,0,,,,,0,,0,0,0,,,,,0,,,,0,0,0,,,,,,,,,,,,,,,,,,,,,,,,,,,,,,,,,,,,,,,,,,,,,,,,,,,,,,,,,,,,,,,,,,,,,,,,,,,,,,,,,,,,,,,,,,,,
375,5000002460,2017,1,1,0,0,0,261,,KRYPTONITE,MI00,RM00,,,,,,,,,0,0,,H,USD,812913.31,0,812913.31,,,,35259,LB,35259,LB,35259,LB,,,,,0,,,0,X,,,,,,NA00,,,,,,,,,,,,2017,,,US00,,0,,0,0,0,,0,2,,,,,,,,,B,,,,0,,,,,0,0,0,,,,,0,,0,0,0,,,,,0,,,,0,0,0,,,,,,,,,,,,,,,,,,,,,,,,,,,,,,,,,,,,,,,,,,,,,,,,,,,,,,,,,,,,,,,,,,,,,,,,,,,,,,,,,,,,,,,,,,,,
375,5000002461,2017,1,1,0,0,0,261,,KRYPTONITE,MI00,RM00,,,,,,,,,0,0,,H,USD,6122153.25,0,6122153.25,,,,265540,LB,265540,LB,265540,LB,,,,,0,,,0,X,,,,,,NA00,,,,,,,,,,,,2017,,,US00,,0,,0,0,0,,0,2,,,,,,,,,B,,,,0,,,,,0,0,0,,,,,0,,0,0,0,,,,,0,,,,0,0,0,,,,,,,,,,,,,,,,,,,,,,,,,,,,,,,,,,,,,,,,,,,,,,,,,,,,,,,,,,,,,,,,,,,,,,,,,,,,,,,,,,,,,,,,,,,,
375,5000002462,2017,1,1,0,0,0,261,,LIQUID,MI00,RM00,,,,,,,,,0,0,,H,USD,5482.50,0,5482.50,,,,43,FOZ,43,FOZ,43,FOZ,,,,,0,,,0,X,,,,,,NA00,,,,,,,,,,,,2017,,,US00,,0,,0,0,0,,0,2,,,,,,,,,B,,,,0,,,,,0,0,0,,,,,0,,0,0,0,,,,,0,,,,0,0,0,,,,,,,,,,,,,,,,,,,,,,,,,,,,,,,,,,,,,,,,,,,,,,,,,,,,,,,,,,,,,,,,,,,,,,,,,,,,,,,,,,,,,,,,,,,,
375,5000002463,2017,1,1,0,0,0,261,,LIQUID,MI00,RM00,,,,,,,,,0,0,,H,USD,6120.00,0,6120.00,,,,48,FOZ,48,FOZ,48,FOZ,,,,,0,,,0,X,,,,,,NA00,,,,,,,,,,,,2017,,,US00,,0,,0,0,0,,0,2,,,,,,,,,B,,,,0,,,,,0,0,0,,,,,0,,0,0,0,,,,,0,,,,0,0,0,,,,,,,,,,,,,,,,,,,,,,,,,,,,,,,,,,,,,,,,,,,,,,,,,,,,,,,,,,,,,,,,,,,,,,,,,,,,,,,,,,,,,,,,,,,,
375,5000002464,2017,1,1,0,0,0,261,,LIQUID,MI00,RM00,,,,,,,,,0,0,,H,USD,4207.50,0,4207.50,,,,33,FOZ,33,FOZ,33,FOZ,,,,,0,,,0,X,,,,,,NA00,,,,,,,,,,,,2017,,,US00,,0,,0,0,0,,0,2,,,,,,,,,B,,,,0,,,,,0,0,0,,,,,0,,0,0,0,,,,,0,,,,0,0,0,,,,,,,,,,,,,,,,,,,,,,,,,,,,,,,,,,,,,,,,,,,,,,,,,,,,,,,,,,,,,,,,,,,,,,,,,,,,,,,,,,,,,,,,,,,,
375,5000002465,2017,1,1,0,0,0,261,,LIQUID,MI00,RM00,,,,,,,,,0,0,,H,USD,510.00,0,510.00,,,,4,FOZ,4,FOZ,4,FOZ,,,,,0,,,0,X,,,,,,NA00,,,,,,,,,,,,2017,,,US00,,0,,0,0,0,,0,2,,,,,,,,,B,,,,0,,,,,0,0,0,,,,,0,,0,0,0,,,,,0,,,,0,0,0,,,,,,,,,,,,,,,,,,,,,,,,,,,,,,,,,,,,,,,,,,,,,,,,,,,,,,,,,,,,,,,,,,,,,,,,,,,,,,,,,,,,,,,,,,,,
375,5000002466,2017,1,1,0,0,0,261,,LIQUID,MI00,RM00,,,,,,,,,0,0,,H,USD,1147.50,0,1147.50,,,,9,FOZ,9,FOZ,9,FOZ,,,,,0,,,0,X,,,,,,NA00,,,,,,,,,,,,2017,,,US00,,0,,0,0,0,,0,2,,,,,,,,,B,,,,0,,,,,0,0,0,,,,,0,,0,0,0,,,,,0,,,,0,0,0,,,,,,,,,,,,,,,,,,,,,,,,,,,,,,,,,,,,,,,,,,,,,,,,,,,,,,,,,,,,,,,,,,,,,,,,,,,,,,,,,,,,,,,,,,,,
375,5000002467,2017,1,1,0,0,0,261,,LIQUID,MI00,RM00,,,,,,,,,0,0,,H,USD,127.50,0,127.50,,,,1,FOZ,1,FOZ,1,FOZ,,,,,0,,,0,X,,,,,,NA00,,,,,,,,,,,,2017,,,US00,,0,,0,0,0,,0,2,,,,,,,,,B,,,,0,,,,,0,0,0,,,,,0,,0,0,0,,,,,0,,,,0,0,0,,,,,,,,,,,,,,,,,,,,,,,,,,,,,,,,,,,,,,,,,,,,,,,,,,,,,,,,,,,,,,,,,,,,,,,,,,,,,,,,,,,,,,,,,,,,
375,5000002468,2017,1,1,0,0,0,261,,LIQUID,MI00,RM00,,,,,,,,,0,0,,H,USD,637.50,0,637.50,,,,5,FOZ,5,FOZ,5,FOZ,,,,,0,,,0,X,,,,,,NA00,,,,,,,,,,,,2017,,,US00,,0,,0,0,0,,0,2,,,,,,,,,B,,,,0,,,,,0,0,0,,,,,0,,0,0,0,,,,,0,,,,0,0,0,,,,,,,,,,,,,,,,,,,,,,,,,,,,,,,,,,,,,,,,,,,,,,,,,,,,,,,,,,,,,,,,,,,,,,,,,,,,,,,,,,,,,,,,,,,,
375,5000002469,2017,1,1,0,0,0,261,,MAGICDUST,MI00,RM00,,,,,,,,,0,0,,H,USD,138972.13,0,138972.13,,,,9296,LB,9296,LB,9296,LB,,,,,0,,,0,X,,,,,,NA00,,,,,,,,,,,,2017,,,US00,,0,,0,0,0,,0,2,,,,,,,,,B,,,,0,,,,,0,0,0,,,,,0,,0,0,0,,,,,0,,,,0,0,0,,,,,,,,,,,,,,,,,,,,,,,,,,,,,,,,,,,,,,,,,,,,,,,,,,,,,,,,,,,,,,,,,,,,,,,,,,,,,,,,,,,,,,,,,,,,
375,5000002470,2017,1,1,0,0,0,261,,MAGICDUST,MI00,RM00,,,,,,,,,0,0,,H,USD,17640.61,0,17640.61,,,,1180,LB,1180,LB,1180,LB,,,,,0,,,0,X,,,,,,NA00,,,,,,,,,,,,2017,,,US00,,0,,0,0,0,,0,2,,,,,,,,,B,,,,0,,,,,0,0,0,,,,,0,,0,0,0,,,,,0,,,,0,0,0,,,,,,,,,,,,,,,,,,,,,,,,,,,,,,,,,,,,,,,,,,,,,,,,,,,,,,,,,,,,,,,,,,,,,,,,,,,,,,,,,,,,,,,,,,,,
375,5000002471,2017,1,1,0,0,0,261,,MAGICDUST,MI00,RM00,,,,,,,,,0,0,,H,USD,148973.46,0,148973.46,,,,9965,LB,9965,LB,9965,LB,,,,,0,,,0,X,,,,,,NA00,,,,,,,,,,,,2017,,,US00,,0,,0,0,0,,0,2,,,,,,,,,B,,,,0,,,,,0,0,0,,,,,0,,0,0,0,,,,,0,,,,0,0,0,,,,,,,,,,,,,,,,,,,,,,,,,,,,,,,,,,,,,,,,,,,,,,,,,,,,,,,,,,,,,,,,,,,,,,,,,,,,,,,,,,,,,,,,,,,,
375,5000002472,2017,1,1,0,0,0,261,,MAGICDUST,MI00,RM00,,,,,,,,,0,0,,H,USD,5023.09,0,5023.09,,,,336,LB,336,LB,336,LB,,,,,0,,,0,X,,,,,,NA00,,,,,,,,,,,,2017,,,US00,,0,,0,0,0,,0,2,,,,,,,,,B,,,,0,,,,,0,0,0,,,,,0,,0,0,0,,,,,0,,,,0,0,0,,,,,,,,,,,,,,,,,,,,,,,,,,,,,,,,,,,,,,,,,,,,,,,,,,,,,,,,,,,,,,,,,,,,,,,,,,,,,,,,,,,,,,,,,,,,
375,5000002473,2017,1,1,0,0,0,261,,MAGICDUST,MI00,RM00,,,,,,,,,0,0,,H,USD,64313.48,0,64313.48,,,,4302,LB,4302,LB,4302,LB,,,,,0,,,0,X,,,,,,NA00,,,,,,,,,,,,2017,,,US00,,0,,0,0,0,,0,2,,,,,,,,,B,,,,0,,,,,0,0,0,,,,,0,,0,0,0,,,,,0,,,,0,0,0,,,,,,,,,,,,,,,,,,,,,,,,,,,,,,,,,,,,,,,,,,,,,,,,,,,,,,,,,,,,,,,,,,,,,,,,,,,,,,,,,,,,,,,,,,,,
375,5000002474,2017,1,1,0,0,0,261,,MAGICDUST,MI00,RM00,,,,,,,,,0,0,,H,USD,55343.68,0,55343.68,,,,3702,LB,3702,LB,3702,LB,,,,,0,,,0,X,,,,,,NA00,,,,,,,,,,,,2017,,,US00,,0,,0,0,0,,0,2,,,,,,,,,B,,,,0,,,,,0,0,0,,,,,0,,0,0,0,,,,,0,,,,0,0,0,,,,,,,,,,,,,,,,,,,,,,,,,,,,,,,,,,,,,,,,,,,,,,,,,,,,,,,,,,,,,,,,,,,,,,,,,,,,,,,,,,,,,,,,,,,,
375,5000002475,2017,1,1,0,0,0,261,,ORANGE,MI00,RM00,,,,,,,,,0,0,,H,USD,1244547.32,0,1244547.32,,,,4660,TO,4660,TO,4660,TO,,,,,0,,,0,X,,,,,,NA00,,,,,,,,,,,,2017,,,US00,,0,,0,0,0,,0,2,,,,,,,,,B,,,,0,,,,,0,0,0,,,,,0,,0,0,0,,,,,0,,,,0,0,0,,,,,,,,,,,,,,,,,,,,,,,,,,,,,,,,,,,,,,,,,,,,,,,,,,,,,,,,,,,,,,,,,,,,,,,,,,,,,,,,,,,,,,,,,,,,
375,5000002476,2017,1,1,0,0,0,261,,ORANGE,MI00,RM00,,,,,,,,,0,0,,H,USD,541885.52,0,541885.52,,,,2029,TO,2029,TO,2029,TO,,,,,0,,,0,X,,,,,,NA00,,,,,,,,,,,,2017,,,US00,,0,,0,0,0,,0,2,,,,,,,,,B,,,,0,,,,,0,0,0,,,,,0,,0,0,0,,,,,0,,,,0,0,0,,,,,,,,,,,,,,,,,,,,,,,,,,,,,,,,,,,,,,,,,,,,,,,,,,,,,,,,,,,,,,,,,,,,,,,,,,,,,,,,,,,,,,,,,,,,
375,5000002477,2017,1,1,0,0,0,261,,ORANGE,MI00,RM00,,,,,,,,,0,0,,H,USD,98014.78,0,98014.78,,,,367,TO,367,TO,367,TO,,,,,0,,,0,X,,,,,,NA00,,,,,,,,,,,,2017,,,US00,,0,,0,0,0,,0,2,,,,,,,,,B,,,,0,,,,,0,0,0,,,,,0,,0,0,0,,,,,0,,,,0,0,0,,,,,,,,,,,,,,,,,,,,,,,,,,,,,,,,,,,,,,,,,,,,,,,,,,,,,,,,,,,,,,,,,,,,,,,,,,,,,,,,,,,,,,,,,,,,
375,5000002478,2017,1,1,0,0,0,261,,ORANGE,MI00,RM00,,,,,,,,,0,0,,H,USD,1362859.43,0,1362859.43,,,,5103,TO,5103,TO,5103,TO,,,,,0,,,0,X,,,,,,NA00,,,,,,,,,,,,2017,,,US00,,0,,0,0,0,,0,2,,,,,,,,,B,,,,0,,,,,0,0,0,,,,,0,,0,0,0,,,,,0,,,,0,0,0,,,,,,,,,,,,,,,,,,,,,,,,,,,,,,,,,,,,,,,,,,,,,,,,,,,,,,,,,,,,,,,,,,,,,,,,,,,,,,,,,,,,,,,,,,,,
375,5000002479,2017,1,1,0,0,0,261,,ORANGE,MI00,RM00,,,,,,,,,0,0,,H,USD,16825.43,0,16825.43,,,,63,TO,63,TO,63,TO,,,,,0,,,0,X,,,,,,NA00,,,,,,,,,,,,2017,,,US00,,0,,0,0,0,,0,2,,,,,,,,,B,,,,0,,,,,0,0,0,,,,,0,,0,0,0,,,,,0,,,,0,0,0,,,,,,,,,,,,,,,,,,,,,,,,,,,,,,,,,,,,,,,,,,,,,,,,,,,,,,,,,,,,,,,,,,,,,,,,,,,,,,,,,,,,,,,,,,,,
375,5000002480,2017,1,1,0,0,0,261,,ORANGE,MI00,RM00,,,,,,,,,0,0,,H,USD,4062672.48,0,4062672.48,,,,15212,TO,15212,TO,15212,TO,,,,,0,,,0,X,,,,,,NA00,,,,,,,,,,,,2017,,,US00,,0,,0,0,0,,0,2,,,,,,,,,B,,,,0,,,,,0,0,0,,,,,0,,0,0,0,,,,,0,,,,0,0,0,,,,,,,,,,,,,,,,,,,,,,,,,,,,,,,,,,,,,,,,,,,,,,,,,,,,,,,,,,,,,,,,,,,,,,,,,,,,,,,,,,,,,,,,,,,,
375,5000002481,2017,1,1,0,0,0,261,,ORANGE,MI00,RM00,,,,,,,,,0,0,,H,USD,1512952.91,0,1512952.91,,,,5665,TO,5665,TO,5665,TO,,,,,0,,,0,X,,,,,,NA00,,,,,,,,,,,,2017,,,US00,,0,,0,0,0,,0,2,,,,,,,,,B,,,,0,,,,,0,0,0,,,,,0,,0,0,0,,,,,0,,,,0,0,0,,,,,,,,,,,,,,,,,,,,,,,,,,,,,,,,,,,,,,,,,,,,,,,,,,,,,,,,,,,,,,,,,,,,,,,,,,,,,,,,,,,,,,,,,,,,
375,5000002482,2017,1,1,0,0,0,261,,ORANGE,MI00,RM00,,,,,,,,,0,0,,H,USD,2475474.05,0,2475474.05,,,,9269,TO,9269,TO,9269,TO,,,,,0,,,0,X,,,,,,NA00,,,,,,,,,,,,2017,,,US00,,0,,0,0,0,,0,2,,,,,,,,,B,,,,0,,,,,0,0,0,,,,,0,,0,0,0,,,,,0,,,,0,0,0,,,,,,,,,,,,,,,,,,,,,,,,,,,,,,,,,,,,,,,,,,,,,,,,,,,,,,,,,,,,,,,,,,,,,,,,,,,,,,,,,,,,,,,,,,,,
375,5000002483,2017,1,1,0,0,0,261,,PALLADIUM,MI00,RM00,,,,,,,,,0,0,,H,USD,461.21,0,461.21,,,,107,G,107,G,107,G,,,,,0,,,0,X,,,,,,NA00,,,,,,,,,,,,2017,,,US00,,0,,0,0,0,,0,2,,,,,,,,,B,,,,0,,,,,0,0,0,,,,,0,,0,0,0,,,,,0,,,,0,0,0,,,,,,,,,,,,,,,,,,,,,,,,,,,,,,,,,,,,,,,,,,,,,,,,,,,,,,,,,,,,,,,,,,,,,,,,,,,,,,,,,,,,,,,,,,,,
375,5000002484,2017,1,1,0,0,0,261,,PALLADIUM,MI00,RM00,,,,,,,,,0,0,,H,USD,2099.14,0,2099.14,,,,487,G,487,G,487,G,,,,,0,,,0,X,,,,,,NA00,,,,,,,,,,,,2017,,,US00,,0,,0,0,0,,0,2,,,,,,,,,B,,,,0,,,,,0,0,0,,,,,0,,0,0,0,,,,,0,,,,0,0,0,,,,,,,,,,,,,,,,,,,,,,,,,,,,,,,,,,,,,,,,,,,,,,,,,,,,,,,,,,,,,,,,,,,,,,,,,,,,,,,,,,,,,,,,,,,,
375,5000002485,2017,1,1,0,0,0,261,,PALLADIUM,MI00,RM00,,,,,,,,,0,0,,H,USD,629.31,0,629.31,,,,146,G,146,G,146,G,,,,,0,,,0,X,,,,,,NA00,,,,,,,,,,,,2017,,,US00,,0,,0,0,0,,0,2,,,,,,,,,B,,,,0,,,,,0,0,0,,,,,0,,0,0,0,,,,,0,,,,0,0,0,,,,,,,,,,,,,,,,,,,,,,,,,,,,,,,,,,,,,,,,,,,,,,,,,,,,,,,,,,,,,,,,,,,,,,,,,,,,,,,,,,,,,,,,,,,,
375,5000002486,2017,1,1,0,0,0,261,,PALLADIUM,MI00,RM00,,,,,,,,,0,0,,H,USD,310.34,0,310.34,,,,72,G,72,G,72,G,,,,,0,,,0,X,,,,,,NA00,,,,,,,,,,,,2017,,,US00,,0,,0,0,0,,0,2,,,,,,,,,B,,,,0,,,,,0,0,0,,,,,0,,0,0,0,,,,,0,,,,0,0,0,,,,,,,,,,,,,,,,,,,,,,,,,,,,,,,,,,,,,,,,,,,,,,,,,,,,,,,,,,,,,,,,,,,,,,,,,,,,,,,,,,,,,,,,,,,,
375,5000002487,2017,1,1,0,0,0,261,,PALLADIUM,MI00,RM00,,,,,,,,,0,0,,H,USD,1482.76,0,1482.76,,,,344,G,344,G,344,G,,,,,0,,,0,X,,,,,,NA00,,,,,,,,,,,,2017,,,US00,,0,,0,0,0,,0,2,,,,,,,,,B,,,,0,,,,,0,0,0,,,,,0,,0,0,0,,,,,0,,,,0,0,0,,,,,,,,,,,,,,,,,,,,,,,,,,,,,,,,,,,,,,,,,,,,,,,,,,,,,,,,,,,,,,,,,,,,,,,,,,,,,,,,,,,,,,,,,,,,
375,5000002488,2017,1,1,0,0,0,261,,PALLADIUM,MI00,RM00,,,,,,,,,0,0,,H,USD,288.79,0,288.79,,,,67,G,67,G,67,G,,,,,0,,,0,X,,,,,,NA00,,,,,,,,,,,,2017,,,US00,,0,,0,0,0,,0,2,,,,,,,,,B,,,,0,,,,,0,0,0,,,,,0,,0,0,0,,,,,0,,,,0,0,0,,,,,,,,,,,,,,,,,,,,,,,,,,,,,,,,,,,,,,,,,,,,,,,,,,,,,,,,,,,,,,,,,,,,,,,,,,,,,,,,,,,,,,,,,,,,
375,5000002489,2017,1,1,0,0,0,261,,PALLADIUM,MI00,RM00,,,,,,,,,0,0,,H,USD,2978.45,0,2978.45,,,,691,G,691,G,691,G,,,,,0,,,0,X,,,,,,NA00,,,,,,,,,,,,2017,,,US00,,0,,0,0,0,,0,2,,,,,,,,,B,,,,0,,,,,0,0,0,,,,,0,,0,0,0,,,,,0,,,,0,0,0,,,,,,,,,,,,,,,,,,,,,,,,,,,,,,,,,,,,,,,,,,,,,,,,,,,,,,,,,,,,,,,,,,,,,,,,,,,,,,,,,,,,,,,,,,,,
375,5000002490,2017,1,1,0,0,0,261,,PALLADIUM,MI00,RM00,,,,,,,,,0,0,,H,USD,702.59,0,702.59,,,,163,G,163,G,163,G,,,,,0,,,0,X,,,,,,NA00,,,,,,,,,,,,2017,,,US00,,0,,0,0,0,,0,2,,,,,,,,,B,,,,0,,,,,0,0,0,,,,,0,,0,0,0,,,,,0,,,,0,0,0,,,,,,,,,,,,,,,,,,,,,,,,,,,,,,,,,,,,,,,,,,,,,,,,,,,,,,,,,,,,,,,,,,,,,,,,,,,,,,,,,,,,,,,,,,,,
375,5000002491,2017,1,1,0,0,0,261,,PALLADIUM,MI00,RM00,,,,,,,,,0,0,,H,USD,34.48,0,34.48,,,,8,G,8,G,8,G,,,,,0,,,0,X,,,,,,NA00,,,,,,,,,,,,2017,,,US00,,0,,0,0,0,,0,2,,,,,,,,,B,,,,0,,,,,0,0,0,,,,,0,,0,0,0,,,,,0,,,,0,0,0,,,,,,,,,,,,,,,,,,,,,,,,,,,,,,,,,,,,,,,,,,,,,,,,,,,,,,,,,,,,,,,,,,,,,,,,,,,,,,,,,,,,,,,,,,,,
375,5000002492,2017,1,1,0,0,0,261,,PAPER,MI00,RM00,,,,,,,,,0,0,,H,USD,2.50,0,2.50,,,,898,LB,898,LB,898,LB,,,,,0,,,0,X,,,,,,NA00,,,,,,,,,,,,2017,,,US00,,0,,0,0,0,,0,2,,,,,,,,,B,,,,0,,,,,0,0,0,,,,,0,,0,0,0,,,,,0,,,,0,0,0,,,,,,,,,,,,,,,,,,,,,,,,,,,,,,,,,,,,,,,,,,,,,,,,,,,,,,,,,,,,,,,,,,,,,,,,,,,,,,,,,,,,,,,,,,,,
375,5000002493,2017,1,1,0,0,0,261,,PAPER,MI00,RM00,,,,,,,,,0,0,,H,USD,1.98,0,1.98,,,,709,LB,709,LB,709,LB,,,,,0,,,0,X,,,,,,NA00,,,,,,,,,,,,2017,,,US00,,0,,0,0,0,,0,2,,,,,,,,,B,,,,0,,,,,0,0,0,,,,,0,,0,0,0,,,,,0,,,,0,0,0,,,,,,,,,,,,,,,,,,,,,,,,,,,,,,,,,,,,,,,,,,,,,,,,,,,,,,,,,,,,,,,,,,,,,,,,,,,,,,,,,,,,,,,,,,,,
375,5000002494,2017,1,1,0,0,0,261,,PAPER,MI00,RM00,,,,,,,,,0,0,,H,USD,5.47,0,5.47,,,,1963,LB,1963,LB,1963,LB,,,,,0,,,0,X,,,,,,NA00,,,,,,,,,,,,2017,,,US00,,0,,0,0,0,,0,2,,,,,,,,,B,,,,0,,,,,0,0,0,,,,,0,,0,0,0,,,,,0,,,,0,0,0,,,,,,,,,,,,,,,,,,,,,,,,,,,,,,,,,,,,,,,,,,,,,,,,,,,,,,,,,,,,,,,,,,,,,,,,,,,,,,,,,,,,,,,,,,,,
375,5000002495,2017,1,1,0,0,0,261,,PAPER,MI00,RM00,,,,,,,,,0,0,,H,USD,0.69,0,0.69,,,,248,LB,248,LB,248,LB,,,,,0,,,0,X,,,,,,NA00,,,,,,,,,,,,2017,,,US00,,0,,0,0,0,,0,2,,,,,,,,,B,,,,0,,,,,0,0,0,,,,,0,,0,0,0,,,,,0,,,,0,0,0,,,,,,,,,,,,,,,,,,,,,,,,,,,,,,,,,,,,,,,,,,,,,,,,,,,,,,,,,,,,,,,,,,,,,,,,,,,,,,,,,,,,,,,,,,,,
375,5000002496,2017,1,1,0,0,0,261,,PAPER,MI00,RM00,,,,,,,,,0,0,,H,USD,2.22,0,2.22,,,,796,LB,796,LB,796,LB,,,,,0,,,0,X,,,,,,NA00,,,,,,,,,,,,2017,,,US00,,0,,0,0,0,,0,2,,,,,,,,,B,,,,0,,,,,0,0,0,,,,,0,,0,0,0,,,,,0,,,,0,0,0,,,,,,,,,,,,,,,,,,,,,,,,,,,,,,,,,,,,,,,,,,,,,,,,,,,,,,,,,,,,,,,,,,,,,,,,,,,,,,,,,,,,,,,,,,,,
375,5000002497,2017,1,1,0,0,0,261,,PAPER,MI00,RM00,,,,,,,,,0,0,,H,USD,7.12,0,7.12,,,,2556,LB,2556,LB,2556,LB,,,,,0,,,0,X,,,,,,NA00,,,,,,,,,,,,2017,,,US00,,0,,0,0,0,,0,2,,,,,,,,,B,,,,0,,,,,0,0,0,,,,,0,,0,0,0,,,,,0,,,,0,0,0,,,,,,,,,,,,,,,,,,,,,,,,,,,,,,,,,,,,,,,,,,,,,,,,,,,,,,,,,,,,,,,,,,,,,,,,,,,,,,,,,,,,,,,,,,,,
375,5000002498,2017,1,1,0,0,0,261,,PAPER,MI00,RM00,,,,,,,,,0,0,,H,USD,11.52,0,11.52,,,,4133,LB,4133,LB,4133,LB,,,,,0,,,0,X,,,,,,NA00,,,,,,,,,,,,2017,,,US00,,0,,0,0,0,,0,2,,,,,,,,,B,,,,0,,,,,0,0,0,,,,,0,,0,0,0,,,,,0,,,,0,0,0,,,,,,,,,,,,,,,,,,,,,,,,,,,,,,,,,,,,,,,,,,,,,,,,,,,,,,,,,,,,,,,,,,,,,,,,,,,,,,,,,,,,,,,,,,,,
375,5000002499,2017,1,1,0,0,0,261,,PAPER,MI00,RM00,,,,,,,,,0,0,,H,USD,1.57,0,1.57,,,,565,LB,565,LB,565,LB,,,,,0,,,0,X,,,,,,NA00,,,,,,,,,,,,2017,,,US00,,0,,0,0,0,,0,2,,,,,,,,,B,,,,0,,,,,0,0,0,,,,,0,,0,0,0,,,,,0,,,,0,0,0,,,,,,,,,,,,,,,,,,,,,,,,,,,,,,,,,,,,,,,,,,,,,,,,,,,,,,,,,,,,,,,,,,,,,,,,,,,,,,,,,,,,,,,,,,,,
375,5000002500,2017,1,1,0,0,0,261,,ROMANIAN RUBY,MI00,RM00,,,,,,,,,0,0,,H,USD,249838.61,0,249838.61,,,,45,G,45,G,45,G,,,,,0,,,0,X,,,,,,NA00,,,,,,,,,,,,2017,,,US00,,0,,0,0,0,,0,2,,,,,,,,,B,,,,0,,,,,0,0,0,,,,,0,,0,0,0,,,,,0,,,,0,0,0,,,,,,,,,,,,,,,,,,,,,,,,,,,,,,,,,,,,,,,,,,,,,,,,,,,,,,,,,,,,,,,,,,,,,,,,,,,,,,,,,,,,,,,,,,,,
375,5000002501,2017,1,1,0,0,0,261,,ROMANIAN RUBY,MI00,RM00,,,,,,,,,0,0,,H,USD,882763.08,0,882763.08,,,,159,G,159,G,159,G,,,,,0,,,0,X,,,,,,NA00,,,,,,,,,,,,2017,,,US00,,0,,0,0,0,,0,2,,,,,,,,,B,,,,0,,,,,0,0,0,,,,,0,,0,0,0,,,,,0,,,,0,0,0,,,,,,,,,,,,,,,,,,,,,,,,,,,,,,,,,,,,,,,,,,,,,,,,,,,,,,,,,,,,,,,,,,,,,,,,,,,,,,,,,,,,,,,,,,,,
375,5000002502,2017,1,1,0,0,0,261,,ROMANIAN RUBY,MI00,RM00,,,,,,,,,0,0,,H,USD,199870.89,0,199870.89,,,,36,G,36,G,36,G,,,,,0,,,0,X,,,,,,NA00,,,,,,,,,,,,2017,,,US00,,0,,0,0,0,,0,2,,,,,,,,,B,,,,0,,,,,0,0,0,,,,,0,,0,0,0,,,,,0,,,,0,0,0,,,,,,,,,,,,,,,,,,,,,,,,,,,,,,,,,,,,,,,,,,,,,,,,,,,,,,,,,,,,,,,,,,,,,,,,,,,,,,,,,,,,,,,,,,,,
375,5000002503,2017,1,1,0,0,0,261,,ROMANIAN RUBY,MI00,RM00,,,,,,,,,0,0,,H,USD,6984377.11,0,6984377.11,,,,1258,G,1258,G,1258,G,,,,,0,,,0,X,,,,,,NA00,,,,,,,,,,,,2017,,,US00,,0,,0,0,0,,0,2,,,,,,,,,B,,,,0,,,,,0,0,0,,,,,0,,0,0,0,,,,,0,,,,0,0,0,,,,,,,,,,,,,,,,,,,,,,,,,,,,,,,,,,,,,,,,,,,,,,,,,,,,,,,,,,,,,,,,,,,,,,,,,,,,,,,,,,,,,,,,,,,,
375,5000002504,2017,1,1,0,0,0,261,,ROMANIAN RUBY,MI00,RM00,,,,,,,,,0,0,,H,USD,394189.80,0,394189.80,,,,71,G,71,G,71,G,,,,,0,,,0,X,,,,,,NA00,,,,,,,,,,,,2017,,,US00,,0,,0,0,0,,0,2,,,,,,,,,B,,,,0,,,,,0,0,0,,,,,0,,0,0,0,,,,,0,,,,0,0,0,,,,,,,,,,,,,,,,,,,,,,,,,,,,,,,,,,,,,,,,,,,,,,,,,,,,,,,,,,,,,,,,,,,,,,,,,,,,,,,,,,,,,,,,,,,,
375,5000002505,2017,1,1,0,0,0,261,,ROMANIAN RUBY,MI00,RM00,,,,,,,,,0,0,,H,USD,2043124.62,0,2043124.62,,,,368,G,368,G,368,G,,,,,0,,,0,X,,,,,,NA00,,,,,,,,,,,,2017,,,US00,,0,,0,0,0,,0,2,,,,,,,,,B,,,,0,,,,,0,0,0,,,,,0,,0,0,0,,,,,0,,,,0,0,0,,,,,,,,,,,,,,,,,,,,,,,,,,,,,,,,,,,,,,,,,,,,,,,,,,,,,,,,,,,,,,,,,,,,,,,,,,,,,,,,,,,,,,,,,,,,
375,5000002506,2017,1,1,0,0,0,261,,ROMANIAN RUBY,MI00,RM00,,,,,,,,,0,0,,H,USD,4369399.67,0,4369399.67,,,,787,G,787,G,787,G,,,,,0,,,0,X,,,,,,NA00,,,,,,,,,,,,2017,,,US00,,0,,0,0,0,,0,2,,,,,,,,,B,,,,0,,,,,0,0,0,,,,,0,,0,0,0,,,,,0,,,,0,0,0,,,,,,,,,,,,,,,,,,,,,,,,,,,,,,,,,,,,,,,,,,,,,,,,,,,,,,,,,,,,,,,,,,,,,,,,,,,,,,,,,,,,,,,,,,,,
375,5000002507,2017,1,1,0,0,0,261,,ROMANIAN RUBY,MI00,RM00,,,,,,,,,0,0,,H,USD,1437959.99,0,1437959.99,,,,259,G,259,G,259,G,,,,,0,,,0,X,,,,,,NA00,,,,,,,,,,,,2017,,,US00,,0,,0,0,0,,0,2,,,,,,,,,B,,,,0,,,,,0,0,0,,,,,0,,0,0,0,,,,,0,,,,0,0,0,,,,,,,,,,,,,,,,,,,,,,,,,,,,,,,,,,,,,,,,,,,,,,,,,,,,,,,,,,,,,,,,,,,,,,,,,,,,,,,,,,,,,,,,,,,,
375,5000002508,2017,1,1,0,0,0,261,,ROSE ESSENTIAL OIL,MI00,RM00,,,,,,,,,0,0,,H,USD,17632.69,0,17632.69,,,,5190,L,5190,L,5190,L,,,,,0,,,0,X,,,,,,NA00,,,,,,,,,,,,2017,,,US00,,0,,0,0,0,,0,2,,,,,,,,,B,,,,0,,,,,0,0,0,,,,,0,,0,0,0,,,,,0,,,,0,0,0,,,,,,,,,,,,,,,,,,,,,,,,,,,,,,,,,,,,,,,,,,,,,,,,,,,,,,,,,,,,,,,,,,,,,,,,,,,,,,,,,,,,,,,,,,,,
375,5000002509,2017,1,1,0,0,0,261,,ROSE ESSENTIAL OIL,MI00,RM00,,,,,,,,,0,0,,H,USD,4270.58,0,4270.58,,,,1257,L,1257,L,1257,L,,,,,0,,,0,X,,,,,,NA00,,,,,,,,,,,,2017,,,US00,,0,,0,0,0,,0,2,,,,,,,,,B,,,,0,,,,,0,0,0,,,,,0,,0,0,0,,,,,0,,,,0,0,0,,,,,,,,,,,,,,,,,,,,,,,,,,,,,,,,,,,,,,,,,,,,,,,,,,,,,,,,,,,,,,,,,,,,,,,,,,,,,,,,,,,,,,,,,,,,
375,5000002510,2017,1,1,0,0,0,261,,ROSE ESSENTIAL OIL,MI00,RM00,,,,,,,,,0,0,,H,USD,533.40,0,533.40,,,,157,L,157,L,157,L,,,,,0,,,0,X,,,,,,NA00,,,,,,,,,,,,2017,,,US00,,0,,0,0,0,,0,2,,,,,,,,,B,,,,0,,,,,0,0,0,,,,,0,,0,0,0,,,,,0,,,,0,0,0,,,,,,,,,,,,,,,,,,,,,,,,,,,,,,,,,,,,,,,,,,,,,,,,,,,,,,,,,,,,,,,,,,,,,,,,,,,,,,,,,,,,,,,,,,,,
375,5000002511,2017,1,1,0,0,0,261,,ROSE ESSENTIAL OIL,MI00,RM00,,,,,,,,,0,0,,H,USD,4406.47,0,4406.47,,,,1297,L,1297,L,1297,L,,,,,0,,,0,X,,,,,,NA00,,,,,,,,,,,,2017,,,US00,,0,,0,0,0,,0,2,,,,,,,,,B,,,,0,,,,,0,0,0,,,,,0,,0,0,0,,,,,0,,,,0,0,0,,,,,,,,,,,,,,,,,,,,,,,,,,,,,,,,,,,,,,,,,,,,,,,,,,,,,,,,,,,,,,,,,,,,,,,,,,,,,,,,,,,,,,,,,,,,
375,5000002512,2017,1,1,0,0,0,261,,ROSE ESSENTIAL OIL,MI00,RM00,,,,,,,,,0,0,,H,USD,2544.68,0,2544.68,,,,749,L,749,L,749,L,,,,,0,,,0,X,,,,,,NA00,,,,,,,,,,,,2017,,,US00,,0,,0,0,0,,0,2,,,,,,,,,B,,,,0,,,,,0,0,0,,,,,0,,0,0,0,,,,,0,,,,0,0,0,,,,,,,,,,,,,,,,,,,,,,,,,,,,,,,,,,,,,,,,,,,,,,,,,,,,,,,,,,,,,,,,,,,,,,,,,,,,,,,,,,,,,,,,,,,,
375,5000002513,2017,1,1,0,0,0,261,,RUBY,MI00,RM00,,,,,,,,,0,0,,H,USD,295.08,0,295.08,,,,6,G,6,G,6,G,,,,,0,,,0,X,,,,,,NA00,,,,,,,,,,,,2017,,,US00,,0,,0,0,0,,0,2,,,,,,,,,B,,,,0,,,,,0,0,0,,,,,0,,0,0,0,,,,,0,,,,0,0,0,,,,,,,,,,,,,,,,,,,,,,,,,,,,,,,,,,,,,,,,,,,,,,,,,,,,,,,,,,,,,,,,,,,,,,,,,,,,,,,,,,,,,,,,,,,,
375,5000002514,2017,1,1,0,0,0,261,,RUBY,MI00,RM00,,,,,,,,,0,0,,H,USD,27344.26,0,27344.26,,,,556,G,556,G,556,G,,,,,0,,,0,X,,,,,,NA00,,,,,,,,,,,,2017,,,US00,,0,,0,0,0,,0,2,,,,,,,,,B,,,,0,,,,,0,0,0,,,,,0,,0,0,0,,,,,0,,,,0,0,0,,,,,,,,,,,,,,,,,,,,,,,,,,,,,,,,,,,,,,,,,,,,,,,,,,,,,,,,,,,,,,,,,,,,,,,,,,,,,,,,,,,,,,,,,,,,
375,5000002515,2017,1,1,0,0,0,261,,RUBY,MI00,RM00,,,,,,,,,0,0,,H,USD,14606.56,0,14606.56,,,,297,G,297,G,297,G,,,,,0,,,0,X,,,,,,NA00,,,,,,,,,,,,2017,,,US00,,0,,0,0,0,,0,2,,,,,,,,,B,,,,0,,,,,0,0,0,,,,,0,,0,0,0,,,,,0,,,,0,0,0,,,,,,,,,,,,,,,,,,,,,,,,,,,,,,,,,,,,,,,,,,,,,,,,,,,,,,,,,,,,,,,,,,,,,,,,,,,,,,,,,,,,,,,,,,,,
375,5000002516,2017,1,1,0,0,0,261,,RUBY,MI00,RM00,,,,,,,,,0,0,,H,USD,9688.52,0,9688.52,,,,197,G,197,G,197,G,,,,,0,,,0,X,,,,,,NA00,,,,,,,,,,,,2017,,,US00,,0,,0,0,0,,0,2,,,,,,,,,B,,,,0,,,,,0,0,0,,,,,0,,0,0,0,,,,,0,,,,0,0,0,,,,,,,,,,,,,,,,,,,,,,,,,,,,,,,,,,,,,,,,,,,,,,,,,,,,,,,,,,,,,,,,,,,,,,,,,,,,,,,,,,,,,,,,,,,,
375,5000002517,2017,1,1,0,0,0,261,,RUBY,MI00,RM00,,,,,,,,,0,0,,H,USD,17213.11,0,17213.11,,,,350,G,350,G,350,G,,,,,0,,,0,X,,,,,,NA00,,,,,,,,,,,,2017,,,US00,,0,,0,0,0,,0,2,,,,,,,,,B,,,,0,,,,,0,0,0,,,,,0,,0,0,0,,,,,0,,,,0,0,0,,,,,,,,,,,,,,,,,,,,,,,,,,,,,,,,,,,,,,,,,,,,,,,,,,,,,,,,,,,,,,,,,,,,,,,,,,,,,,,,,,,,,,,,,,,,
375,5000002518,2017,1,1,0,0,0,261,,RUSSIAN RUBY,MI00,RM00,,,,,,,,,0,0,,H,USD,9614147.42,0,9614147.42,,,,2374,G,2374,G,2374,G,,,,,0,,,0,X,,,,,,NA00,,,,,,,,,,,,2017,,,US00,,0,,0,0,0,,0,2,,,,,,,,,B,,,,0,,,,,0,0,0,,,,,0,,0,0,0,,,,,0,,,,0,0,0,,,,,,,,,,,,,,,,,,,,,,,,,,,,,,,,,,,,,,,,,,,,,,,,,,,,,,,,,,,,,,,,,,,,,,,,,,,,,,,,,,,,,,,,,,,,
375,5000002519,2017,1,1,0,0,0,261,,RUSSIAN RUBY,MI00,RM00,,,,,,,,,0,0,,H,USD,5673723.90,0,5673723.90,,,,1401,G,1401,G,1401,G,,,,,0,,,0,X,,,,,,NA00,,,,,,,,,,,,2017,,,US00,,0,,0,0,0,,0,2,,,,,,,,,B,,,,0,,,,,0,0,0,,,,,0,,0,0,0,,,,,0,,,,0,0,0,,,,,,,,,,,,,,,,,,,,,,,,,,,,,,,,,,,,,,,,,,,,,,,,,,,,,,,,,,,,,,,,,,,,,,,,,,,,,,,,,,,,,,,,,,,,
375,5000002520,2017,1,1,0,0,0,261,,RUSSIAN RUBY,MI00,RM00,,,,,,,,,0,0,,H,USD,700609.73,0,700609.73,,,,173,G,173,G,173,G,,,,,0,,,0,X,,,,,,NA00,,,,,,,,,,,,2017,,,US00,,0,,0,0,0,,0,2,,,,,,,,,B,,,,0,,,,,0,0,0,,,,,0,,0,0,0,,,,,0,,,,0,0,0,,,,,,,,,,,,,,,,,,,,,,,,,,,,,,,,,,,,,,,,,,,,,,,,,,,,,,,,,,,,,,,,,,,,,,,,,,,,,,,,,,,,,,,,,,,,
375,5000002521,2017,1,1,0,0,0,261,,SA SAPPHIRE,MI00,RM00,,,,,,,,,0,0,,H,USD,2815475.84,0,2815475.84,,,,667,G,667,G,667,G,,,,,0,,,0,X,,,,,,NA00,,,,,,,,,,,,2017,,,US00,,0,,0,0,0,,0,2,,,,,,,,,B,,,,0,,,,,0,0,0,,,,,0,,0,0,0,,,,,0,,,,0,0,0,,,,,,,,,,,,,,,,,,,,,,,,,,,,,,,,,,,,,,,,,,,,,,,,,,,,,,,,,,,,,,,,,,,,,,,,,,,,,,,,,,,,,,,,,,,,
375,5000002522,2017,1,1,0,0,0,261,,SA SAPPHIRE,MI00,RM00,,,,,,,,,0,0,,H,USD,29547.72,0,29547.72,,,,7,G,7,G,7,G,,,,,0,,,0,X,,,,,,NA00,,,,,,,,,,,,2017,,,US00,,0,,0,0,0,,0,2,,,,,,,,,B,,,,0,,,,,0,0,0,,,,,0,,0,0,0,,,,,0,,,,0,0,0,,,,,,,,,,,,,,,,,,,,,,,,,,,,,,,,,,,,,,,,,,,,,,,,,,,,,,,,,,,,,,,,,,,,,,,,,,,,,,,,,,,,,,,,,,,,
375,5000002523,2017,1,1,0,0,0,261,,SA SAPPHIRE,MI00,RM00,,,,,,,,,0,0,,H,USD,582512.24,0,582512.24,,,,138,G,138,G,138,G,,,,,0,,,0,X,,,,,,NA00,,,,,,,,,,,,2017,,,US00,,0,,0,0,0,,0,2,,,,,,,,,B,,,,0,,,,,0,0,0,,,,,0,,0,0,0,,,,,0,,,,0,0,0,,,,,,,,,,,,,,,,,,,,,,,,,,,,,,,,,,,,,,,,,,,,,,,,,,,,,,,,,,,,,,,,,,,,,,,,,,,,,,,,,,,,,,,,,,,,
375,5000002524,2017,1,1,0,0,0,261,,SA SAPPHIRE,MI00,RM00,,,,,,,,,0,0,,H,USD,1093265.73,0,1093265.73,,,,259,G,259,G,259,G,,,,,0,,,0,X,,,,,,NA00,,,,,,,,,,,,2017,,,US00,,0,,0,0,0,,0,2,,,,,,,,,B,,,,0,,,,,0,0,0,,,,,0,,0,0,0,,,,,0,,,,0,0,0,,,,,,,,,,,,,,,,,,,,,,,,,,,,,,,,,,,,,,,,,,,,,,,,,,,,,,,,,,,,,,,,,,,,,,,,,,,,,,,,,,,,,,,,,,,,
375,5000002525,2017,1,1,0,0,0,261,,SA SAPPHIRE,MI00,RM00,,,,,,,,,0,0,,H,USD,1574471.50,0,1574471.50,,,,373,G,373,G,373,G,,,,,0,,,0,X,,,,,,NA00,,,,,,,,,,,,2017,,,US00,,0,,0,0,0,,0,2,,,,,,,,,B,,,,0,,,,,0,0,0,,,,,0,,0,0,0,,,,,0,,,,0,0,0,,,,,,,,,,,,,,,,,,,,,,,,,,,,,,,,,,,,,,,,,,,,,,,,,,,,,,,,,,,,,,,,,,,,,,,,,,,,,,,,,,,,,,,,,,,,
375,5000002526,2017,1,1,0,0,0,261,,SA SAPPHIRE,MI00,RM00,,,,,,,,,0,0,,H,USD,2996983.28,0,2996983.28,,,,710,G,710,G,710,G,,,,,0,,,0,X,,,,,,NA00,,,,,,,,,,,,2017,,,US00,,0,,0,0,0,,0,2,,,,,,,,,B,,,,0,,,,,0,0,0,,,,,0,,0,0,0,,,,,0,,,,0,0,0,,,,,,,,,,,,,,,,,,,,,,,,,,,,,,,,,,,,,,,,,,,,,,,,,,,,,,,,,,,,,,,,,,,,,,,,,,,,,,,,,,,,,,,,,,,,
375,5000002527,2017,1,1,0,0,0,261,,SA SAPPHIRE,MI00,RM00,,,,,,,,,0,0,,H,USD,1114371.25,0,1114371.25,,,,264,G,264,G,264,G,,,,,0,,,0,X,,,,,,NA00,,,,,,,,,,,,2017,,,US00,,0,,0,0,0,,0,2,,,,,,,,,B,,,,0,,,,,0,0,0,,,,,0,,0,0,0,,,,,0,,,,0,0,0,,,,,,,,,,,,,,,,,,,,,,,,,,,,,,,,,,,,,,,,,,,,,,,,,,,,,,,,,,,,,,,,,,,,,,,,,,,,,,,,,,,,,,,,,,,,
375,5000002528,2017,1,1,0,0,0,261,,SILVER,MI00,RM00,,,,,,,,,0,0,,H,USD,56393.28,0,56393.28,,,,5535,LB,5535,LB,5535,LB,,,,,0,,,0,X,,,,,,NA00,,,,,,,,,,,,2017,,,US00,,0,,0,0,0,,0,2,,,,,,,,,B,,,,0,,,,,0,0,0,,,,,0,,0,0,0,,,,,0,,,,0,0,0,,,,,,,,,,,,,,,,,,,,,,,,,,,,,,,,,,,,,,,,,,,,,,,,,,,,,,,,,,,,,,,,,,,,,,,,,,,,,,,,,,,,,,,,,,,,
375,5000002529,2017,1,1,0,0,0,261,,SILVER,MI00,RM00,,,,,,,,,0,0,,H,USD,5399.90,0,5399.90,,,,530,LB,530,LB,530,LB,,,,,0,,,0,X,,,,,,NA00,,,,,,,,,,,,2017,,,US00,,0,,0,0,0,,0,2,,,,,,,,,B,,,,0,,,,,0,0,0,,,,,0,,0,0,0,,,,,0,,,,0,0,0,,,,,,,,,,,,,,,,,,,,,,,,,,,,,,,,,,,,,,,,,,,,,,,,,,,,,,,,,,,,,,,,,,,,,,,,,,,,,,,,,,,,,,,,,,,,
375,5000002530,2017,1,1,0,0,0,261,,SILVER,MI00,RM00,,,,,,,,,0,0,,H,USD,39714.72,0,39714.72,,,,3898,LB,3898,LB,3898,LB,,,,,0,,,0,X,,,,,,NA00,,,,,,,,,,,,2017,,,US00,,0,,0,0,0,,0,2,,,,,,,,,B,,,,0,,,,,0,0,0,,,,,0,,0,0,0,,,,,0,,,,0,0,0,,,,,,,,,,,,,,,,,,,,,,,,,,,,,,,,,,,,,,,,,,,,,,,,,,,,,,,,,,,,,,,,,,,,,,,,,,,,,,,,,,,,,,,,,,,,
375,5000002531,2017,1,1,0,0,0,261,,SILVER,MI00,RM00,,,,,,,,,0,0,,H,USD,1161.49,0,1161.49,,,,114,LB,114,LB,114,LB,,,,,0,,,0,X,,,,,,NA00,,,,,,,,,,,,2017,,,US00,,0,,0,0,0,,0,2,,,,,,,,,B,,,,0,,,,,0,0,0,,,,,0,,0,0,0,,,,,0,,,,0,0,0,,,,,,,,,,,,,,,,,,,,,,,,,,,,,,,,,,,,,,,,,,,,,,,,,,,,,,,,,,,,,,,,,,,,,,,,,,,,,,,,,,,,,,,,,,,,
375,5000002532,2017,1,1,0,0,0,261,,SILVER,MI00,RM00,,,,,,,,,0,0,,H,USD,26836.47,0,26836.47,,,,2634,LB,2634,LB,2634,LB,,,,,0,,,0,X,,,,,,NA00,,,,,,,,,,,,2017,,,US00,,0,,0,0,0,,0,2,,,,,,,,,B,,,,0,,,,,0,0,0,,,,,0,,0,0,0,,,,,0,,,,0,0,0,,,,,,,,,,,,,,,,,,,,,,,,,,,,,,,,,,,,,,,,,,,,,,,,,,,,,,,,,,,,,,,,,,,,,,,,,,,,,,,,,,,,,,,,,,,,
375,5000002533,2017,1,1,0,0,0,261,,SILVER,MI00,RM00,,,,,,,,,0,0,,H,USD,54569.54,0,54569.54,,,,5356,LB,5356,LB,5356,LB,,,,,0,,,0,X,,,,,,NA00,,,,,,,,,,,,2017,,,US00,,0,,0,0,0,,0,2,,,,,,,,,B,,,,0,,,,,0,0,0,,,,,0,,0,0,0,,,,,0,,,,0,0,0,,,,,,,,,,,,,,,,,,,,,,,,,,,,,,,,,,,,,,,,,,,,,,,,,,,,,,,,,,,,,,,,,,,,,,,,,,,,,,,,,,,,,,,,,,,,
375,5000002534,2017,1,1,0,0,0,261,,SWISS SAPPHIRE,MI00,RM00,,,,,,,,,0,0,,H,USD,2374429.22,0,2374429.22,,,,104,G,104,G,104,G,,,,,0,,,0,X,,,,,,NA00,,,,,,,,,,,,2017,,,US00,,0,,0,0,0,,0,2,,,,,,,,,B,,,,0,,,,,0,0,0,,,,,0,,0,0,0,,,,,0,,,,0,0,0,,,,,,,,,,,,,,,,,,,,,,,,,,,,,,,,,,,,,,,,,,,,,,,,,,,,,,,,,,,,,,,,,,,,,,,,,,,,,,,,,,,,,,,,,,,,
375,5000002535,2017,1,1,0,0,0,261,,SWISS SAPPHIRE,MI00,RM00,,,,,,,,,0,0,,H,USD,1347031.96,0,1347031.96,,,,59,G,59,G,59,G,,,,,0,,,0,X,,,,,,NA00,,,,,,,,,,,,2017,,,US00,,0,,0,0,0,,0,2,,,,,,,,,B,,,,0,,,,,0,0,0,,,,,0,,0,0,0,,,,,0,,,,0,0,0,,,,,,,,,,,,,,,,,,,,,,,,,,,,,,,,,,,,,,,,,,,,,,,,,,,,,,,,,,,,,,,,,,,,,,,,,,,,,,,,,,,,,,,,,,,,
375,5000002536,2017,1,1,0,0,0,261,,SWISS SAPPHIRE,MI00,RM00,,,,,,,,,0,0,,H,USD,2557077.63,0,2557077.63,,,,112,G,112,G,112,G,,,,,0,,,0,X,,,,,,NA00,,,,,,,,,,,,2017,,,US00,,0,,0,0,0,,0,2,,,,,,,,,B,,,,0,,,,,0,0,0,,,,,0,,0,0,0,,,,,0,,,,0,0,0,,,,,,,,,,,,,,,,,,,,,,,,,,,,,,,,,,,,,,,,,,,,,,,,,,,,,,,,,,,,,,,,,,,,,,,,,,,,,,,,,,,,,,,,,,,,
375,5000002537,2017,1,1,0,0,0,261,,SWISS SAPPHIRE,MI00,RM00,,,,,,,,,0,0,,H,USD,2488584.48,0,2488584.48,,,,109,G,109,G,109,G,,,,,0,,,0,X,,,,,,NA00,,,,,,,,,,,,2017,,,US00,,0,,0,0,0,,0,2,,,,,,,,,B,,,,0,,,,,0,0,0,,,,,0,,0,0,0,,,,,0,,,,0,0,0,,,,,,,,,,,,,,,,,,,,,,,,,,,,,,,,,,,,,,,,,,,,,,,,,,,,,,,,,,,,,,,,,,,,,,,,,,,,,,,,,,,,,,,,,,,,
375,5000002538,2017,1,1,0,0,0,261,,TEST,MI00,RM00,,,,,,,,,0,0,,H,USD,133451.18,0,133451.18,,,,14085,LB,14085,LB,14085,LB,,,,,0,,,0,X,,,,,,NA00,,,,,,,,,,,,2017,,,US00,,0,,0,0,0,,0,2,,,,,,,,,B,,,,0,,,,,0,0,0,,,,,0,,0,0,0,,,,,0,,,,0,0,0,,,,,,,,,,,,,,,,,,,,,,,,,,,,,,,,,,,,,,,,,,,,,,,,,,,,,,,,,,,,,,,,,,,,,,,,,,,,,,,,,,,,,,,,,,,,
375,5000002539,2017,1,1,0,0,0,261,,TEST,MI00,RM00,,,,,,,,,0,0,,H,USD,28007.22,0,28007.22,,,,2956,LB,2956,LB,2956,LB,,,,,0,,,0,X,,,,,,NA00,,,,,,,,,,,,2017,,,US00,,0,,0,0,0,,0,2,,,,,,,,,B,,,,0,,,,,0,0,0,,,,,0,,0,0,0,,,,,0,,,,0,0,0,,,,,,,,,,,,,,,,,,,,,,,,,,,,,,,,,,,,,,,,,,,,,,,,,,,,,,,,,,,,,,,,,,,,,,,,,,,,,,,,,,,,,,,,,,,,
375,5000002540,2017,1,1,0,0,0,261,,TEST,MI00,RM00,,,,,,,,,0,0,,H,USD,6073.28,0,6073.28,,,,641,LB,641,LB,641,LB,,,,,0,,,0,X,,,,,,NA00,,,,,,,,,,,,2017,,,US00,,0,,0,0,0,,0,2,,,,,,,,,B,,,,0,,,,,0,0,0,,,,,0,,0,0,0,,,,,0,,,,0,0,0,,,,,,,,,,,,,,,,,,,,,,,,,,,,,,,,,,,,,,,,,,,,,,,,,,,,,,,,,,,,,,,,,,,,,,,,,,,,,,,,,,,,,,,,,,,,
375,5000002541,2017,1,1,0,0,0,261,,TEST,MI00,RM00,,,,,,,,,0,0,,H,USD,17670.32,0,17670.32,,,,1865,LB,1865,LB,1865,LB,,,,,0,,,0,X,,,,,,NA00,,,,,,,,,,,,2017,,,US00,,0,,0,0,0,,0,2,,,,,,,,,B,,,,0,,,,,0,0,0,,,,,0,,0,0,0,,,,,0,,,,0,0,0,,,,,,,,,,,,,,,,,,,,,,,,,,,,,,,,,,,,,,,,,,,,,,,,,,,,,,,,,,,,,,,,,,,,,,,,,,,,,,,,,,,,,,,,,,,,
375,5000002542,2017,1,1,0,0,0,261,,TEST,MI00,RM00,,,,,,,,,0,0,,H,USD,6490.17,0,6490.17,,,,685,LB,685,LB,685,LB,,,,,0,,,0,X,,,,,,NA00,,,,,,,,,,,,2017,,,US00,,0,,0,0,0,,0,2,,,,,,,,,B,,,,0,,,,,0,0,0,,,,,0,,0,0,0,,,,,0,,,,0,0,0,,,,,,,,,,,,,,,,,,,,,,,,,,,,,,,,,,,,,,,,,,,,,,,,,,,,,,,,,,,,,,,,,,,,,,,,,,,,,,,,,,,,,,,,,,,,
375,5000002543,2017,1,1,0,0,0,261,,TEST,MI00,RM00,,,,,,,,,0,0,,H,USD,3998.32,0,3998.32,,,,422,LB,422,LB,422,LB,,,,,0,,,0,X,,,,,,NA00,,,,,,,,,,,,2017,,,US00,,0,,0,0,0,,0,2,,,,,,,,,B,,,,0,,,,,0,0,0,,,,,0,,0,0,0,,,,,0,,,,0,0,0,,,,,,,,,,,,,,,,,,,,,,,,,,,,,,,,,,,,,,,,,,,,,,,,,,,,,,,,,,,,,,,,,,,,,,,,,,,,,,,,,,,,,,,,,,,,
375,5000002544,2017,1,1,0,0,0,261,,TEST,MI00,RM00,,,,,,,,,0,0,,H,USD,12051.82,0,12051.82,,,,1272,LB,1272,LB,1272,LB,,,,,0,,,0,X,,,,,,NA00,,,,,,,,,,,,2017,,,US00,,0,,0,0,0,,0,2,,,,,,,,,B,,,,0,,,,,0,0,0,,,,,0,,0,0,0,,,,,0,,,,0,0,0,,,,,,,,,,,,,,,,,,,,,,,,,,,,,,,,,,,,,,,,,,,,,,,,,,,,,,,,,,,,,,,,,,,,,,,,,,,,,,,,,,,,,,,,,,,,
375,5000002545,2017,1,1,0,0,0,261,,TEST,MI00,RM00,,,,,,,,,0,0,,H,USD,16950.24,0,16950.24,,,,1789,LB,1789,LB,1789,LB,,,,,0,,,0,X,,,,,,NA00,,,,,,,,,,,,2017,,,US00,,0,,0,0,0,,0,2,,,,,,,,,B,,,,0,,,,,0,0,0,,,,,0,,0,0,0,,,,,0,,,,0,0,0,,,,,,,,,,,,,,,,,,,,,,,,,,,,,,,,,,,,,,,,,,,,,,,,,,,,,,,,,,,,,,,,,,,,,,,,,,,,,,,,,,,,,,,,,,,,
375,5000002546,2017,1,1,0,0,0,261,,TEST,MI00,RM00,,,,,,,,,0,0,,H,USD,24387.88,0,24387.88,,,,2574,LB,2574,LB,2574,LB,,,,,0,,,0,X,,,,,,NA00,,,,,,,,,,,,2017,,,US00,,0,,0,0,0,,0,2,,,,,,,,,B,,,,0,,,,,0,0,0,,,,,0,,0,0,0,,,,,0,,,,0,0,0,,,,,,,,,,,,,,,,,,,,,,,,,,,,,,,,,,,,,,,,,,,,,,,,,,,,,,,,,,,,,,,,,,,,,,,,,,,,,,,,,,,,,,,,,,,,
375,5000002547,2017,1,1,0,0,0,261,,WALLET,MI00,RM00,,,,,,,,,0,0,,H,USD,22.99,0,22.99,,,,283,LB,283,LB,283,LB,,,,,0,,,0,X,,,,,,NA00,,,,,,,,,,,,2017,,,US00,,0,,0,0,0,,0,2,,,,,,,,,B,,,,0,,,,,0,0,0,,,,,0,,0,0,0,,,,,0,,,,0,0,0,,,,,,,,,,,,,,,,,,,,,,,,,,,,,,,,,,,,,,,,,,,,,,,,,,,,,,,,,,,,,,,,,,,,,,,,,,,,,,,,,,,,,,,,,,,,
375,5000002548,2017,1,1,0,0,0,261,,WALLET,MI00,RM00,,,,,,,,,0,0,,H,USD,75.71,0,75.71,,,,932,LB,932,LB,932,LB,,,,,0,,,0,X,,,,,,NA00,,,,,,,,,,,,2017,,,US00,,0,,0,0,0,,0,2,,,,,,,,,B,,,,0,,,,,0,0,0,,,,,0,,0,0,0,,,,,0,,,,0,0,0,,,,,,,,,,,,,,,,,,,,,,,,,,,,,,,,,,,,,,,,,,,,,,,,,,,,,,,,,,,,,,,,,,,,,,,,,,,,,,,,,,,,,,,,,,,,
375,5000002549,2017,1,1,0,0,0,261,,WALLET,MI00,RM00,,,,,,,,,0,0,,H,USD,20.47,0,20.47,,,,252,LB,252,LB,252,LB,,,,,0,,,0,X,,,,,,NA00,,,,,,,,,,,,2017,,,US00,,0,,0,0,0,,0,2,,,,,,,,,B,,,,0,,,,,0,0,0,,,,,0,,0,0,0,,,,,0,,,,0,0,0,,,,,,,,,,,,,,,,,,,,,,,,,,,,,,,,,,,,,,,,,,,,,,,,,,,,,,,,,,,,,,,,,,,,,,,,,,,,,,,,,,,,,,,,,,,,
375,5000002550,2017,1,1,0,0,0,261,,WALLET,MI00,RM00,,,,,,,,,0,0,,H,USD,6.82,0,6.82,,,,84,LB,84,LB,84,LB,,,,,0,,,0,X,,,,,,NA00,,,,,,,,,,,,2017,,,US00,,0,,0,0,0,,0,2,,,,,,,,,B,,,,0,,,,,0,0,0,,,,,0,,0,0,0,,,,,0,,,,0,0,0,,,,,,,,,,,,,,,,,,,,,,,,,,,,,,,,,,,,,,,,,,,,,,,,,,,,,,,,,,,,,,,,,,,,,,,,,,,,,,,,,,,,,,,,,,,,
375,5000002551,2017,1,1,0,0,0,261,,WALLET,MI00,RM00,,,,,,,,,0,0,,H,USD,57.35,0,57.35,,,,706,LB,706,LB,706,LB,,,,,0,,,0,X,,,,,,NA00,,,,,,,,,,,,2017,,,US00,,0,,0,0,0,,0,2,,,,,,,,,B,,,,0,,,,,0,0,0,,,,,0,,0,0,0,,,,,0,,,,0,0,0,,,,,,,,,,,,,,,,,,,,,,,,,,,,,,,,,,,,,,,,,,,,,,,,,,,,,,,,,,,,,,,,,,,,,,,,,,,,,,,,,,,,,,,,,,,,
375,5000002552,2017,1,1,0,0,0,261,,ZTESTHEXNT,MI00,RM00,,,,,,,,,0,0,,H,USD,72881.92,0,72881.92,,,,12044,LB,12044,LB,12044,LB,,,,,0,,,0,X,,,,,,NA00,,,,,,,,,,,,2017,,,US00,,0,,0,0,0,,0,2,,,,,,,,,B,,,,0,,,,,0,0,0,,,,,0,,0,0,0,,,,,0,,,,0,0,0,,,,,,,,,,,,,,,,,,,,,,,,,,,,,,,,,,,,,,,,,,,,,,,,,,,,,,,,,,,,,,,,,,,,,,,,,,,,,,,,,,,,,,,,,,,,
375,5000002553,2017,1,1,0,0,0,261,,ZTESTHEXNT,MI00,RM00,,,,,,,,,0,0,,H,USD,48174.44,0,48174.44,,,,7961,LB,7961,LB,7961,LB,,,,,0,,,0,X,,,,,,NA00,,,,,,,,,,,,2017,,,US00,,0,,0,0,0,,0,2,,,,,,,,,B,,,,0,,,,,0,0,0,,,,,0,,0,0,0,,,,,0,,,,0,0,0,,,,,,,,,,,,,,,,,,,,,,,,,,,,,,,,,,,,,,,,,,,,,,,,,,,,,,,,,,,,,,,,,,,,,,,,,,,,,,,,,,,,,,,,,,,,
375,5000002554,2017,1,1,0,0,0,261,,ZTESTHEXNT,MI00,RM00,,,,,,,,,0,0,,H,USD,24247.58,0,24247.58,,,,4007,LB,4007,LB,4007,LB,,,,,0,,,0,X,,,,,,NA00,,,,,,,,,,,,2017,,,US00,,0,,0,0,0,,0,2,,,,,,,,,B,,,,0,,,,,0,0,0,,,,,0,,0,0,0,,,,,0,,,,0,0,0,,,,,,,,,,,,,,,,,,,,,,,,,,,,,,,,,,,,,,,,,,,,,,,,,,,,,,,,,,,,,,,,,,,,,,,,,,,,,,,,,,,,,,,,,,,,
375,5000002555,2017,1,1,0,0,0,261,,ZTESTHEXNT,MI00,RM00,,,,,,,,,0,0,,H,USD,12520.15,0,12520.15,,,,2069,LB,2069,LB,2069,LB,,,,,0,,,0,X,,,,,,NA00,,,,,,,,,,,,2017,,,US00,,0,,0,0,0,,0,2,,,,,,,,,B,,,,0,,,,,0,0,0,,,,,0,,0,0,0,,,,,0,,,,0,0,0,,,,,,,,,,,,,,,,,,,,,,,,,,,,,,,,,,,,,,,,,,,,,,,,,,,,,,,,,,,,,,,,,,,,,,,,,,,,,,,,,,,,,,,,,,,,
375,5000002556,2017,1,1,0,0,0,261,,ZTESTHEXNT,MI00,RM00,,,,,,,,,0,0,,H,USD,124439.04,0,124439.04,,,,20564,LB,20564,LB,20564,LB,,,,,0,,,0,X,,,,,,NA00,,,,,,,,,,,,2017,,,US00,,0,,0,0,0,,0,2,,,,,,,,,B,,,,0,,,,,0,0,0,,,,,0,,0,0,0,,,,,0,,,,0,0,0,,,,,,,,,,,,,,,,,,,,,,,,,,,,,,,,,,,,,,,,,,,,,,,,,,,,,,,,,,,,,,,,,,,,,,,,,,,,,,,,,,,,,,,,,,,,
375,5000002557,2017,1,1,0,0,0,261,,ZTESTHEXNT,MI00,RM00,,,,,,,,,0,0,,H,USD,36374.39,0,36374.39,,,,6011,LB,6011,LB,6011,LB,,,,,0,,,0,X,,,,,,NA00,,,,,,,,,,,,2017,,,US00,,0,,0,0,0,,0,2,,,,,,,,,B,,,,0,,,,,0,0,0,,,,,0,,0,0,0,,,,,0,,,,0,0,0,,,,,,,,,,,,,,,,,,,,,,,,,,,,,,,,,,,,,,,,,,,,,,,,,,,,,,,,,,,,,,,,,,,,,,,,,,,,,,,,,,,,,,,,,,,,
375,5000002558,2017,1,1,0,0,0,261,,ZTESTHEXNT,MI00,RM00,,,,,,,,,0,0,,H,USD,87749.97,0,87749.97,,,,14501,LB,14501,LB,14501,LB,,,,,0,,,0,X,,,,,,NA00,,,,,,,,,,,,2017,,,US00,,0,,0,0,0,,0,2,,,,,,,,,B,,,,0,,,,,0,0,0,,,,,0,,0,0,0,,,,,0,,,,0,0,0,,,,,,,,,,,,,,,,,,,,,,,,,,,,,,,,,,,,,,,,,,,,,,,,,,,,,,,,,,,,,,,,,,,,,,,,,,,,,,,,,,,,,,,,,,,,
375,5000002559,2017,1,1,0,0,0,261,,ZTESTHEXNT,MI00,RM00,,,,,,,,,0,0,,H,USD,3552.12,0,3552.12,,,,587,LB,587,LB,587,LB,,,,,0,,,0,X,,,,,,NA00,,,,,,,,,,,,2017,,,US00,,0,,0,0,0,,0,2,,,,,,,,,B,,,,0,,,,,0,0,0,,,,,0,,0,0,0,,,,,0,,,,0,0,0,,,,,,,,,,,,,,,,,,,,,,,,,,,,,,,,,,,,,,,,,,,,,,,,,,,,,,,,,,,,,,,,,,,,,,,,,,,,,,,,,,,,,,,,,,,,
375,5000002560,2017,1,1,0,0,0,261,,AAA LUBE,SC00,RM00,,,,,,,,,0,0,,H,USD,205325.11,0,205325.11,,,,37,DR,37,DR,37,DR,,,,,0,,,0,X,,,,,,NA00,,,,,,,,,,,,2017,,,US00,,0,,0,0,0,,0,2,,,,,,,,,B,,,,0,,,,,0,0,0,,,,,0,,0,0,0,,,,,0,,,,0,0,0,,,,,,,,,,,,,,,,,,,,,,,,,,,,,,,,,,,,,,,,,,,,,,,,,,,,,,,,,,,,,,,,,,,,,,,,,,,,,,,,,,,,,,,,,,,,
375,5000002561,2017,1,1,0,0,0,261,,AAA LUBE,SC00,RM00,,,,,,,,,0,0,,H,USD,4189742.15,0,4189742.15,,,,755,DR,755,DR,755,DR,,,,,0,,,0,X,,,,,,NA00,,,,,,,,,,,,2017,,,US00,,0,,0,0,0,,0,2,,,,,,,,,B,,,,0,,,,,0,0,0,,,,,0,,0,0,0,,,,,0,,,,0,0,0,,,,,,,,,,,,,,,,,,,,,,,,,,,,,,,,,,,,,,,,,,,,,,,,,,,,,,,,,,,,,,,,,,,,,,,,,,,,,,,,,,,,,,,,,,,,
375,5000002562,2017,1,1,0,0,0,261,,AAA LUBE,SC00,RM00,,,,,,,,,0,0,,H,USD,2092096.41,0,2092096.41,,,,377,DR,377,DR,377,DR,,,,,0,,,0,X,,,,,,NA00,,,,,,,,,,,,2017,,,US00,,0,,0,0,0,,0,2,,,,,,,,,B,,,,0,,,,,0,0,0,,,,,0,,0,0,0,,,,,0,,,,0,0,0,,,,,,,,,,,,,,,,,,,,,,,,,,,,,,,,,,,,,,,,,,,,,,,,,,,,,,,,,,,,,,,,,,,,,,,,,,,,,,,,,,,,,,,,,,,,
375,5000002563,2017,1,1,0,0,0,261,,AAA LUBE,SC00,RM00,,,,,,,,,0,0,,H,USD,305213.00,0,305213.00,,,,55,DR,55,DR,55,DR,,,,,0,,,0,X,,,,,,NA00,,,,,,,,,,,,2017,,,US00,,0,,0,0,0,,0,2,,,,,,,,,B,,,,0,,,,,0,0,0,,,,,0,,0,0,0,,,,,0,,,,0,0,0,,,,,,,,,,,,,,,,,,,,,,,,,,,,,,,,,,,,,,,,,,,,,,,,,,,,,,,,,,,,,,,,,,,,,,,,,,,,,,,,,,,,,,,,,,,,
375,5000002564,2017,1,1,0,0,0,261,,AAA LUBE,SC00,RM00,,,,,,,,,0,0,,H,USD,1104316.14,0,1104316.14,,,,199,DR,199,DR,199,DR,,,,,0,,,0,X,,,,,,NA00,,,,,,,,,,,,2017,,,US00,,0,,0,0,0,,0,2,,,,,,,,,B,,,,0,,,,,0,0,0,,,,,0,,0,0,0,,,,,0,,,,0,0,0,,,,,,,,,,,,,,,,,,,,,,,,,,,,,,,,,,,,,,,,,,,,,,,,,,,,,,,,,,,,,,,,,,,,,,,,,,,,,,,,,,,,,,,,,,,,
375,5000002565,2017,1,1,0,0,0,261,,AAA LUBE,SC00,RM00,,,,,,,,,0,0,,H,USD,488340.81,0,488340.81,,,,88,DR,88,DR,88,DR,,,,,0,,,0,X,,,,,,NA00,,,,,,,,,,,,2017,,,US00,,0,,0,0,0,,0,2,,,,,,,,,B,,,,0,,,,,0,0,0,,,,,0,,0,0,0,,,,,0,,,,0,0,0,,,,,,,,,,,,,,,,,,,,,,,,,,,,,,,,,,,,,,,,,,,,,,,,,,,,,,,,,,,,,,,,,,,,,,,,,,,,,,,,,,,,,,,,,,,,
375,5000002566,2017,1,1,0,0,0,261,,AAA LUBE,SC00,RM00,,,,,,,,,0,0,,H,USD,2463901.35,0,2463901.35,,,,444,DR,444,DR,444,DR,,,,,0,,,0,X,,,,,,NA00,,,,,,,,,,,,2017,,,US00,,0,,0,0,0,,0,2,,,,,,,,,B,,,,0,,,,,0,0,0,,,,,0,,0,0,0,,,,,0,,,,0,0,0,,,,,,,,,,,,,,,,,,,,,,,,,,,,,,,,,,,,,,,,,,,,,,,,,,,,,,,,,,,,,,,,,,,,,,,,,,,,,,,,,,,,,,,,,,,,
375,5000002567,2017,1,1,0,0,0,261,,ADAMANTIUM,SC00,RM00,,,,,,,,,0,0,,H,USD,215878.39,0,215878.39,,,,831,LB,831,LB,831,LB,,,,,0,,,0,X,,,,,,NA00,,,,,,,,,,,,2017,,,US00,,0,,0,0,0,,0,2,,,,,,,,,B,,,,0,,,,,0,0,0,,,,,0,,0,0,0,,,,,0,,,,0,0,0,,,,,,,,,,,,,,,,,,,,,,,,,,,,,,,,,,,,,,,,,,,,,,,,,,,,,,,,,,,,,,,,,,,,,,,,,,,,,,,,,,,,,,,,,,,,
375,5000002568,2017,1,1,0,0,0,261,,ADAMANTIUM,SC00,RM00,,,,,,,,,0,0,,H,USD,1021980.23,0,1021980.23,,,,3934,LB,3934,LB,3934,LB,,,,,0,,,0,X,,,,,,NA00,,,,,,,,,,,,2017,,,US00,,0,,0,0,0,,0,2,,,,,,,,,B,,,,0,,,,,0,0,0,,,,,0,,0,0,0,,,,,0,,,,0,0,0,,,,,,,,,,,,,,,,,,,,,,,,,,,,,,,,,,,,,,,,,,,,,,,,,,,,,,,,,,,,,,,,,,,,,,,,,,,,,,,,,,,,,,,,,,,,
375,5000002569,2017,1,1,0,0,0,261,,ADAMANTIUM,SC00,RM00,,,,,,,,,0,0,,H,USD,2819667.88,0,2819667.88,,,,10854,LB,10854,LB,10854,LB,,,,,0,,,0,X,,,,,,NA00,,,,,,,,,,,,2017,,,US00,,0,,0,0,0,,0,2,,,,,,,,,B,,,,0,,,,,0,0,0,,,,,0,,0,0,0,,,,,0,,,,0,0,0,,,,,,,,,,,,,,,,,,,,,,,,,,,,,,,,,,,,,,,,,,,,,,,,,,,,,,,,,,,,,,,,,,,,,,,,,,,,,,,,,,,,,,,,,,,,
375,5000002570,2017,1,1,0,0,0,261,,ADAMANTIUM,SC00,RM00,,,,,,,,,0,0,,H,USD,1616100.41,0,1616100.41,,,,6221,LB,6221,LB,6221,LB,,,,,0,,,0,X,,,,,,NA00,,,,,,,,,,,,2017,,,US00,,0,,0,0,0,,0,2,,,,,,,,,B,,,,0,,,,,0,0,0,,,,,0,,0,0,0,,,,,0,,,,0,0,0,,,,,,,,,,,,,,,,,,,,,,,,,,,,,,,,,,,,,,,,,,,,,,,,,,,,,,,,,,,,,,,,,,,,,,,,,,,,,,,,,,,,,,,,,,,,
375,5000002571,2017,1,1,0,0,0,261,,ANGOLAN AMETHYST,SC00,RM00,,,,,,,,,0,0,,H,USD,771749.92,0,771749.92,,,,361,G,361,G,361,G,,,,,0,,,0,X,,,,,,NA00,,,,,,,,,,,,2017,,,US00,,0,,0,0,0,,0,2,,,,,,,,,B,,,,0,,,,,0,0,0,,,,,0,,0,0,0,,,,,0,,,,0,0,0,,,,,,,,,,,,,,,,,,,,,,,,,,,,,,,,,,,,,,,,,,,,,,,,,,,,,,,,,,,,,,,,,,,,,,,,,,,,,,,,,,,,,,,,,,,,
375,5000002572,2017,1,1,0,0,0,261,,ANGOLAN AMETHYST,SC00,RM00,,,,,,,,,0,0,,H,USD,64134.34,0,64134.34,,,,30,G,30,G,30,G,,,,,0,,,0,X,,,,,,NA00,,,,,,,,,,,,2017,,,US00,,0,,0,0,0,,0,2,,,,,,,,,B,,,,0,,,,,0,0,0,,,,,0,,0,0,0,,,,,0,,,,0,0,0,,,,,,,,,,,,,,,,,,,,,,,,,,,,,,,,,,,,,,,,,,,,,,,,,,,,,,,,,,,,,,,,,,,,,,,,,,,,,,,,,,,,,,,,,,,,
375,5000002573,2017,1,1,0,0,0,261,,ANGOLAN AMETHYST,SC00,RM00,,,,,,,,,0,0,,H,USD,440389.15,0,440389.15,,,,206,G,206,G,206,G,,,,,0,,,0,X,,,,,,NA00,,,,,,,,,,,,2017,,,US00,,0,,0,0,0,,0,2,,,,,,,,,B,,,,0,,,,,0,0,0,,,,,0,,0,0,0,,,,,0,,,,0,0,0,,,,,,,,,,,,,,,,,,,,,,,,,,,,,,,,,,,,,,,,,,,,,,,,,,,,,,,,,,,,,,,,,,,,,,,,,,,,,,,,,,,,,,,,,,,,
375,5000002574,2017,1,1,0,0,0,261,,ANGOLAN AMETHYST,SC00,RM00,,,,,,,,,0,0,,H,USD,641343.42,0,641343.42,,,,300,G,300,G,300,G,,,,,0,,,0,X,,,,,,NA00,,,,,,,,,,,,2017,,,US00,,0,,0,0,0,,0,2,,,,,,,,,B,,,,0,,,,,0,0,0,,,,,0,,0,0,0,,,,,0,,,,0,0,0,,,,,,,,,,,,,,,,,,,,,,,,,,,,,,,,,,,,,,,,,,,,,,,,,,,,,,,,,,,,,,,,,,,,,,,,,,,,,,,,,,,,,,,,,,,,
375,5000002575,2017,1,1,0,0,0,261,,ANGOLAN AMETHYST,SC00,RM00,,,,,,,,,0,0,,H,USD,4245693.47,0,4245693.47,,,,1986,G,1986,G,1986,G,,,,,0,,,0,X,,,,,,NA00,,,,,,,,,,,,2017,,,US00,,0,,0,0,0,,0,2,,,,,,,,,B,,,,0,,,,,0,0,0,,,,,0,,0,0,0,,,,,0,,,,0,0,0,,,,,,,,,,,,,,,,,,,,,,,,,,,,,,,,,,,,,,,,,,,,,,,,,,,,,,,,,,,,,,,,,,,,,,,,,,,,,,,,,,,,,,,,,,,,
375,5000002576,2017,1,1,0,0,0,261,,AUSTRALIAN AMETHYST,SC00,RM00,,,,,,,,,0,0,,H,USD,531034.48,0,531034.48,,,,66,G,66,G,66,G,,,,,0,,,0,X,,,,,,NA00,,,,,,,,,,,,2017,,,US00,,0,,0,0,0,,0,2,,,,,,,,,B,,,,0,,,,,0,0,0,,,,,0,,0,0,0,,,,,0,,,,0,0,0,,,,,,,,,,,,,,,,,,,,,,,,,,,,,,,,,,,,,,,,,,,,,,,,,,,,,,,,,,,,,,,,,,,,,,,,,,,,,,,,,,,,,,,,,,,,
375,5000002577,2017,1,1,0,0,0,261,,AUSTRALIAN AMETHYST,SC00,RM00,,,,,,,,,0,0,,H,USD,144827.59,0,144827.59,,,,18,G,18,G,18,G,,,,,0,,,0,X,,,,,,NA00,,,,,,,,,,,,2017,,,US00,,0,,0,0,0,,0,2,,,,,,,,,B,,,,0,,,,,0,0,0,,,,,0,,0,0,0,,,,,0,,,,0,0,0,,,,,,,,,,,,,,,,,,,,,,,,,,,,,,,,,,,,,,,,,,,,,,,,,,,,,,,,,,,,,,,,,,,,,,,,,,,,,,,,,,,,,,,,,,,,
375,5000002578,2017,1,1,0,0,0,261,,AUSTRALIAN AMETHYST,SC00,RM00,,,,,,,,,0,0,,H,USD,1794252.87,0,1794252.87,,,,223,G,223,G,223,G,,,,,0,,,0,X,,,,,,NA00,,,,,,,,,,,,2017,,,US00,,0,,0,0,0,,0,2,,,,,,,,,B,,,,0,,,,,0,0,0,,,,,0,,0,0,0,,,,,0,,,,0,0,0,,,,,,,,,,,,,,,,,,,,,,,,,,,,,,,,,,,,,,,,,,,,,,,,,,,,,,,,,,,,,,,,,,,,,,,,,,,,,,,,,,,,,,,,,,,,
375,5000002579,2017,1,1,0,0,0,261,,AUSTRALIAN AMETHYST,SC00,RM00,,,,,,,,,0,0,,H,USD,595402.30,0,595402.30,,,,74,G,74,G,74,G,,,,,0,,,0,X,,,,,,NA00,,,,,,,,,,,,2017,,,US00,,0,,0,0,0,,0,2,,,,,,,,,B,,,,0,,,,,0,0,0,,,,,0,,0,0,0,,,,,0,,,,0,0,0,,,,,,,,,,,,,,,,,,,,,,,,,,,,,,,,,,,,,,,,,,,,,,,,,,,,,,,,,,,,,,,,,,,,,,,,,,,,,,,,,,,,,,,,,,,,
375,5000002580,2017,1,1,0,0,0,261,,AUSTRALIAN AMETHYST,SC00,RM00,,,,,,,,,0,0,,H,USD,973563.22,0,973563.22,,,,121,G,121,G,121,G,,,,,0,,,0,X,,,,,,NA00,,,,,,,,,,,,2017,,,US00,,0,,0,0,0,,0,2,,,,,,,,,B,,,,0,,,,,0,0,0,,,,,0,,0,0,0,,,,,0,,,,0,0,0,,,,,,,,,,,,,,,,,,,,,,,,,,,,,,,,,,,,,,,,,,,,,,,,,,,,,,,,,,,,,,,,,,,,,,,,,,,,,,,,,,,,,,,,,,,,
375,5000002581,2017,1,1,0,0,0,261,,AUSTRALIAN AMETHYST,SC00,RM00,,,,,,,,,0,0,,H,USD,1922988.51,0,1922988.51,,,,239,G,239,G,239,G,,,,,0,,,0,X,,,,,,NA00,,,,,,,,,,,,2017,,,US00,,0,,0,0,0,,0,2,,,,,,,,,B,,,,0,,,,,0,0,0,,,,,0,,0,0,0,,,,,0,,,,0,0,0,,,,,,,,,,,,,,,,,,,,,,,,,,,,,,,,,,,,,,,,,,,,,,,,,,,,,,,,,,,,,,,,,,,,,,,,,,,,,,,,,,,,,,,,,,,,
375,5000002582,2017,1,1,0,0,0,261,,AUSTRALIAN AMETHYST,SC00,RM00,,,,,,,,,0,0,,H,USD,410344.83,0,410344.83,,,,51,G,51,G,51,G,,,,,0,,,0,X,,,,,,NA00,,,,,,,,,,,,2017,,,US00,,0,,0,0,0,,0,2,,,,,,,,,B,,,,0,,,,,0,0,0,,,,,0,,0,0,0,,,,,0,,,,0,0,0,,,,,,,,,,,,,,,,,,,,,,,,,,,,,,,,,,,,,,,,,,,,,,,,,,,,,,,,,,,,,,,,,,,,,,,,,,,,,,,,,,,,,,,,,,,,
375,5000002583,2017,1,1,0,0,0,261,,BLUEPAINT,SC00,RM00,,,,,,,,,0,0,,H,USD,273503.61,0,273503.61,,,,9067,L,9067,L,9067,L,,,,,0,,,0,X,,,,,,NA00,,,,,,,,,,,,2017,,,US00,,0,,0,0,0,,0,2,,,,,,,,,B,,,,0,,,,,0,0,0,,,,,0,,0,0,0,,,,,0,,,,0,0,0,,,,,,,,,,,,,,,,,,,,,,,,,,,,,,,,,,,,,,,,,,,,,,,,,,,,,,,,,,,,,,,,,,,,,,,,,,,,,,,,,,,,,,,,,,,,
375,5000002584,2017,1,1,0,0,0,261,,BLUEPAINT,SC00,RM00,,,,,,,,,0,0,,H,USD,281346.44,0,281346.44,,,,9327,L,9327,L,9327,L,,,,,0,,,0,X,,,,,,NA00,,,,,,,,,,,,2017,,,US00,,0,,0,0,0,,0,2,,,,,,,,,B,,,,0,,,,,0,0,0,,,,,0,,0,0,0,,,,,0,,,,0,0,0,,,,,,,,,,,,,,,,,,,,,,,,,,,,,,,,,,,,,,,,,,,,,,,,,,,,,,,,,,,,,,,,,,,,,,,,,,,,,,,,,,,,,,,,,,,,
375,5000002585,2017,1,1,0,0,0,261,,BLUEPAINT,SC00,RM00,,,,,,,,,0,0,,H,USD,179811.96,0,179811.96,,,,5961,L,5961,L,5961,L,,,,,0,,,0,X,,,,,,NA00,,,,,,,,,,,,2017,,,US00,,0,,0,0,0,,0,2,,,,,,,,,B,,,,0,,,,,0,0,0,,,,,0,,0,0,0,,,,,0,,,,0,0,0,,,,,,,,,,,,,,,,,,,,,,,,,,,,,,,,,,,,,,,,,,,,,,,,,,,,,,,,,,,,,,,,,,,,,,,,,,,,,,,,,,,,,,,,,,,,
375,5000002586,2017,1,1,0,0,0,261,,BLUEPAINT,SC00,RM00,,,,,,,,,0,0,,H,USD,826272.30,0,826272.30,,,,27392,L,27392,L,27392,L,,,,,0,,,0,X,,,,,,NA00,,,,,,,,,,,,2017,,,US00,,0,,0,0,0,,0,2,,,,,,,,,B,,,,0,,,,,0,0,0,,,,,0,,0,0,0,,,,,0,,,,0,0,0,,,,,,,,,,,,,,,,,,,,,,,,,,,,,,,,,,,,,,,,,,,,,,,,,,,,,,,,,,,,,,,,,,,,,,,,,,,,,,,,,,,,,,,,,,,,
375,5000002587,2017,1,1,0,0,0,261,,BLUEPAINT,SC00,RM00,,,,,,,,,0,0,,H,USD,521487.86,0,521487.86,,,,17288,L,17288,L,17288,L,,,,,0,,,0,X,,,,,,NA00,,,,,,,,,,,,2017,,,US00,,0,,0,0,0,,0,2,,,,,,,,,B,,,,0,,,,,0,0,0,,,,,0,,0,0,0,,,,,0,,,,0,0,0,,,,,,,,,,,,,,,,,,,,,,,,,,,,,,,,,,,,,,,,,,,,,,,,,,,,,,,,,,,,,,,,,,,,,,,,,,,,,,,,,,,,,,,,,,,,
375,5000002588,2017,1,1,0,0,0,261,,BLUEPAINT,SC00,RM00,,,,,,,,,0,0,,H,USD,305417.90,0,305417.90,,,,10125,L,10125,L,10125,L,,,,,0,,,0,X,,,,,,NA00,,,,,,,,,,,,2017,,,US00,,0,,0,0,0,,0,2,,,,,,,,,B,,,,0,,,,,0,0,0,,,,,0,,0,0,0,,,,,0,,,,0,0,0,,,,,,,,,,,,,,,,,,,,,,,,,,,,,,,,,,,,,,,,,,,,,,,,,,,,,,,,,,,,,,,,,,,,,,,,,,,,,,,,,,,,,,,,,,,,
375,5000002589,2017,1,1,0,0,0,261,,BLUEPAINT,SC00,RM00,,,,,,,,,0,0,,H,USD,278872.93,0,278872.93,,,,9245,L,9245,L,9245,L,,,,,0,,,0,X,,,,,,NA00,,,,,,,,,,,,2017,,,US00,,0,,0,0,0,,0,2,,,,,,,,,B,,,,0,,,,,0,0,0,,,,,0,,0,0,0,,,,,0,,,,0,0,0,,,,,,,,,,,,,,,,,,,,,,,,,,,,,,,,,,,,,,,,,,,,,,,,,,,,,,,,,,,,,,,,,,,,,,,,,,,,,,,,,,,,,,,,,,,,
375,5000002590,2017,1,1,0,0,0,261,,BLUEPAINT,SC00,RM00,,,,,,,,,0,0,,H,USD,132091.36,0,132091.36,,,,4379,L,4379,L,4379,L,,,,,0,,,0,X,,,,,,NA00,,,,,,,,,,,,2017,,,US00,,0,,0,0,0,,0,2,,,,,,,,,B,,,,0,,,,,0,0,0,,,,,0,,0,0,0,,,,,0,,,,0,0,0,,,,,,,,,,,,,,,,,,,,,,,,,,,,,,,,,,,,,,,,,,,,,,,,,,,,,,,,,,,,,,,,,,,,,,,,,,,,,,,,,,,,,,,,,,,,
375,5000002591,2017,1,1,0,0,0,261,,BLUEPAINT,SC00,RM00,,,,,,,,,0,0,,H,USD,305719.54,0,305719.54,,,,10135,L,10135,L,10135,L,,,,,0,,,0,X,,,,,,NA00,,,,,,,,,,,,2017,,,US00,,0,,0,0,0,,0,2,,,,,,,,,B,,,,0,,,,,0,0,0,,,,,0,,0,0,0,,,,,0,,,,0,0,0,,,,,,,,,,,,,,,,,,,,,,,,,,,,,,,,,,,,,,,,,,,,,,,,,,,,,,,,,,,,,,,,,,,,,,,,,,,,,,,,,,,,,,,,,,,,
375,5000002592,2017,1,1,0,0,0,261,,BOLT1000,SC00,RM00,,,,,,,,,0,0,,H,USD,101.43,0,101.43,,,,71,EA,71,EA,71,EA,,,,,0,,,0,X,,,,,,NA00,,,,,,,,,,,,2017,,,US00,,0,,0,0,0,,0,2,,,,,,,,,B,,,,0,,,,,0,0,0,,,,,0,,0,0,0,,,,,0,,,,0,0,0,,,,,,,,,,,,,,,,,,,,,,,,,,,,,,,,,,,,,,,,,,,,,,,,,,,,,,,,,,,,,,,,,,,,,,,,,,,,,,,,,,,,,,,,,,,,
375,5000002593,2017,1,1,0,0,0,261,,BOLT1000,SC00,RM00,,,,,,,,,0,0,,H,USD,22.86,0,22.86,,,,16,EA,16,EA,16,EA,,,,,0,,,0,X,,,,,,NA00,,,,,,,,,,,,2017,,,US00,,0,,0,0,0,,0,2,,,,,,,,,B,,,,0,,,,,0,0,0,,,,,0,,0,0,0,,,,,0,,,,0,0,0,,,,,,,,,,,,,,,,,,,,,,,,,,,,,,,,,,,,,,,,,,,,,,,,,,,,,,,,,,,,,,,,,,,,,,,,,,,,,,,,,,,,,,,,,,,,
375,5000002594,2017,1,1,0,0,0,261,,BOLT1000,SC00,RM00,,,,,,,,,0,0,,H,USD,162.86,0,162.86,,,,114,EA,114,EA,114,EA,,,,,0,,,0,X,,,,,,NA00,,,,,,,,,,,,2017,,,US00,,0,,0,0,0,,0,2,,,,,,,,,B,,,,0,,,,,0,0,0,,,,,0,,0,0,0,,,,,0,,,,0,0,0,,,,,,,,,,,,,,,,,,,,,,,,,,,,,,,,,,,,,,,,,,,,,,,,,,,,,,,,,,,,,,,,,,,,,,,,,,,,,,,,,,,,,,,,,,,,
375,5000002595,2017,1,1,0,0,0,261,,BOLT1000,SC00,RM00,,,,,,,,,0,0,,H,USD,412.86,0,412.86,,,,289,EA,289,EA,289,EA,,,,,0,,,0,X,,,,,,NA00,,,,,,,,,,,,2017,,,US00,,0,,0,0,0,,0,2,,,,,,,,,B,,,,0,,,,,0,0,0,,,,,0,,0,0,0,,,,,0,,,,0,0,0,,,,,,,,,,,,,,,,,,,,,,,,,,,,,,,,,,,,,,,,,,,,,,,,,,,,,,,,,,,,,,,,,,,,,,,,,,,,,,,,,,,,,,,,,,,,
375,5000002596,2017,1,1,0,0,0,261,,BOLT1000,SC00,RM00,,,,,,,,,0,0,,H,USD,50.00,0,50.00,,,,35,EA,35,EA,35,EA,,,,,0,,,0,X,,,,,,NA00,,,,,,,,,,,,2017,,,US00,,0,,0,0,0,,0,2,,,,,,,,,B,,,,0,,,,,0,0,0,,,,,0,,0,0,0,,,,,0,,,,0,0,0,,,,,,,,,,,,,,,,,,,,,,,,,,,,,,,,,,,,,,,,,,,,,,,,,,,,,,,,,,,,,,,,,,,,,,,,,,,,,,,,,,,,,,,,,,,,
375,5000002597,2017,1,1,0,0,0,261,,BOLT1000,SC00,RM00,,,,,,,,,0,0,,H,USD,40.00,0,40.00,,,,28,EA,28,EA,28,EA,,,,,0,,,0,X,,,,,,NA00,,,,,,,,,,,,2017,,,US00,,0,,0,0,0,,0,2,,,,,,,,,B,,,,0,,,,,0,0,0,,,,,0,,0,0,0,,,,,0,,,,0,0,0,,,,,,,,,,,,,,,,,,,,,,,,,,,,,,,,,,,,,,,,,,,,,,,,,,,,,,,,,,,,,,,,,,,,,,,,,,,,,,,,,,,,,,,,,,,,
375,5000002598,2017,1,1,0,0,0,261,,BOLT1000,SC00,RM00,,,,,,,,,0,0,,H,USD,104.29,0,104.29,,,,73,EA,73,EA,73,EA,,,,,0,,,0,X,,,,,,NA00,,,,,,,,,,,,2017,,,US00,,0,,0,0,0,,0,2,,,,,,,,,B,,,,0,,,,,0,0,0,,,,,0,,0,0,0,,,,,0,,,,0,0,0,,,,,,,,,,,,,,,,,,,,,,,,,,,,,,,,,,,,,,,,,,,,,,,,,,,,,,,,,,,,,,,,,,,,,,,,,,,,,,,,,,,,,,,,,,,,
375,5000002599,2017,1,1,0,0,0,261,,BOLT1000,SC00,RM00,,,,,,,,,0,0,,H,USD,68.57,0,68.57,,,,48,EA,48,EA,48,EA,,,,,0,,,0,X,,,,,,NA00,,,,,,,,,,,,2017,,,US00,,0,,0,0,0,,0,2,,,,,,,,,B,,,,0,,,,,0,0,0,,,,,0,,0,0,0,,,,,0,,,,0,0,0,,,,,,,,,,,,,,,,,,,,,,,,,,,,,,,,,,,,,,,,,,,,,,,,,,,,,,,,,,,,,,,,,,,,,,,,,,,,,,,,,,,,,,,,,,,,
375,5000002600,2017,1,1,0,0,0,261,,BOTSWANA BLACK PE,SC00,RM00,,,,,,,,,0,0,,H,USD,11019995.69,0,11019995.69,,,,762,G,762,G,762,G,,,,,0,,,0,X,,,,,,NA00,,,,,,,,,,,,2017,,,US00,,0,,0,0,0,,0,2,,,,,,,,,B,,,,0,,,,,0,0,0,,,,,0,,0,0,0,,,,,0,,,,0,0,0,,,,,,,,,,,,,,,,,,,,,,,,,,,,,,,,,,,,,,,,,,,,,,,,,,,,,,,,,,,,,,,,,,,,,,,,,,,,,,,,,,,,,,,,,,,,
375,5000002601,2017,1,1,0,0,0,261,,BOTSWANA BLACK PE,SC00,RM00,,,,,,,,,0,0,,H,USD,7679288.33,0,7679288.33,,,,531,G,531,G,531,G,,,,,0,,,0,X,,,,,,NA00,,,,,,,,,,,,2017,,,US00,,0,,0,0,0,,0,2,,,,,,,,,B,,,,0,,,,,0,0,0,,,,,0,,0,0,0,,,,,0,,,,0,0,0,,,,,,,,,,,,,,,,,,,,,,,,,,,,,,,,,,,,,,,,,,,,,,,,,,,,,,,,,,,,,,,,,,,,,,,,,,,,,,,,,,,,,,,,,,,,
375,5000002602,2017,1,1,0,0,0,261,,BOTSWANA BLACK PE,SC00,RM00,,,,,,,,,0,0,,H,USD,4295195.17,0,4295195.17,,,,297,G,297,G,297,G,,,,,0,,,0,X,,,,,,NA00,,,,,,,,,,,,2017,,,US00,,0,,0,0,0,,0,2,,,,,,,,,B,,,,0,,,,,0,0,0,,,,,0,,0,0,0,,,,,0,,,,0,0,0,,,,,,,,,,,,,,,,,,,,,,,,,,,,,,,,,,,,,,,,,,,,,,,,,,,,,,,,,,,,,,,,,,,,,,,,,,,,,,,,,,,,,,,,,,,,
375,5000002603,2017,1,1,0,0,0,261,,BOTSWANA BLACK PE,SC00,RM00,,,,,,,,,0,0,,H,USD,15633353.46,0,15633353.46,,,,1081,G,1081,G,1081,G,,,,,0,,,0,X,,,,,,NA00,,,,,,,,,,,,2017,,,US00,,0,,0,0,0,,0,2,,,,,,,,,B,,,,0,,,,,0,0,0,,,,,0,,0,0,0,,,,,0,,,,0,0,0,,,,,,,,,,,,,,,,,,,,,,,,,,,,,,,,,,,,,,,,,,,,,,,,,,,,,,,,,,,,,,,,,,,,,,,,,,,,,,,,,,,,,,,,,,,,
375,5000002604,2017,1,1,0,0,0,261,,BOTSWANA BLACK PE,SC00,RM00,,,,,,,,,0,0,,H,USD,19118680.18,0,19118680.18,,,,1322,G,1322,G,1322,G,,,,,0,,,0,X,,,,,,NA00,,,,,,,,,,,,2017,,,US00,,0,,0,0,0,,0,2,,,,,,,,,B,,,,0,,,,,0,0,0,,,,,0,,0,0,0,,,,,0,,,,0,0,0,,,,,,,,,,,,,,,,,,,,,,,,,,,,,,,,,,,,,,,,,,,,,,,,,,,,,,,,,,,,,,,,,,,,,,,,,,,,,,,,,,,,,,,,,,,,
375,5000002605,2017,1,1,0,0,0,261,,BOTSWANA BLACK PE,SC00,RM00,,,,,,,,,0,0,,H,USD,1200340.74,0,1200340.74,,,,83,G,83,G,83,G,,,,,0,,,0,X,,,,,,NA00,,,,,,,,,,,,2017,,,US00,,0,,0,0,0,,0,2,,,,,,,,,B,,,,0,,,,,0,0,0,,,,,0,,0,0,0,,,,,0,,,,0,0,0,,,,,,,,,,,,,,,,,,,,,,,,,,,,,,,,,,,,,,,,,,,,,,,,,,,,,,,,,,,,,,,,,,,,,,,,,,,,,,,,,,,,,,,,,,,,
375,5000002606,2017,1,1,0,0,0,261,,BOTSWANA BLACK PE,SC00,RM00,,,,,,,,,0,0,,H,USD,2632072.46,0,2632072.46,,,,182,G,182,G,182,G,,,,,0,,,0,X,,,,,,NA00,,,,,,,,,,,,2017,,,US00,,0,,0,0,0,,0,2,,,,,,,,,B,,,,0,,,,,0,0,0,,,,,0,,0,0,0,,,,,0,,,,0,0,0,,,,,,,,,,,,,,,,,,,,,,,,,,,,,,,,,,,,,,,,,,,,,,,,,,,,,,,,,,,,,,,,,,,,,,,,,,,,,,,,,,,,,,,,,,,,
375,5000002607,2017,1,1,0,0,0,261,,BRITAIN BLACK PEAR,SC00,RM00,,,,,,,,,0,0,,H,USD,6462925.85,0,6462925.85,,,,129,G,129,G,129,G,,,,,0,,,0,X,,,,,,NA00,,,,,,,,,,,,2017,,,US00,,0,,0,0,0,,0,2,,,,,,,,,B,,,,0,,,,,0,0,0,,,,,0,,0,0,0,,,,,0,,,,0,0,0,,,,,,,,,,,,,,,,,,,,,,,,,,,,,,,,,,,,,,,,,,,,,,,,,,,,,,,,,,,,,,,,,,,,,,,,,,,,,,,,,,,,,,,,,,,,
375,5000002608,2017,1,1,0,0,0,261,,BRITAIN BLACK PEAR,SC00,RM00,,,,,,,,,0,0,,H,USD,1302605.21,0,1302605.21,,,,26,G,26,G,26,G,,,,,0,,,0,X,,,,,,NA00,,,,,,,,,,,,2017,,,US00,,0,,0,0,0,,0,2,,,,,,,,,B,,,,0,,,,,0,0,0,,,,,0,,0,0,0,,,,,0,,,,0,0,0,,,,,,,,,,,,,,,,,,,,,,,,,,,,,,,,,,,,,,,,,,,,,,,,,,,,,,,,,,,,,,,,,,,,,,,,,,,,,,,,,,,,,,,,,,,,
375,5000002609,2017,1,1,0,0,0,261,,BRITAIN BLACK PEAR,SC00,RM00,,,,,,,,,0,0,,H,USD,8466933.87,0,8466933.87,,,,169,G,169,G,169,G,,,,,0,,,0,X,,,,,,NA00,,,,,,,,,,,,2017,,,US00,,0,,0,0,0,,0,2,,,,,,,,,B,,,,0,,,,,0,0,0,,,,,0,,0,0,0,,,,,0,,,,0,0,0,,,,,,,,,,,,,,,,,,,,,,,,,,,,,,,,,,,,,,,,,,,,,,,,,,,,,,,,,,,,,,,,,,,,,,,,,,,,,,,,,,,,,,,,,,,,
375,5000002610,2017,1,1,0,0,0,261,,BRITAIN BLACK PEAR,SC00,RM00,,,,,,,,,0,0,,H,USD,18186372.75,0,18186372.75,,,,363,G,363,G,363,G,,,,,0,,,0,X,,,,,,NA00,,,,,,,,,,,,2017,,,US00,,0,,0,0,0,,0,2,,,,,,,,,B,,,,0,,,,,0,0,0,,,,,0,,0,0,0,,,,,0,,,,0,0,0,,,,,,,,,,,,,,,,,,,,,,,,,,,,,,,,,,,,,,,,,,,,,,,,,,,,,,,,,,,,,,,,,,,,,,,,,,,,,,,,,,,,,,,,,,,,
375,5000002611,2017,1,1,0,0,0,261,,BRITAIN BLACK PEAR,SC00,RM00,,,,,,,,,0,0,,H,USD,12575150.30,0,12575150.30,,,,251,G,251,G,251,G,,,,,0,,,0,X,,,,,,NA00,,,,,,,,,,,,2017,,,US00,,0,,0,0,0,,0,2,,,,,,,,,B,,,,0,,,,,0,0,0,,,,,0,,0,0,0,,,,,0,,,,0,0,0,,,,,,,,,,,,,,,,,,,,,,,,,,,,,,,,,,,,,,,,,,,,,,,,,,,,,,,,,,,,,,,,,,,,,,,,,,,,,,,,,,,,,,,,,,,,
375,5000002612,2017,1,1,0,0,0,261,,CANADIAN CRYSTAL,SC00,RM00,,,,,,,,,0,0,,H,USD,892388.45,0,892388.45,,,,17,G,17,G,17,G,,,,,0,,,0,X,,,,,,NA00,,,,,,,,,,,,2017,,,US00,,0,,0,0,0,,0,2,,,,,,,,,B,,,,0,,,,,0,0,0,,,,,0,,0,0,0,,,,,0,,,,0,0,0,,,,,,,,,,,,,,,,,,,,,,,,,,,,,,,,,,,,,,,,,,,,,,,,,,,,,,,,,,,,,,,,,,,,,,,,,,,,,,,,,,,,,,,,,,,,
375,5000002613,2017,1,1,0,0,0,261,,CANADIAN CRYSTAL,SC00,RM00,,,,,,,,,0,0,,H,USD,1627296.59,0,1627296.59,,,,31,G,31,G,31,G,,,,,0,,,0,X,,,,,,NA00,,,,,,,,,,,,2017,,,US00,,0,,0,0,0,,0,2,,,,,,,,,B,,,,0,,,,,0,0,0,,,,,0,,0,0,0,,,,,0,,,,0,0,0,,,,,,,,,,,,,,,,,,,,,,,,,,,,,,,,,,,,,,,,,,,,,,,,,,,,,,,,,,,,,,,,,,,,,,,,,,,,,,,,,,,,,,,,,,,,
375,5000002614,2017,1,1,0,0,0,261,,CANADIAN CRYSTAL,SC00,RM00,,,,,,,,,0,0,,H,USD,4356955.38,0,4356955.38,,,,83,G,83,G,83,G,,,,,0,,,0,X,,,,,,NA00,,,,,,,,,,,,2017,,,US00,,0,,0,0,0,,0,2,,,,,,,,,B,,,,0,,,,,0,0,0,,,,,0,,0,0,0,,,,,0,,,,0,0,0,,,,,,,,,,,,,,,,,,,,,,,,,,,,,,,,,,,,,,,,,,,,,,,,,,,,,,,,,,,,,,,,,,,,,,,,,,,,,,,,,,,,,,,,,,,,
375,5000002615,2017,1,1,0,0,0,261,,CANADIAN CRYSTAL,SC00,RM00,,,,,,,,,0,0,,H,USD,682414.70,0,682414.70,,,,13,G,13,G,13,G,,,,,0,,,0,X,,,,,,NA00,,,,,,,,,,,,2017,,,US00,,0,,0,0,0,,0,2,,,,,,,,,B,,,,0,,,,,0,0,0,,,,,0,,0,0,0,,,,,0,,,,0,0,0,,,,,,,,,,,,,,,,,,,,,,,,,,,,,,,,,,,,,,,,,,,,,,,,,,,,,,,,,,,,,,,,,,,,,,,,,,,,,,,,,,,,,,,,,,,,
375,5000002616,2017,1,1,0,0,0,261,,CANADIAN CRYSTAL,SC00,RM00,,,,,,,,,0,0,,H,USD,5669291.34,0,5669291.34,,,,108,G,108,G,108,G,,,,,0,,,0,X,,,,,,NA00,,,,,,,,,,,,2017,,,US00,,0,,0,0,0,,0,2,,,,,,,,,B,,,,0,,,,,0,0,0,,,,,0,,0,0,0,,,,,0,,,,0,0,0,,,,,,,,,,,,,,,,,,,,,,,,,,,,,,,,,,,,,,,,,,,,,,,,,,,,,,,,,,,,,,,,,,,,,,,,,,,,,,,,,,,,,,,,,,,,
375,5000002617,2017,1,1,0,0,0,261,,CANADIAN CRYSTAL,SC00,RM00,,,,,,,,,0,0,,H,USD,4041994.75,0,4041994.75,,,,77,G,77,G,77,G,,,,,0,,,0,X,,,,,,NA00,,,,,,,,,,,,2017,,,US00,,0,,0,0,0,,0,2,,,,,,,,,B,,,,0,,,,,0,0,0,,,,,0,,0,0,0,,,,,0,,,,0,0,0,,,,,,,,,,,,,,,,,,,,,,,,,,,,,,,,,,,,,,,,,,,,,,,,,,,,,,,,,,,,,,,,,,,,,,,,,,,,,,,,,,,,,,,,,,,,
375,5000002618,2017,1,1,0,0,0,261,,CARBONITE,SC00,RM00,,,,,,,,,0,0,,H,USD,13435.19,0,13435.19,,,,170,G,170,G,170,G,,,,,0,,,0,X,,,,,,NA00,,,,,,,,,,,,2017,,,US00,,0,,0,0,0,,0,2,,,,,,,,,B,,,,0,,,,,0,0,0,,,,,0,,0,0,0,,,,,0,,,,0,0,0,,,,,,,,,,,,,,,,,,,,,,,,,,,,,,,,,,,,,,,,,,,,,,,,,,,,,,,,,,,,,,,,,,,,,,,,,,,,,,,,,,,,,,,,,,,,
375,5000002619,2017,1,1,0,0,0,261,,CARBONITE,SC00,RM00,,,,,,,,,0,0,,H,USD,3319.28,0,3319.28,,,,42,G,42,G,42,G,,,,,0,,,0,X,,,,,,NA00,,,,,,,,,,,,2017,,,US00,,0,,0,0,0,,0,2,,,,,,,,,B,,,,0,,,,,0,0,0,,,,,0,,0,0,0,,,,,0,,,,0,0,0,,,,,,,,,,,,,,,,,,,,,,,,,,,,,,,,,,,,,,,,,,,,,,,,,,,,,,,,,,,,,,,,,,,,,,,,,,,,,,,,,,,,,,,,,,,,
375,5000002620,2017,1,1,0,0,0,261,,CARBONITE,SC00,RM00,,,,,,,,,0,0,,H,USD,7586.93,0,7586.93,,,,96,G,96,G,96,G,,,,,0,,,0,X,,,,,,NA00,,,,,,,,,,,,2017,,,US00,,0,,0,0,0,,0,2,,,,,,,,,B,,,,0,,,,,0,0,0,,,,,0,,0,0,0,,,,,0,,,,0,0,0,,,,,,,,,,,,,,,,,,,,,,,,,,,,,,,,,,,,,,,,,,,,,,,,,,,,,,,,,,,,,,,,,,,,,,,,,,,,,,,,,,,,,,,,,,,,
375,5000002621,2017,1,1,0,0,0,261,,CARBONITE,SC00,RM00,,,,,,,,,0,0,,H,USD,4030.56,0,4030.56,,,,51,G,51,G,51,G,,,,,0,,,0,X,,,,,,NA00,,,,,,,,,,,,2017,,,US00,,0,,0,0,0,,0,2,,,,,,,,,B,,,,0,,,,,0,0,0,,,,,0,,0,0,0,,,,,0,,,,0,0,0,,,,,,,,,,,,,,,,,,,,,,,,,,,,,,,,,,,,,,,,,,,,,,,,,,,,,,,,,,,,,,,,,,,,,,,,,,,,,,,,,,,,,,,,,,,,
375,5000002622,2017,1,1,0,0,0,261,,CARBONITE,SC00,RM00,,,,,,,,,0,0,,H,USD,3477.34,0,3477.34,,,,44,G,44,G,44,G,,,,,0,,,0,X,,,,,,NA00,,,,,,,,,,,,2017,,,US00,,0,,0,0,0,,0,2,,,,,,,,,B,,,,0,,,,,0,0,0,,,,,0,,0,0,0,,,,,0,,,,0,0,0,,,,,,,,,,,,,,,,,,,,,,,,,,,,,,,,,,,,,,,,,,,,,,,,,,,,,,,,,,,,,,,,,,,,,,,,,,,,,,,,,,,,,,,,,,,,
375,5000002623,2017,1,1,0,0,0,261,,CARBONITE,SC00,RM00,,,,,,,,,0,0,,H,USD,3951.53,0,3951.53,,,,50,G,50,G,50,G,,,,,0,,,0,X,,,,,,NA00,,,,,,,,,,,,2017,,,US00,,0,,0,0,0,,0,2,,,,,,,,,B,,,,0,,,,,0,0,0,,,,,0,,0,0,0,,,,,0,,,,0,0,0,,,,,,,,,,,,,,,,,,,,,,,,,,,,,,,,,,,,,,,,,,,,,,,,,,,,,,,,,,,,,,,,,,,,,,,,,,,,,,,,,,,,,,,,,,,,
375,5000002624,2017,1,1,0,0,0,261,,CARBONITE,SC00,RM00,,,,,,,,,0,0,,H,USD,22839.83,0,22839.83,,,,289,G,289,G,289,G,,,,,0,,,0,X,,,,,,NA00,,,,,,,,,,,,2017,,,US00,,0,,0,0,0,,0,2,,,,,,,,,B,,,,0,,,,,0,0,0,,,,,0,,0,0,0,,,,,0,,,,0,0,0,,,,,,,,,,,,,,,,,,,,,,,,,,,,,,,,,,,,,,,,,,,,,,,,,,,,,,,,,,,,,,,,,,,,,,,,,,,,,,,,,,,,,,,,,,,,
375,5000002625,2017,1,1,0,0,0,261,,CARBONITE,SC00,RM00,,,,,,,,,0,0,,H,USD,10273.97,0,10273.97,,,,130,G,130,G,130,G,,,,,0,,,0,X,,,,,,NA00,,,,,,,,,,,,2017,,,US00,,0,,0,0,0,,0,2,,,,,,,,,B,,,,0,,,,,0,0,0,,,,,0,,0,0,0,,,,,0,,,,0,0,0,,,,,,,,,,,,,,,,,,,,,,,,,,,,,,,,,,,,,,,,,,,,,,,,,,,,,,,,,,,,,,,,,,,,,,,,,,,,,,,,,,,,,,,,,,,,
375,5000002626,2017,1,1,0,0,0,261,,CHRONIUM,SC00,RM00,,,,,,,,,0,0,,H,USD,5428.01,0,5428.01,,,,15307,LB,15307,LB,15307,LB,,,,,0,,,0,X,,,,,,NA00,,,,,,,,,,,,2017,,,US00,,0,,0,0,0,,0,2,,,,,,,,,B,,,,0,,,,,0,0,0,,,,,0,,0,0,0,,,,,0,,,,0,0,0,,,,,,,,,,,,,,,,,,,,,,,,,,,,,,,,,,,,,,,,,,,,,,,,,,,,,,,,,,,,,,,,,,,,,,,,,,,,,,,,,,,,,,,,,,,,
375,5000002627,2017,1,1,0,0,0,261,,CHRONIUM,SC00,RM00,,,,,,,,,0,0,,H,USD,258.51,0,258.51,,,,729,LB,729,LB,729,LB,,,,,0,,,0,X,,,,,,NA00,,,,,,,,,,,,2017,,,US00,,0,,0,0,0,,0,2,,,,,,,,,B,,,,0,,,,,0,0,0,,,,,0,,0,0,0,,,,,0,,,,0,0,0,,,,,,,,,,,,,,,,,,,,,,,,,,,,,,,,,,,,,,,,,,,,,,,,,,,,,,,,,,,,,,,,,,,,,,,,,,,,,,,,,,,,,,,,,,,,
375,5000002628,2017,1,1,0,0,0,261,,CHRONIUM,SC00,RM00,,,,,,,,,0,0,,H,USD,3115.60,0,3115.60,,,,8786,LB,8786,LB,8786,LB,,,,,0,,,0,X,,,,,,NA00,,,,,,,,,,,,2017,,,US00,,0,,0,0,0,,0,2,,,,,,,,,B,,,,0,,,,,0,0,0,,,,,0,,0,0,0,,,,,0,,,,0,0,0,,,,,,,,,,,,,,,,,,,,,,,,,,,,,,,,,,,,,,,,,,,,,,,,,,,,,,,,,,,,,,,,,,,,,,,,,,,,,,,,,,,,,,,,,,,,
375,5000002629,2017,1,1,0,0,0,261,,CONCRETE,SC00,RM00,,,,,,,,,0,0,,H,USD,61074.12,0,61074.12,,,,704,YD3,704,YD3,704,YD3,,,,,0,,,0,X,,,,,,NA00,,,,,,,,,,,,2017,,,US00,,0,,0,0,0,,0,2,,,,,,,,,B,,,,0,,,,,0,0,0,,,,,0,,0,0,0,,,,,0,,,,0,0,0,,,,,,,,,,,,,,,,,,,,,,,,,,,,,,,,,,,,,,,,,,,,,,,,,,,,,,,,,,,,,,,,,,,,,,,,,,,,,,,,,,,,,,,,,,,,
375,5000002630,2017,1,1,0,0,0,261,,CONCRETE,SC00,RM00,,,,,,,,,0,0,,H,USD,60380.10,0,60380.10,,,,696,YD3,696,YD3,696,YD3,,,,,0,,,0,X,,,,,,NA00,,,,,,,,,,,,2017,,,US00,,0,,0,0,0,,0,2,,,,,,,,,B,,,,0,,,,,0,0,0,,,,,0,,0,0,0,,,,,0,,,,0,0,0,,,,,,,,,,,,,,,,,,,,,,,,,,,,,,,,,,,,,,,,,,,,,,,,,,,,,,,,,,,,,,,,,,,,,,,,,,,,,,,,,,,,,,,,,,,,
375,5000002631,2017,1,1,0,0,0,261,,CONCRETE,SC00,RM00,,,,,,,,,0,0,,H,USD,62722.43,0,62722.43,,,,723,YD3,723,YD3,723,YD3,,,,,0,,,0,X,,,,,,NA00,,,,,,,,,,,,2017,,,US00,,0,,0,0,0,,0,2,,,,,,,,,B,,,,0,,,,,0,0,0,,,,,0,,0,0,0,,,,,0,,,,0,0,0,,,,,,,,,,,,,,,,,,,,,,,,,,,,,,,,,,,,,,,,,,,,,,,,,,,,,,,,,,,,,,,,,,,,,,,,,,,,,,,,,,,,,,,,,,,,
375,5000002632,2017,1,1,0,0,0,261,,CONCRETE,SC00,RM00,,,,,,,,,0,0,,H,USD,17697.61,0,17697.61,,,,204,YD3,204,YD3,204,YD3,,,,,0,,,0,X,,,,,,NA00,,,,,,,,,,,,2017,,,US00,,0,,0,0,0,,0,2,,,,,,,,,B,,,,0,,,,,0,0,0,,,,,0,,0,0,0,,,,,0,,,,0,0,0,,,,,,,,,,,,,,,,,,,,,,,,,,,,,,,,,,,,,,,,,,,,,,,,,,,,,,,,,,,,,,,,,,,,,,,,,,,,,,,,,,,,,,,,,,,,
375,5000002633,2017,1,1,0,0,0,261,,CONCRETE,SC00,RM00,,,,,,,,,0,0,,H,USD,14314.25,0,14314.25,,,,165,YD3,165,YD3,165,YD3,,,,,0,,,0,X,,,,,,NA00,,,,,,,,,,,,2017,,,US00,,0,,0,0,0,,0,2,,,,,,,,,B,,,,0,,,,,0,0,0,,,,,0,,0,0,0,,,,,0,,,,0,0,0,,,,,,,,,,,,,,,,,,,,,,,,,,,,,,,,,,,,,,,,,,,,,,,,,,,,,,,,,,,,,,,,,,,,,,,,,,,,,,,,,,,,,,,,,,,,
375,5000002634,2017,1,1,0,0,0,261,,CONCRETE,SC00,RM00,,,,,,,,,0,0,,H,USD,27240.45,0,27240.45,,,,314,YD3,314,YD3,314,YD3,,,,,0,,,0,X,,,,,,NA00,,,,,,,,,,,,2017,,,US00,,0,,0,0,0,,0,2,,,,,,,,,B,,,,0,,,,,0,0,0,,,,,0,,0,0,0,,,,,0,,,,0,0,0,,,,,,,,,,,,,,,,,,,,,,,,,,,,,,,,,,,,,,,,,,,,,,,,,,,,,,,,,,,,,,,,,,,,,,,,,,,,,,,,,,,,,,,,,,,,
375,5000002635,2017,1,1,0,0,0,261,,CONCRETE,SC00,RM00,,,,,,,,,0,0,,H,USD,41814.95,0,41814.95,,,,482,YD3,482,YD3,482,YD3,,,,,0,,,0,X,,,,,,NA00,,,,,,,,,,,,2017,,,US00,,0,,0,0,0,,0,2,,,,,,,,,B,,,,0,,,,,0,0,0,,,,,0,,0,0,0,,,,,0,,,,0,0,0,,,,,,,,,,,,,,,,,,,,,,,,,,,,,,,,,,,,,,,,,,,,,,,,,,,,,,,,,,,,,,,,,,,,,,,,,,,,,,,,,,,,,,,,,,,,
375,5000002636,2017,1,1,0,0,0,261,,CONCRETE,SC00,RM00,,,,,,,,,0,0,,H,USD,71310.97,0,71310.97,,,,822,YD3,822,YD3,822,YD3,,,,,0,,,0,X,,,,,,NA00,,,,,,,,,,,,2017,,,US00,,0,,0,0,0,,0,2,,,,,,,,,B,,,,0,,,,,0,0,0,,,,,0,,0,0,0,,,,,0,,,,0,0,0,,,,,,,,,,,,,,,,,,,,,,,,,,,,,,,,,,,,,,,,,,,,,,,,,,,,,,,,,,,,,,,,,,,,,,,,,,,,,,,,,,,,,,,,,,,,
375,5000002637,2017,1,1,0,0,0,261,,CONGOCRYSTAL,SC00,RM00,,,,,,,,,0,0,,H,USD,5543175.04,0,5543175.04,,,,570,G,570,G,570,G,,,,,0,,,0,X,,,,,,NA00,,,,,,,,,,,,2017,,,US00,,0,,0,0,0,,0,2,,,,,,,,,B,,,,0,,,,,0,0,0,,,,,0,,0,0,0,,,,,0,,,,0,0,0,,,,,,,,,,,,,,,,,,,,,,,,,,,,,,,,,,,,,,,,,,,,,,,,,,,,,,,,,,,,,,,,,,,,,,,,,,,,,,,,,,,,,,,,,,,,
375,5000002638,2017,1,1,0,0,0,261,,CONGOCRYSTAL,SC00,RM00,,,,,,,,,0,0,,H,USD,4133069.11,0,4133069.11,,,,425,G,425,G,425,G,,,,,0,,,0,X,,,,,,NA00,,,,,,,,,,,,2017,,,US00,,0,,0,0,0,,0,2,,,,,,,,,B,,,,0,,,,,0,0,0,,,,,0,,0,0,0,,,,,0,,,,0,0,0,,,,,,,,,,,,,,,,,,,,,,,,,,,,,,,,,,,,,,,,,,,,,,,,,,,,,,,,,,,,,,,,,,,,,,,,,,,,,,,,,,,,,,,,,,,,
375,5000002639,2017,1,1,0,0,0,261,,CONGOCRYSTAL,SC00,RM00,,,,,,,,,0,0,,H,USD,5018032.14,0,5018032.14,,,,516,G,516,G,516,G,,,,,0,,,0,X,,,,,,NA00,,,,,,,,,,,,2017,,,US00,,0,,0,0,0,,0,2,,,,,,,,,B,,,,0,,,,,0,0,0,,,,,0,,0,0,0,,,,,0,,,,0,0,0,,,,,,,,,,,,,,,,,,,,,,,,,,,,,,,,,,,,,,,,,,,,,,,,,,,,,,,,,,,,,,,,,,,,,,,,,,,,,,,,,,,,,,,,,,,,
375,5000002640,2017,1,1,0,0,0,261,,CONGOCRYSTAL,SC00,RM00,,,,,,,,,0,0,,H,USD,4813809.90,0,4813809.90,,,,495,G,495,G,495,G,,,,,0,,,0,X,,,,,,NA00,,,,,,,,,,,,2017,,,US00,,0,,0,0,0,,0,2,,,,,,,,,B,,,,0,,,,,0,0,0,,,,,0,,0,0,0,,,,,0,,,,0,0,0,,,,,,,,,,,,,,,,,,,,,,,,,,,,,,,,,,,,,,,,,,,,,,,,,,,,,,,,,,,,,,,,,,,,,,,,,,,,,,,,,,,,,,,,,,,,
375,5000002641,2017,1,1,0,0,0,261,,CONGOCRYSTAL,SC00,RM00,,,,,,,,,0,0,,H,USD,58349.21,0,58349.21,,,,6,G,6,G,6,G,,,,,0,,,0,X,,,,,,NA00,,,,,,,,,,,,2017,,,US00,,0,,0,0,0,,0,2,,,,,,,,,B,,,,0,,,,,0,0,0,,,,,0,,0,0,0,,,,,0,,,,0,0,0,,,,,,,,,,,,,,,,,,,,,,,,,,,,,,,,,,,,,,,,,,,,,,,,,,,,,,,,,,,,,,,,,,,,,,,,,,,,,,,,,,,,,,,,,,,,
375,5000002642,2017,1,1,0,0,0,261,,DIAMOND,SC00,RM00,,,,,,,,,0,0,,H,USD,11672.99,0,11672.99,,,,1880,LB,1880,LB,1880,LB,,,,,0,,,0,X,,,,,,NA00,,,,,,,,,,,,2017,,,US00,,0,,0,0,0,,0,2,,,,,,,,,B,,,,0,,,,,0,0,0,,,,,0,,0,0,0,,,,,0,,,,0,0,0,,,,,,,,,,,,,,,,,,,,,,,,,,,,,,,,,,,,,,,,,,,,,,,,,,,,,,,,,,,,,,,,,,,,,,,,,,,,,,,,,,,,,,,,,,,,
375,5000002643,2017,1,1,0,0,0,261,,DIAMOND,SC00,RM00,,,,,,,,,0,0,,H,USD,101977.23,0,101977.23,,,,16424,LB,16424,LB,16424,LB,,,,,0,,,0,X,,,,,,NA00,,,,,,,,,,,,2017,,,US00,,0,,0,0,0,,0,2,,,,,,,,,B,,,,0,,,,,0,0,0,,,,,0,,0,0,0,,,,,0,,,,0,0,0,,,,,,,,,,,,,,,,,,,,,,,,,,,,,,,,,,,,,,,,,,,,,,,,,,,,,,,,,,,,,,,,,,,,,,,,,,,,,,,,,,,,,,,,,,,,
375,5000002644,2017,1,1,0,0,0,261,,DIAMOND,SC00,RM00,,,,,,,,,0,0,,H,USD,48498.79,0,48498.79,,,,7811,LB,7811,LB,7811,LB,,,,,0,,,0,X,,,,,,NA00,,,,,,,,,,,,2017,,,US00,,0,,0,0,0,,0,2,,,,,,,,,B,,,,0,,,,,0,0,0,,,,,0,,0,0,0,,,,,0,,,,0,0,0,,,,,,,,,,,,,,,,,,,,,,,,,,,,,,,,,,,,,,,,,,,,,,,,,,,,,,,,,,,,,,,,,,,,,,,,,,,,,,,,,,,,,,,,,,,,
375,5000002645,2017,1,1,0,0,0,261,,GOLD,SC00,RM00,,,,,,,,,0,0,,H,USD,553337.07,0,553337.07,,,,2378,G,2378,G,2378,G,,,,,0,,,0,X,,,,,,NA00,,,,,,,,,,,,2017,,,US00,,0,,0,0,0,,0,2,,,,,,,,,B,,,,0,,,,,0,0,0,,,,,0,,0,0,0,,,,,0,,,,0,0,0,,,,,,,,,,,,,,,,,,,,,,,,,,,,,,,,,,,,,,,,,,,,,,,,,,,,,,,,,,,,,,,,,,,,,,,,,,,,,,,,,,,,,,,,,,,,
375,5000002646,2017,1,1,0,0,0,261,,GOLD,SC00,RM00,,,,,,,,,0,0,,H,USD,71901.24,0,71901.24,,,,309,G,309,G,309,G,,,,,0,,,0,X,,,,,,NA00,,,,,,,,,,,,2017,,,US00,,0,,0,0,0,,0,2,,,,,,,,,B,,,,0,,,,,0,0,0,,,,,0,,0,0,0,,,,,0,,,,0,0,0,,,,,,,,,,,,,,,,,,,,,,,,,,,,,,,,,,,,,,,,,,,,,,,,,,,,,,,,,,,,,,,,,,,,,,,,,,,,,,,,,,,,,,,,,,,,
375,5000002647,2017,1,1,0,0,0,261,,GOLD,SC00,RM00,,,,,,,,,0,0,,H,USD,13263.34,0,13263.34,,,,57,G,57,G,57,G,,,,,0,,,0,X,,,,,,NA00,,,,,,,,,,,,2017,,,US00,,0,,0,0,0,,0,2,,,,,,,,,B,,,,0,,,,,0,0,0,,,,,0,,0,0,0,,,,,0,,,,0,0,0,,,,,,,,,,,,,,,,,,,,,,,,,,,,,,,,,,,,,,,,,,,,,,,,,,,,,,,,,,,,,,,,,,,,,,,,,,,,,,,,,,,,,,,,,,,,
375,5000002648,2017,1,1,0,0,0,261,,GOLD,SC00,RM00,,,,,,,,,0,0,,H,USD,166838.81,0,166838.81,,,,717,G,717,G,717,G,,,,,0,,,0,X,,,,,,NA00,,,,,,,,,,,,2017,,,US00,,0,,0,0,0,,0,2,,,,,,,,,B,,,,0,,,,,0,0,0,,,,,0,,0,0,0,,,,,0,,,,0,0,0,,,,,,,,,,,,,,,,,,,,,,,,,,,,,,,,,,,,,,,,,,,,,,,,,,,,,,,,,,,,,,,,,,,,,,,,,,,,,,,,,,,,,,,,,,,,
375,5000002649,2017,1,1,0,0,0,261,,GOLD,SC00,RM00,,,,,,,,,0,0,,H,USD,90283.76,0,90283.76,,,,388,G,388,G,388,G,,,,,0,,,0,X,,,,,,NA00,,,,,,,,,,,,2017,,,US00,,0,,0,0,0,,0,2,,,,,,,,,B,,,,0,,,,,0,0,0,,,,,0,,0,0,0,,,,,0,,,,0,0,0,,,,,,,,,,,,,,,,,,,,,,,,,,,,,,,,,,,,,,,,,,,,,,,,,,,,,,,,,,,,,,,,,,,,,,,,,,,,,,,,,,,,,,,,,,,,
375,5000002650,2017,1,1,0,0,0,261,,GOLD,SC00,RM00,,,,,,,,,0,0,,H,USD,346010.19,0,346010.19,,,,1487,G,1487,G,1487,G,,,,,0,,,0,X,,,,,,NA00,,,,,,,,,,,,2017,,,US00,,0,,0,0,0,,0,2,,,,,,,,,B,,,,0,,,,,0,0,0,,,,,0,,0,0,0,,,,,0,,,,0,0,0,,,,,,,,,,,,,,,,,,,,,,,,,,,,,,,,,,,,,,,,,,,,,,,,,,,,,,,,,,,,,,,,,,,,,,,,,,,,,,,,,,,,,,,,,,,,
375,5000002651,2017,1,1,0,0,0,261,,GOLD,SC00,RM00,,,,,,,,,0,0,,H,USD,113785.46,0,113785.46,,,,489,G,489,G,489,G,,,,,0,,,0,X,,,,,,NA00,,,,,,,,,,,,2017,,,US00,,0,,0,0,0,,0,2,,,,,,,,,B,,,,0,,,,,0,0,0,,,,,0,,0,0,0,,,,,0,,,,0,0,0,,,,,,,,,,,,,,,,,,,,,,,,,,,,,,,,,,,,,,,,,,,,,,,,,,,,,,,,,,,,,,,,,,,,,,,,,,,,,,,,,,,,,,,,,,,,
375,5000002652,2017,1,1,0,0,0,261,,GOLD,SC00,RM00,,,,,,,,,0,0,,H,USD,440715.06,0,440715.06,,,,1894,G,1894,G,1894,G,,,,,0,,,0,X,,,,,,NA00,,,,,,,,,,,,2017,,,US00,,0,,0,0,0,,0,2,,,,,,,,,B,,,,0,,,,,0,0,0,,,,,0,,0,0,0,,,,,0,,,,0,0,0,,,,,,,,,,,,,,,,,,,,,,,,,,,,,,,,,,,,,,,,,,,,,,,,,,,,,,,,,,,,,,,,,,,,,,,,,,,,,,,,,,,,,,,,,,,,
375,5000002653,2017,1,1,0,0,0,261,,GOLD,SC00,RM00,,,,,,,,,0,0,,H,USD,346708.26,0,346708.26,,,,1490,G,1490,G,1490,G,,,,,0,,,0,X,,,,,,NA00,,,,,,,,,,,,2017,,,US00,,0,,0,0,0,,0,2,,,,,,,,,B,,,,0,,,,,0,0,0,,,,,0,,0,0,0,,,,,0,,,,0,0,0,,,,,,,,,,,,,,,,,,,,,,,,,,,,,,,,,,,,,,,,,,,,,,,,,,,,,,,,,,,,,,,,,,,,,,,,,,,,,,,,,,,,,,,,,,,,
375,5000002654,2017,1,1,0,0,0,261,,HEXNT,SC00,RM00,,,,,,,,,0,0,,H,USD,16382.63,0,16382.63,,,,12854,LB,12854,LB,12854,LB,,,,,0,,,0,X,,,,,,NA00,,,,,,,,,,,,2017,,,US00,,0,,0,0,0,,0,2,,,,,,,,,B,,,,0,,,,,0,0,0,,,,,0,,0,0,0,,,,,0,,,,0,0,0,,,,,,,,,,,,,,,,,,,,,,,,,,,,,,,,,,,,,,,,,,,,,,,,,,,,,,,,,,,,,,,,,,,,,,,,,,,,,,,,,,,,,,,,,,,,
375,5000002655,2017,1,1,0,0,0,261,,HEXNT,SC00,RM00,,,,,,,,,0,0,,H,USD,51642.11,0,51642.11,,,,40519,LB,40519,LB,40519,LB,,,,,0,,,0,X,,,,,,NA00,,,,,,,,,,,,2017,,,US00,,0,,0,0,0,,0,2,,,,,,,,,B,,,,0,,,,,0,0,0,,,,,0,,0,0,0,,,,,0,,,,0,0,0,,,,,,,,,,,,,,,,,,,,,,,,,,,,,,,,,,,,,,,,,,,,,,,,,,,,,,,,,,,,,,,,,,,,,,,,,,,,,,,,,,,,,,,,,,,,
375,5000002656,2017,1,1,0,0,0,261,,HEXNT,SC00,RM00,,,,,,,,,0,0,,H,USD,43825.51,0,43825.51,,,,34386,LB,34386,LB,34386,LB,,,,,0,,,0,X,,,,,,NA00,,,,,,,,,,,,2017,,,US00,,0,,0,0,0,,0,2,,,,,,,,,B,,,,0,,,,,0,0,0,,,,,0,,0,0,0,,,,,0,,,,0,0,0,,,,,,,,,,,,,,,,,,,,,,,,,,,,,,,,,,,,,,,,,,,,,,,,,,,,,,,,,,,,,,,,,,,,,,,,,,,,,,,,,,,,,,,,,,,,
375,5000002657,2017,1,1,0,0,0,261,,HEXNT,SC00,RM00,,,,,,,,,0,0,,H,USD,24294.82,0,24294.82,,,,19062,LB,19062,LB,19062,LB,,,,,0,,,0,X,,,,,,NA00,,,,,,,,,,,,2017,,,US00,,0,,0,0,0,,0,2,,,,,,,,,B,,,,0,,,,,0,0,0,,,,,0,,0,0,0,,,,,0,,,,0,0,0,,,,,,,,,,,,,,,,,,,,,,,,,,,,,,,,,,,,,,,,,,,,,,,,,,,,,,,,,,,,,,,,,,,,,,,,,,,,,,,,,,,,,,,,,,,,
375,5000002658,2017,1,1,0,0,0,261,,HEXNT,SC00,RM00,,,,,,,,,0,0,,H,USD,35616.35,0,35616.35,,,,27945,LB,27945,LB,27945,LB,,,,,0,,,0,X,,,,,,NA00,,,,,,,,,,,,2017,,,US00,,0,,0,0,0,,0,2,,,,,,,,,B,,,,0,,,,,0,0,0,,,,,0,,0,0,0,,,,,0,,,,0,0,0,,,,,,,,,,,,,,,,,,,,,,,,,,,,,,,,,,,,,,,,,,,,,,,,,,,,,,,,,,,,,,,,,,,,,,,,,,,,,,,,,,,,,,,,,,,,
375,5000002659,2017,1,1,0,0,0,261,,HEXNT,SC00,RM00,,,,,,,,,0,0,,H,USD,124943.35,0,124943.35,,,,98032,LB,98032,LB,98032,LB,,,,,0,,,0,X,,,,,,NA00,,,,,,,,,,,,2017,,,US00,,0,,0,0,0,,0,2,,,,,,,,,B,,,,0,,,,,0,0,0,,,,,0,,0,0,0,,,,,0,,,,0,0,0,,,,,,,,,,,,,,,,,,,,,,,,,,,,,,,,,,,,,,,,,,,,,,,,,,,,,,,,,,,,,,,,,,,,,,,,,,,,,,,,,,,,,,,,,,,,
375,5000002660,2017,1,1,0,0,0,261,,HEXNT,SC00,RM00,,,,,,,,,0,0,,H,USD,14798.41,0,14798.41,,,,11611,LB,11611,LB,11611,LB,,,,,0,,,0,X,,,,,,NA00,,,,,,,,,,,,2017,,,US00,,0,,0,0,0,,0,2,,,,,,,,,B,,,,0,,,,,0,0,0,,,,,0,,0,0,0,,,,,0,,,,0,0,0,,,,,,,,,,,,,,,,,,,,,,,,,,,,,,,,,,,,,,,,,,,,,,,,,,,,,,,,,,,,,,,,,,,,,,,,,,,,,,,,,,,,,,,,,,,,
375,5000002661,2017,1,1,0,0,0,261,,HEXNT,SC00,RM00,,,,,,,,,0,0,,H,USD,42749.82,0,42749.82,,,,33542,LB,33542,LB,33542,LB,,,,,0,,,0,X,,,,,,NA00,,,,,,,,,,,,2017,,,US00,,0,,0,0,0,,0,2,,,,,,,,,B,,,,0,,,,,0,0,0,,,,,0,,0,0,0,,,,,0,,,,0,0,0,,,,,,,,,,,,,,,,,,,,,,,,,,,,,,,,,,,,,,,,,,,,,,,,,,,,,,,,,,,,,,,,,,,,,,,,,,,,,,,,,,,,,,,,,,,,
375,5000002662,2017,1,1,0,0,0,261,,HEXNT,SC00,RM00,,,,,,,,,0,0,,H,USD,29213.18,0,29213.18,,,,22921,LB,22921,LB,22921,LB,,,,,0,,,0,X,,,,,,NA00,,,,,,,,,,,,2017,,,US00,,0,,0,0,0,,0,2,,,,,,,,,B,,,,0,,,,,0,0,0,,,,,0,,0,0,0,,,,,0,,,,0,0,0,,,,,,,,,,,,,,,,,,,,,,,,,,,,,,,,,,,,,,,,,,,,,,,,,,,,,,,,,,,,,,,,,,,,,,,,,,,,,,,,,,,,,,,,,,,,
375,5000002663,2017,1,1,0,0,0,261,,ICAN HEADMASK,SC00,RM00,,,,,,,,,0,0,,H,USD,114285.71,0,114285.71,,,,102,EA,102,EA,102,EA,,,,,0,,,0,X,,,,,,NA00,,,,,,,,,,,,2017,,,US00,,0,,0,0,0,,0,2,,,,,,,,,B,,,,0,,,,,0,0,0,,,,,0,,0,0,0,,,,,0,,,,0,0,0,,,,,,,,,,,,,,,,,,,,,,,,,,,,,,,,,,,,,,,,,,,,,,,,,,,,,,,,,,,,,,,,,,,,,,,,,,,,,,,,,,,,,,,,,,,,
375,5000002664,2017,1,1,0,0,0,261,,ICAN HEADMASK,SC00,RM00,,,,,,,,,0,0,,H,USD,243137.25,0,243137.25,,,,217,EA,217,EA,217,EA,,,,,0,,,0,X,,,,,,NA00,,,,,,,,,,,,2017,,,US00,,0,,0,0,0,,0,2,,,,,,,,,B,,,,0,,,,,0,0,0,,,,,0,,0,0,0,,,,,0,,,,0,0,0,,,,,,,,,,,,,,,,,,,,,,,,,,,,,,,,,,,,,,,,,,,,,,,,,,,,,,,,,,,,,,,,,,,,,,,,,,,,,,,,,,,,,,,,,,,,
375,5000002665,2017,1,1,0,0,0,261,,ICAN HEADMASK,SC00,RM00,,,,,,,,,0,0,,H,USD,21288.52,0,21288.52,,,,19,EA,19,EA,19,EA,,,,,0,,,0,X,,,,,,NA00,,,,,,,,,,,,2017,,,US00,,0,,0,0,0,,0,2,,,,,,,,,B,,,,0,,,,,0,0,0,,,,,0,,0,0,0,,,,,0,,,,0,0,0,,,,,,,,,,,,,,,,,,,,,,,,,,,,,,,,,,,,,,,,,,,,,,,,,,,,,,,,,,,,,,,,,,,,,,,,,,,,,,,,,,,,,,,,,,,,
375,5000002666,2017,1,1,0,0,0,261,,ICAN HEADMASK,SC00,RM00,,,,,,,,,0,0,,H,USD,177030.81,0,177030.81,,,,158,EA,158,EA,158,EA,,,,,0,,,0,X,,,,,,NA00,,,,,,,,,,,,2017,,,US00,,0,,0,0,0,,0,2,,,,,,,,,B,,,,0,,,,,0,0,0,,,,,0,,0,0,0,,,,,0,,,,0,0,0,,,,,,,,,,,,,,,,,,,,,,,,,,,,,,,,,,,,,,,,,,,,,,,,,,,,,,,,,,,,,,,,,,,,,,,,,,,,,,,,,,,,,,,,,,,,
375,5000002667,2017,1,1,0,0,0,261,,ICAN HEADMASK,SC00,RM00,,,,,,,,,0,0,,H,USD,123249.30,0,123249.30,,,,110,EA,110,EA,110,EA,,,,,0,,,0,X,,,,,,NA00,,,,,,,,,,,,2017,,,US00,,0,,0,0,0,,0,2,,,,,,,,,B,,,,0,,,,,0,0,0,,,,,0,,0,0,0,,,,,0,,,,0,0,0,,,,,,,,,,,,,,,,,,,,,,,,,,,,,,,,,,,,,,,,,,,,,,,,,,,,,,,,,,,,,,,,,,,,,,,,,,,,,,,,,,,,,,,,,,,,
375,5000002668,2017,1,1,0,0,0,261,,ICAN HEADMASK,SC00,RM00,,,,,,,,,0,0,,H,USD,531092.44,0,531092.44,,,,474,EA,474,EA,474,EA,,,,,0,,,0,X,,,,,,NA00,,,,,,,,,,,,2017,,,US00,,0,,0,0,0,,0,2,,,,,,,,,B,,,,0,,,,,0,0,0,,,,,0,,0,0,0,,,,,0,,,,0,0,0,,,,,,,,,,,,,,,,,,,,,,,,,,,,,,,,,,,,,,,,,,,,,,,,,,,,,,,,,,,,,,,,,,,,,,,,,,,,,,,,,,,,,,,,,,,,
375,5000002669,2017,1,1,0,0,0,261,,ICAN HEADMASK,SC00,RM00,,,,,,,,,0,0,,H,USD,70588.24,0,70588.24,,,,63,EA,63,EA,63,EA,,,,,0,,,0,X,,,,,,NA00,,,,,,,,,,,,2017,,,US00,,0,,0,0,0,,0,2,,,,,,,,,B,,,,0,,,,,0,0,0,,,,,0,,0,0,0,,,,,0,,,,0,0,0,,,,,,,,,,,,,,,,,,,,,,,,,,,,,,,,,,,,,,,,,,,,,,,,,,,,,,,,,,,,,,,,,,,,,,,,,,,,,,,,,,,,,,,,,,,,
375,5000002670,2017,1,1,0,0,0,261,,ICAN HEADMASK,SC00,RM00,,,,,,,,,0,0,,H,USD,480672.27,0,480672.27,,,,429,EA,429,EA,429,EA,,,,,0,,,0,X,,,,,,NA00,,,,,,,,,,,,2017,,,US00,,0,,0,0,0,,0,2,,,,,,,,,B,,,,0,,,,,0,0,0,,,,,0,,0,0,0,,,,,0,,,,0,0,0,,,,,,,,,,,,,,,,,,,,,,,,,,,,,,,,,,,,,,,,,,,,,,,,,,,,,,,,,,,,,,,,,,,,,,,,,,,,,,,,,,,,,,,,,,,,
375,5000002671,2017,1,1,0,0,0,261,,IRON,SC00,RM00,,,,,,,,,0,0,,H,USD,1627.38,0,1627.38,,,,3206,LB,3206,LB,3206,LB,,,,,0,,,0,X,,,,,,NA00,,,,,,,,,,,,2017,,,US00,,0,,0,0,0,,0,2,,,,,,,,,B,,,,0,,,,,0,0,0,,,,,0,,0,0,0,,,,,0,,,,0,0,0,,,,,,,,,,,,,,,,,,,,,,,,,,,,,,,,,,,,,,,,,,,,,,,,,,,,,,,,,,,,,,,,,,,,,,,,,,,,,,,,,,,,,,,,,,,,
375,5000002672,2017,1,1,0,0,0,261,,IRON,SC00,RM00,,,,,,,,,0,0,,H,USD,2274.06,0,2274.06,,,,4480,LB,4480,LB,4480,LB,,,,,0,,,0,X,,,,,,NA00,,,,,,,,,,,,2017,,,US00,,0,,0,0,0,,0,2,,,,,,,,,B,,,,0,,,,,0,0,0,,,,,0,,0,0,0,,,,,0,,,,0,0,0,,,,,,,,,,,,,,,,,,,,,,,,,,,,,,,,,,,,,,,,,,,,,,,,,,,,,,,,,,,,,,,,,,,,,,,,,,,,,,,,,,,,,,,,,,,,
375,5000002673,2017,1,1,0,0,0,261,,IRON,SC00,RM00,,,,,,,,,0,0,,H,USD,5290.24,0,5290.24,,,,10422,LB,10422,LB,10422,LB,,,,,0,,,0,X,,,,,,NA00,,,,,,,,,,,,2017,,,US00,,0,,0,0,0,,0,2,,,,,,,,,B,,,,0,,,,,0,0,0,,,,,0,,0,0,0,,,,,0,,,,0,0,0,,,,,,,,,,,,,,,,,,,,,,,,,,,,,,,,,,,,,,,,,,,,,,,,,,,,,,,,,,,,,,,,,,,,,,,,,,,,,,,,,,,,,,,,,,,,
375,5000002674,2017,1,1,0,0,0,261,,IRON,SC00,RM00,,,,,,,,,0,0,,H,USD,355.32,0,355.32,,,,700,LB,700,LB,700,LB,,,,,0,,,0,X,,,,,,NA00,,,,,,,,,,,,2017,,,US00,,0,,0,0,0,,0,2,,,,,,,,,B,,,,0,,,,,0,0,0,,,,,0,,0,0,0,,,,,0,,,,0,0,0,,,,,,,,,,,,,,,,,,,,,,,,,,,,,,,,,,,,,,,,,,,,,,,,,,,,,,,,,,,,,,,,,,,,,,,,,,,,,,,,,,,,,,,,,,,,
375,5000002675,2017,1,1,0,0,0,261,,IRON,SC00,RM00,,,,,,,,,0,0,,H,USD,3896.36,0,3896.36,,,,7676,LB,7676,LB,7676,LB,,,,,0,,,0,X,,,,,,NA00,,,,,,,,,,,,2017,,,US00,,0,,0,0,0,,0,2,,,,,,,,,B,,,,0,,,,,0,0,0,,,,,0,,0,0,0,,,,,0,,,,0,0,0,,,,,,,,,,,,,,,,,,,,,,,,,,,,,,,,,,,,,,,,,,,,,,,,,,,,,,,,,,,,,,,,,,,,,,,,,,,,,,,,,,,,,,,,,,,,
375,5000002676,2017,1,1,0,0,0,261,,IRON,SC00,RM00,,,,,,,,,0,0,,H,USD,622.32,0,622.32,,,,1226,LB,1226,LB,1226,LB,,,,,0,,,0,X,,,,,,NA00,,,,,,,,,,,,2017,,,US00,,0,,0,0,0,,0,2,,,,,,,,,B,,,,0,,,,,0,0,0,,,,,0,,0,0,0,,,,,0,,,,0,0,0,,,,,,,,,,,,,,,,,,,,,,,,,,,,,,,,,,,,,,,,,,,,,,,,,,,,,,,,,,,,,,,,,,,,,,,,,,,,,,,,,,,,,,,,,,,,
375,5000002677,2017,1,1,0,0,0,261,,IRON,SC00,RM00,,,,,,,,,0,0,,H,USD,177.66,0,177.66,,,,350,LB,350,LB,350,LB,,,,,0,,,0,X,,,,,,NA00,,,,,,,,,,,,2017,,,US00,,0,,0,0,0,,0,2,,,,,,,,,B,,,,0,,,,,0,0,0,,,,,0,,0,0,0,,,,,0,,,,0,0,0,,,,,,,,,,,,,,,,,,,,,,,,,,,,,,,,,,,,,,,,,,,,,,,,,,,,,,,,,,,,,,,,,,,,,,,,,,,,,,,,,,,,,,,,,,,,
375,5000002678,2017,1,1,0,0,0,261,,IRON,SC00,RM00,,,,,,,,,0,0,,H,USD,1396.92,0,1396.92,,,,2752,LB,2752,LB,2752,LB,,,,,0,,,0,X,,,,,,NA00,,,,,,,,,,,,2017,,,US00,,0,,0,0,0,,0,2,,,,,,,,,B,,,,0,,,,,0,0,0,,,,,0,,0,0,0,,,,,0,,,,0,0,0,,,,,,,,,,,,,,,,,,,,,,,,,,,,,,,,,,,,,,,,,,,,,,,,,,,,,,,,,,,,,,,,,,,,,,,,,,,,,,,,,,,,,,,,,,,,
375,5000002679,2017,1,1,0,0,0,261,,IRON,SC00,RM00,,,,,,,,,0,0,,H,USD,4239.50,0,4239.50,,,,8352,LB,8352,LB,8352,LB,,,,,0,,,0,X,,,,,,NA00,,,,,,,,,,,,2017,,,US00,,0,,0,0,0,,0,2,,,,,,,,,B,,,,0,,,,,0,0,0,,,,,0,,0,0,0,,,,,0,,,,0,0,0,,,,,,,,,,,,,,,,,,,,,,,,,,,,,,,,,,,,,,,,,,,,,,,,,,,,,,,,,,,,,,,,,,,,,,,,,,,,,,,,,,,,,,,,,,,,
375,5000002680,2017,1,1,0,0,0,261,,KRYPTONITE,SC00,RM00,,,,,,,,,0,0,,H,USD,302768.14,0,302768.14,,,,10317,LB,10317,LB,10317,LB,,,,,0,,,0,X,,,,,,NA00,,,,,,,,,,,,2017,,,US00,,0,,0,0,0,,0,2,,,,,,,,,B,,,,0,,,,,0,0,0,,,,,0,,0,0,0,,,,,0,,,,0,0,0,,,,,,,,,,,,,,,,,,,,,,,,,,,,,,,,,,,,,,,,,,,,,,,,,,,,,,,,,,,,,,,,,,,,,,,,,,,,,,,,,,,,,,,,,,,,
375,5000002681,2017,1,1,0,0,0,261,,KRYPTONITE,SC00,RM00,,,,,,,,,0,0,,H,USD,795056.16,0,795056.16,,,,27092,LB,27092,LB,27092,LB,,,,,0,,,0,X,,,,,,NA00,,,,,,,,,,,,2017,,,US00,,0,,0,0,0,,0,2,,,,,,,,,B,,,,0,,,,,0,0,0,,,,,0,,0,0,0,,,,,0,,,,0,0,0,,,,,,,,,,,,,,,,,,,,,,,,,,,,,,,,,,,,,,,,,,,,,,,,,,,,,,,,,,,,,,,,,,,,,,,,,,,,,,,,,,,,,,,,,,,,
375,5000002682,2017,1,1,0,0,0,261,,KRYPTONITE,SC00,RM00,,,,,,,,,0,0,,H,USD,5875409.83,0,5875409.83,,,,200208,LB,200208,LB,200208,LB,,,,,0,,,0,X,,,,,,NA00,,,,,,,,,,,,2017,,,US00,,0,,0,0,0,,0,2,,,,,,,,,B,,,,0,,,,,0,0,0,,,,,0,,0,0,0,,,,,0,,,,0,0,0,,,,,,,,,,,,,,,,,,,,,,,,,,,,,,,,,,,,,,,,,,,,,,,,,,,,,,,,,,,,,,,,,,,,,,,,,,,,,,,,,,,,,,,,,,,,
375,5000002683,2017,1,1,0,0,0,261,,KRYPTONITE,SC00,RM00,,,,,,,,,0,0,,H,USD,6479742.89,0,6479742.89,,,,220801,LB,220801,LB,220801,LB,,,,,0,,,0,X,,,,,,NA00,,,,,,,,,,,,2017,,,US00,,0,,0,0,0,,0,2,,,,,,,,,B,,,,0,,,,,0,0,0,,,,,0,,0,0,0,,,,,0,,,,0,0,0,,,,,,,,,,,,,,,,,,,,,,,,,,,,,,,,,,,,,,,,,,,,,,,,,,,,,,,,,,,,,,,,,,,,,,,,,,,,,,,,,,,,,,,,,,,,
375,5000002684,2017,1,1,0,0,0,261,,KRYPTONITE,SC00,RM00,,,,,,,,,0,0,,H,USD,182329.98,0,182329.98,,,,6213,LB,6213,LB,6213,LB,,,,,0,,,0,X,,,,,,NA00,,,,,,,,,,,,2017,,,US00,,0,,0,0,0,,0,2,,,,,,,,,B,,,,0,,,,,0,0,0,,,,,0,,0,0,0,,,,,0,,,,0,0,0,,,,,,,,,,,,,,,,,,,,,,,,,,,,,,,,,,,,,,,,,,,,,,,,,,,,,,,,,,,,,,,,,,,,,,,,,,,,,,,,,,,,,,,,,,,,
375,5000002685,2017,1,1,0,0,0,261,,KRYPTONITE,SC00,RM00,,,,,,,,,0,0,,H,USD,7278115.21,0,7278115.21,,,,248006,LB,248006,LB,248006,LB,,,,,0,,,0,X,,,,,,NA00,,,,,,,,,,,,2017,,,US00,,0,,0,0,0,,0,2,,,,,,,,,B,,,,0,,,,,0,0,0,,,,,0,,0,0,0,,,,,0,,,,0,0,0,,,,,,,,,,,,,,,,,,,,,,,,,,,,,,,,,,,,,,,,,,,,,,,,,,,,,,,,,,,,,,,,,,,,,,,,,,,,,,,,,,,,,,,,,,,,
375,5000002686,2017,1,1,0,0,0,261,,LIQUID,SC00,RM00,,,,,,,,,0,0,,H,USD,1748.57,0,1748.57,,,,6,FOZ,6,FOZ,6,FOZ,,,,,0,,,0,X,,,,,,NA00,,,,,,,,,,,,2017,,,US00,,0,,0,0,0,,0,2,,,,,,,,,B,,,,0,,,,,0,0,0,,,,,0,,0,0,0,,,,,0,,,,0,0,0,,,,,,,,,,,,,,,,,,,,,,,,,,,,,,,,,,,,,,,,,,,,,,,,,,,,,,,,,,,,,,,,,,,,,,,,,,,,,,,,,,,,,,,,,,,,
375,5000002687,2017,1,1,0,0,0,261,,LIQUID,SC00,RM00,,,,,,,,,0,0,,H,USD,2331.43,0,2331.43,,,,8,FOZ,8,FOZ,8,FOZ,,,,,0,,,0,X,,,,,,NA00,,,,,,,,,,,,2017,,,US00,,0,,0,0,0,,0,2,,,,,,,,,B,,,,0,,,,,0,0,0,,,,,0,,0,0,0,,,,,0,,,,0,0,0,,,,,,,,,,,,,,,,,,,,,,,,,,,,,,,,,,,,,,,,,,,,,,,,,,,,,,,,,,,,,,,,,,,,,,,,,,,,,,,,,,,,,,,,,,,,
375,5000002688,2017,1,1,0,0,0,261,,LIQUID,SC00,RM00,,,,,,,,,0,0,,H,USD,1748.57,0,1748.57,,,,6,FOZ,6,FOZ,6,FOZ,,,,,0,,,0,X,,,,,,NA00,,,,,,,,,,,,2017,,,US00,,0,,0,0,0,,0,2,,,,,,,,,B,,,,0,,,,,0,0,0,,,,,0,,0,0,0,,,,,0,,,,0,0,0,,,,,,,,,,,,,,,,,,,,,,,,,,,,,,,,,,,,,,,,,,,,,,,,,,,,,,,,,,,,,,,,,,,,,,,,,,,,,,,,,,,,,,,,,,,,
375,5000002689,2017,1,1,0,0,0,261,,LIQUID,SC00,RM00,,,,,,,,,0,0,,H,USD,2914.29,0,2914.29,,,,10,FOZ,10,FOZ,10,FOZ,,,,,0,,,0,X,,,,,,NA00,,,,,,,,,,,,2017,,,US00,,0,,0,0,0,,0,2,,,,,,,,,B,,,,0,,,,,0,0,0,,,,,0,,0,0,0,,,,,0,,,,0,0,0,,,,,,,,,,,,,,,,,,,,,,,,,,,,,,,,,,,,,,,,,,,,,,,,,,,,,,,,,,,,,,,,,,,,,,,,,,,,,,,,,,,,,,,,,,,,
375,5000002690,2017,1,1,0,0,0,261,,LIQUID,SC00,RM00,,,,,,,,,0,0,,H,USD,6120.00,0,6120.00,,,,21,FOZ,21,FOZ,21,FOZ,,,,,0,,,0,X,,,,,,NA00,,,,,,,,,,,,2017,,,US00,,0,,0,0,0,,0,2,,,,,,,,,B,,,,0,,,,,0,0,0,,,,,0,,0,0,0,,,,,0,,,,0,0,0,,,,,,,,,,,,,,,,,,,,,,,,,,,,,,,,,,,,,,,,,,,,,,,,,,,,,,,,,,,,,,,,,,,,,,,,,,,,,,,,,,,,,,,,,,,,
375,5000002691,2017,1,1,0,0,0,261,,LIQUID,SC00,RM00,,,,,,,,,0,0,,H,USD,2914.29,0,2914.29,,,,10,FOZ,10,FOZ,10,FOZ,,,,,0,,,0,X,,,,,,NA00,,,,,,,,,,,,2017,,,US00,,0,,0,0,0,,0,2,,,,,,,,,B,,,,0,,,,,0,0,0,,,,,0,,0,0,0,,,,,0,,,,0,0,0,,,,,,,,,,,,,,,,,,,,,,,,,,,,,,,,,,,,,,,,,,,,,,,,,,,,,,,,,,,,,,,,,,,,,,,,,,,,,,,,,,,,,,,,,,,,
375,5000002692,2017,1,1,0,0,0,261,,MAGICDUST,SC00,RM00,,,,,,,,,0,0,,H,USD,23469.78,0,23469.78,,,,674,LB,674,LB,674,LB,,,,,0,,,0,X,,,,,,NA00,,,,,,,,,,,,2017,,,US00,,0,,0,0,0,,0,2,,,,,,,,,B,,,,0,,,,,0,0,0,,,,,0,,0,0,0,,,,,0,,,,0,0,0,,,,,,,,,,,,,,,,,,,,,,,,,,,,,,,,,,,,,,,,,,,,,,,,,,,,,,,,,,,,,,,,,,,,,,,,,,,,,,,,,,,,,,,,,,,,
375,5000002693,2017,1,1,0,0,0,261,,MAGICDUST,SC00,RM00,,,,,,,,,0,0,,H,USD,19883.15,0,19883.15,,,,571,LB,571,LB,571,LB,,,,,0,,,0,X,,,,,,NA00,,,,,,,,,,,,2017,,,US00,,0,,0,0,0,,0,2,,,,,,,,,B,,,,0,,,,,0,0,0,,,,,0,,0,0,0,,,,,0,,,,0,0,0,,,,,,,,,,,,,,,,,,,,,,,,,,,,,,,,,,,,,,,,,,,,,,,,,,,,,,,,,,,,,,,,,,,,,,,,,,,,,,,,,,,,,,,,,,,,
375,5000002694,2017,1,1,0,0,0,261,,MAGICDUST,SC00,RM00,,,,,,,,,0,0,,H,USD,18699.22,0,18699.22,,,,537,LB,537,LB,537,LB,,,,,0,,,0,X,,,,,,NA00,,,,,,,,,,,,2017,,,US00,,0,,0,0,0,,0,2,,,,,,,,,B,,,,0,,,,,0,0,0,,,,,0,,0,0,0,,,,,0,,,,0,0,0,,,,,,,,,,,,,,,,,,,,,,,,,,,,,,,,,,,,,,,,,,,,,,,,,,,,,,,,,,,,,,,,,,,,,,,,,,,,,,,,,,,,,,,,,,,,
375,5000002695,2017,1,1,0,0,0,261,,MAGICDUST,SC00,RM00,,,,,,,,,0,0,,H,USD,270668.58,0,270668.58,,,,7773,LB,7773,LB,7773,LB,,,,,0,,,0,X,,,,,,NA00,,,,,,,,,,,,2017,,,US00,,0,,0,0,0,,0,2,,,,,,,,,B,,,,0,,,,,0,0,0,,,,,0,,0,0,0,,,,,0,,,,0,0,0,,,,,,,,,,,,,,,,,,,,,,,,,,,,,,,,,,,,,,,,,,,,,,,,,,,,,,,,,,,,,,,,,,,,,,,,,,,,,,,,,,,,,,,,,,,,
375,5000002696,2017,1,1,0,0,0,261,,MAGICDUST,SC00,RM00,,,,,,,,,0,0,,H,USD,13267.04,0,13267.04,,,,381,LB,381,LB,381,LB,,,,,0,,,0,X,,,,,,NA00,,,,,,,,,,,,2017,,,US00,,0,,0,0,0,,0,2,,,,,,,,,B,,,,0,,,,,0,0,0,,,,,0,,0,0,0,,,,,0,,,,0,0,0,,,,,,,,,,,,,,,,,,,,,,,,,,,,,,,,,,,,,,,,,,,,,,,,,,,,,,,,,,,,,,,,,,,,,,,,,,,,,,,,,,,,,,,,,,,,
375,5000002697,2017,1,1,0,0,0,261,,MAGICDUST,SC00,RM00,,,,,,,,,0,0,,H,USD,522.32,0,522.32,,,,15,LB,15,LB,15,LB,,,,,0,,,0,X,,,,,,NA00,,,,,,,,,,,,2017,,,US00,,0,,0,0,0,,0,2,,,,,,,,,B,,,,0,,,,,0,0,0,,,,,0,,0,0,0,,,,,0,,,,0,0,0,,,,,,,,,,,,,,,,,,,,,,,,,,,,,,,,,,,,,,,,,,,,,,,,,,,,,,,,,,,,,,,,,,,,,,,,,,,,,,,,,,,,,,,,,,,,
375,5000002698,2017,1,1,0,0,0,261,,MAGICDUST,SC00,RM00,,,,,,,,,0,0,,H,USD,16749.21,0,16749.21,,,,481,LB,481,LB,481,LB,,,,,0,,,0,X,,,,,,NA00,,,,,,,,,,,,2017,,,US00,,0,,0,0,0,,0,2,,,,,,,,,B,,,,0,,,,,0,0,0,,,,,0,,0,0,0,,,,,0,,,,0,0,0,,,,,,,,,,,,,,,,,,,,,,,,,,,,,,,,,,,,,,,,,,,,,,,,,,,,,,,,,,,,,,,,,,,,,,,,,,,,,,,,,,,,,,,,,,,,
375,5000002699,2017,1,1,0,0,0,261,,MAGICDUST,SC00,RM00,,,,,,,,,0,0,,H,USD,34577.88,0,34577.88,,,,993,LB,993,LB,993,LB,,,,,0,,,0,X,,,,,,NA00,,,,,,,,,,,,2017,,,US00,,0,,0,0,0,,0,2,,,,,,,,,B,,,,0,,,,,0,0,0,,,,,0,,0,0,0,,,,,0,,,,0,0,0,,,,,,,,,,,,,,,,,,,,,,,,,,,,,,,,,,,,,,,,,,,,,,,,,,,,,,,,,,,,,,,,,,,,,,,,,,,,,,,,,,,,,,,,,,,,
375,5000002700,2017,1,1,0,0,0,261,,MAGICDUST,SC00,RM00,,,,,,,,,0,0,,H,USD,2785.73,0,2785.73,,,,80,LB,80,LB,80,LB,,,,,0,,,0,X,,,,,,NA00,,,,,,,,,,,,2017,,,US00,,0,,0,0,0,,0,2,,,,,,,,,B,,,,0,,,,,0,0,0,,,,,0,,0,0,0,,,,,0,,,,0,0,0,,,,,,,,,,,,,,,,,,,,,,,,,,,,,,,,,,,,,,,,,,,,,,,,,,,,,,,,,,,,,,,,,,,,,,,,,,,,,,,,,,,,,,,,,,,,
375,5000002701,2017,1,1,0,0,0,261,,ORANGE,SC00,RM00,,,,,,,,,0,0,,H,USD,5382228.02,0,5382228.02,,,,16157,TO,16157,TO,16157,TO,,,,,0,,,0,X,,,,,,NA00,,,,,,,,,,,,2017,,,US00,,0,,0,0,0,,0,2,,,,,,,,,B,,,,0,,,,,0,0,0,,,,,0,,0,0,0,,,,,0,,,,0,0,0,,,,,,,,,,,,,,,,,,,,,,,,,,,,,,,,,,,,,,,,,,,,,,,,,,,,,,,,,,,,,,,,,,,,,,,,,,,,,,,,,,,,,,,,,,,,
375,5000002702,2017,1,1,0,0,0,261,,ORANGE,SC00,RM00,,,,,,,,,0,0,,H,USD,3917830.28,0,3917830.28,,,,11761,TO,11761,TO,11761,TO,,,,,0,,,0,X,,,,,,NA00,,,,,,,,,,,,2017,,,US00,,0,,0,0,0,,0,2,,,,,,,,,B,,,,0,,,,,0,0,0,,,,,0,,0,0,0,,,,,0,,,,0,0,0,,,,,,,,,,,,,,,,,,,,,,,,,,,,,,,,,,,,,,,,,,,,,,,,,,,,,,,,,,,,,,,,,,,,,,,,,,,,,,,,,,,,,,,,,,,,
375,5000002703,2017,1,1,0,0,0,261,,ORANGE,SC00,RM00,,,,,,,,,0,0,,H,USD,940399.19,0,940399.19,,,,2823,TO,2823,TO,2823,TO,,,,,0,,,0,X,,,,,,NA00,,,,,,,,,,,,2017,,,US00,,0,,0,0,0,,0,2,,,,,,,,,B,,,,0,,,,,0,0,0,,,,,0,,0,0,0,,,,,0,,,,0,0,0,,,,,,,,,,,,,,,,,,,,,,,,,,,,,,,,,,,,,,,,,,,,,,,,,,,,,,,,,,,,,,,,,,,,,,,,,,,,,,,,,,,,,,,,,,,,
375,5000002704,2017,1,1,0,0,0,261,,PALLADIUM,SC00,RM00,,,,,,,,,0,0,,H,USD,787.20,0,787.20,,,,155,G,155,G,155,G,,,,,0,,,0,X,,,,,,NA00,,,,,,,,,,,,2017,,,US00,,0,,0,0,0,,0,2,,,,,,,,,B,,,,0,,,,,0,0,0,,,,,0,,0,0,0,,,,,0,,,,0,0,0,,,,,,,,,,,,,,,,,,,,,,,,,,,,,,,,,,,,,,,,,,,,,,,,,,,,,,,,,,,,,,,,,,,,,,,,,,,,,,,,,,,,,,,,,,,,
375,5000002705,2017,1,1,0,0,0,261,,PALLADIUM,SC00,RM00,,,,,,,,,0,0,,H,USD,162.52,0,162.52,,,,32,G,32,G,32,G,,,,,0,,,0,X,,,,,,NA00,,,,,,,,,,,,2017,,,US00,,0,,0,0,0,,0,2,,,,,,,,,B,,,,0,,,,,0,0,0,,,,,0,,0,0,0,,,,,0,,,,0,0,0,,,,,,,,,,,,,,,,,,,,,,,,,,,,,,,,,,,,,,,,,,,,,,,,,,,,,,,,,,,,,,,,,,,,,,,,,,,,,,,,,,,,,,,,,,,,
375,5000002706,2017,1,1,0,0,0,261,,PALLADIUM,SC00,RM00,,,,,,,,,0,0,,H,USD,3478.92,0,3478.92,,,,685,G,685,G,685,G,,,,,0,,,0,X,,,,,,NA00,,,,,,,,,,,,2017,,,US00,,0,,0,0,0,,0,2,,,,,,,,,B,,,,0,,,,,0,0,0,,,,,0,,0,0,0,,,,,0,,,,0,0,0,,,,,,,,,,,,,,,,,,,,,,,,,,,,,,,,,,,,,,,,,,,,,,,,,,,,,,,,,,,,,,,,,,,,,,,,,,,,,,,,,,,,,,,,,,,,
375,5000002707,2017,1,1,0,0,0,261,,PALLADIUM,SC00,RM00,,,,,,,,,0,0,,H,USD,746.57,0,746.57,,,,147,G,147,G,147,G,,,,,0,,,0,X,,,,,,NA00,,,,,,,,,,,,2017,,,US00,,0,,0,0,0,,0,2,,,,,,,,,B,,,,0,,,,,0,0,0,,,,,0,,0,0,0,,,,,0,,,,0,0,0,,,,,,,,,,,,,,,,,,,,,,,,,,,,,,,,,,,,,,,,,,,,,,,,,,,,,,,,,,,,,,,,,,,,,,,,,,,,,,,,,,,,,,,,,,,,
375,5000002708,2017,1,1,0,0,0,261,,PALLADIUM,SC00,RM00,,,,,,,,,0,0,,H,USD,731.34,0,731.34,,,,144,G,144,G,144,G,,,,,0,,,0,X,,,,,,NA00,,,,,,,,,,,,2017,,,US00,,0,,0,0,0,,0,2,,,,,,,,,B,,,,0,,,,,0,0,0,,,,,0,,0,0,0,,,,,0,,,,0,0,0,,,,,,,,,,,,,,,,,,,,,,,,,,,,,,,,,,,,,,,,,,,,,,,,,,,,,,,,,,,,,,,,,,,,,,,,,,,,,,,,,,,,,,,,,,,,
375,5000002709,2017,1,1,0,0,0,261,,PALLADIUM,SC00,RM00,,,,,,,,,0,0,,H,USD,452.01,0,452.01,,,,89,G,89,G,89,G,,,,,0,,,0,X,,,,,,NA00,,,,,,,,,,,,2017,,,US00,,0,,0,0,0,,0,2,,,,,,,,,B,,,,0,,,,,0,0,0,,,,,0,,0,0,0,,,,,0,,,,0,0,0,,,,,,,,,,,,,,,,,,,,,,,,,,,,,,,,,,,,,,,,,,,,,,,,,,,,,,,,,,,,,,,,,,,,,,,,,,,,,,,,,,,,,,,,,,,,
375,5000002710,2017,1,1,0,0,0,261,,PALLADIUM,SC00,RM00,,,,,,,,,0,0,,H,USD,705.94,0,705.94,,,,139,G,139,G,139,G,,,,,0,,,0,X,,,,,,NA00,,,,,,,,,,,,2017,,,US00,,0,,0,0,0,,0,2,,,,,,,,,B,,,,0,,,,,0,0,0,,,,,0,,0,0,0,,,,,0,,,,0,0,0,,,,,,,,,,,,,,,,,,,,,,,,,,,,,,,,,,,,,,,,,,,,,,,,,,,,,,,,,,,,,,,,,,,,,,,,,,,,,,,,,,,,,,,,,,,,
375,5000002711,2017,1,1,0,0,0,261,,PALLADIUM,SC00,RM00,,,,,,,,,0,0,,H,USD,827.83,0,827.83,,,,163,G,163,G,163,G,,,,,0,,,0,X,,,,,,NA00,,,,,,,,,,,,2017,,,US00,,0,,0,0,0,,0,2,,,,,,,,,B,,,,0,,,,,0,0,0,,,,,0,,0,0,0,,,,,0,,,,0,0,0,,,,,,,,,,,,,,,,,,,,,,,,,,,,,,,,,,,,,,,,,,,,,,,,,,,,,,,,,,,,,,,,,,,,,,,,,,,,,,,,,,,,,,,,,,,,
375,5000002712,2017,1,1,0,0,0,261,,PALLADIUM,SC00,RM00,,,,,,,,,0,0,,H,USD,1432.20,0,1432.20,,,,282,G,282,G,282,G,,,,,0,,,0,X,,,,,,NA00,,,,,,,,,,,,2017,,,US00,,0,,0,0,0,,0,2,,,,,,,,,B,,,,0,,,,,0,0,0,,,,,0,,0,0,0,,,,,0,,,,0,0,0,,,,,,,,,,,,,,,,,,,,,,,,,,,,,,,,,,,,,,,,,,,,,,,,,,,,,,,,,,,,,,,,,,,,,,,,,,,,,,,,,,,,,,,,,,,,
375,5000002713,2017,1,1,0,0,0,261,,PAPER,SC00,RM00,,,,,,,,,0,0,,H,USD,0.56,0,0.56,,,,223,LB,223,LB,223,LB,,,,,0,,,0,X,,,,,,NA00,,,,,,,,,,,,2017,,,US00,,0,,0,0,0,,0,2,,,,,,,,,B,,,,0,,,,,0,0,0,,,,,0,,0,0,0,,,,,0,,,,0,0,0,,,,,,,,,,,,,,,,,,,,,,,,,,,,,,,,,,,,,,,,,,,,,,,,,,,,,,,,,,,,,,,,,,,,,,,,,,,,,,,,,,,,,,,,,,,,
375,5000002714,2017,1,1,0,0,0,261,,PAPER,SC00,RM00,,,,,,,,,0,0,,H,USD,1.61,0,1.61,,,,642,LB,642,LB,642,LB,,,,,0,,,0,X,,,,,,NA00,,,,,,,,,,,,2017,,,US00,,0,,0,0,0,,0,2,,,,,,,,,B,,,,0,,,,,0,0,0,,,,,0,,0,0,0,,,,,0,,,,0,0,0,,,,,,,,,,,,,,,,,,,,,,,,,,,,,,,,,,,,,,,,,,,,,,,,,,,,,,,,,,,,,,,,,,,,,,,,,,,,,,,,,,,,,,,,,,,,
375,5000002715,2017,1,1,0,0,0,261,,PAPER,SC00,RM00,,,,,,,,,0,0,,H,USD,10.46,0,10.46,,,,4174,LB,4174,LB,4174,LB,,,,,0,,,0,X,,,,,,NA00,,,,,,,,,,,,2017,,,US00,,0,,0,0,0,,0,2,,,,,,,,,B,,,,0,,,,,0,0,0,,,,,0,,0,0,0,,,,,0,,,,0,0,0,,,,,,,,,,,,,,,,,,,,,,,,,,,,,,,,,,,,,,,,,,,,,,,,,,,,,,,,,,,,,,,,,,,,,,,,,,,,,,,,,,,,,,,,,,,,
375,5000002716,2017,1,1,0,0,0,261,,PAPER,SC00,RM00,,,,,,,,,0,0,,H,USD,2.16,0,2.16,,,,860,LB,860,LB,860,LB,,,,,0,,,0,X,,,,,,NA00,,,,,,,,,,,,2017,,,US00,,0,,0,0,0,,0,2,,,,,,,,,B,,,,0,,,,,0,0,0,,,,,0,,0,0,0,,,,,0,,,,0,0,0,,,,,,,,,,,,,,,,,,,,,,,,,,,,,,,,,,,,,,,,,,,,,,,,,,,,,,,,,,,,,,,,,,,,,,,,,,,,,,,,,,,,,,,,,,,,
375,5000002717,2017,1,1,0,0,0,261,,PAPER,SC00,RM00,,,,,,,,,0,0,,H,USD,3.42,0,3.42,,,,1366,LB,1366,LB,1366,LB,,,,,0,,,0,X,,,,,,NA00,,,,,,,,,,,,2017,,,US00,,0,,0,0,0,,0,2,,,,,,,,,B,,,,0,,,,,0,0,0,,,,,0,,0,0,0,,,,,0,,,,0,0,0,,,,,,,,,,,,,,,,,,,,,,,,,,,,,,,,,,,,,,,,,,,,,,,,,,,,,,,,,,,,,,,,,,,,,,,,,,,,,,,,,,,,,,,,,,,,
375,5000002718,2017,1,1,0,0,0,261,,PAPER,SC00,RM00,,,,,,,,,0,0,,H,USD,5.32,0,5.32,,,,2123,LB,2123,LB,2123,LB,,,,,0,,,0,X,,,,,,NA00,,,,,,,,,,,,2017,,,US00,,0,,0,0,0,,0,2,,,,,,,,,B,,,,0,,,,,0,0,0,,,,,0,,0,0,0,,,,,0,,,,0,0,0,,,,,,,,,,,,,,,,,,,,,,,,,,,,,,,,,,,,,,,,,,,,,,,,,,,,,,,,,,,,,,,,,,,,,,,,,,,,,,,,,,,,,,,,,,,,
375,5000002719,2017,1,1,0,0,0,261,,PAPER,SC00,RM00,,,,,,,,,0,0,,H,USD,3.05,0,3.05,,,,1215,LB,1215,LB,1215,LB,,,,,0,,,0,X,,,,,,NA00,,,,,,,,,,,,2017,,,US00,,0,,0,0,0,,0,2,,,,,,,,,B,,,,0,,,,,0,0,0,,,,,0,,0,0,0,,,,,0,,,,0,0,0,,,,,,,,,,,,,,,,,,,,,,,,,,,,,,,,,,,,,,,,,,,,,,,,,,,,,,,,,,,,,,,,,,,,,,,,,,,,,,,,,,,,,,,,,,,,
375,5000002720,2017,1,1,0,0,0,261,,PAPER,SC00,RM00,,,,,,,,,0,0,,H,USD,3.20,0,3.20,,,,1275,LB,1275,LB,1275,LB,,,,,0,,,0,X,,,,,,NA00,,,,,,,,,,,,2017,,,US00,,0,,0,0,0,,0,2,,,,,,,,,B,,,,0,,,,,0,0,0,,,,,0,,0,0,0,,,,,0,,,,0,0,0,,,,,,,,,,,,,,,,,,,,,,,,,,,,,,,,,,,,,,,,,,,,,,,,,,,,,,,,,,,,,,,,,,,,,,,,,,,,,,,,,,,,,,,,,,,,
375,5000002721,2017,1,1,0,0,0,261,,PAPER,SC00,RM00,,,,,,,,,0,0,,H,USD,3.30,0,3.30,,,,1315,LB,1315,LB,1315,LB,,,,,0,,,0,X,,,,,,NA00,,,,,,,,,,,,2017,,,US00,,0,,0,0,0,,0,2,,,,,,,,,B,,,,0,,,,,0,0,0,,,,,0,,0,0,0,,,,,0,,,,0,0,0,,,,,,,,,,,,,,,,,,,,,,,,,,,,,,,,,,,,,,,,,,,,,,,,,,,,,,,,,,,,,,,,,,,,,,,,,,,,,,,,,,,,,,,,,,,,
375,5000002722,2017,1,1,0,0,0,261,,ROMANIAN RUBY,SC00,RM00,,,,,,,,,0,0,,H,USD,2094569.59,0,2094569.59,,,,296,G,296,G,296,G,,,,,0,,,0,X,,,,,,NA00,,,,,,,,,,,,2017,,,US00,,0,,0,0,0,,0,2,,,,,,,,,B,,,,0,,,,,0,0,0,,,,,0,,0,0,0,,,,,0,,,,0,0,0,,,,,,,,,,,,,,,,,,,,,,,,,,,,,,,,,,,,,,,,,,,,,,,,,,,,,,,,,,,,,,,,,,,,,,,,,,,,,,,,,,,,,,,,,,,,
375,5000002723,2017,1,1,0,0,0,261,,ROMANIAN RUBY,SC00,RM00,,,,,,,,,0,0,,H,USD,3899012.99,0,3899012.99,,,,551,G,551,G,551,G,,,,,0,,,0,X,,,,,,NA00,,,,,,,,,,,,2017,,,US00,,0,,0,0,0,,0,2,,,,,,,,,B,,,,0,,,,,0,0,0,,,,,0,,0,0,0,,,,,0,,,,0,0,0,,,,,,,,,,,,,,,,,,,,,,,,,,,,,,,,,,,,,,,,,,,,,,,,,,,,,,,,,,,,,,,,,,,,,,,,,,,,,,,,,,,,,,,,,,,,
375,5000002724,2017,1,1,0,0,0,261,,ROMANIAN RUBY,SC00,RM00,,,,,,,,,0,0,,H,USD,3318760.60,0,3318760.60,,,,469,G,469,G,469,G,,,,,0,,,0,X,,,,,,NA00,,,,,,,,,,,,2017,,,US00,,0,,0,0,0,,0,2,,,,,,,,,B,,,,0,,,,,0,0,0,,,,,0,,0,0,0,,,,,0,,,,0,0,0,,,,,,,,,,,,,,,,,,,,,,,,,,,,,,,,,,,,,,,,,,,,,,,,,,,,,,,,,,,,,,,,,,,,,,,,,,,,,,,,,,,,,,,,,,,,
375,5000002725,2017,1,1,0,0,0,261,,ROMANIAN RUBY,SC00,RM00,,,,,,,,,0,0,,H,USD,325507.44,0,325507.44,,,,46,G,46,G,46,G,,,,,0,,,0,X,,,,,,NA00,,,,,,,,,,,,2017,,,US00,,0,,0,0,0,,0,2,,,,,,,,,B,,,,0,,,,,0,0,0,,,,,0,,0,0,0,,,,,0,,,,0,0,0,,,,,,,,,,,,,,,,,,,,,,,,,,,,,,,,,,,,,,,,,,,,,,,,,,,,,,,,,,,,,,,,,,,,,,,,,,,,,,,,,,,,,,,,,,,,
375,5000002726,2017,1,1,0,0,0,261,,ROMANIAN RUBY,SC00,RM00,,,,,,,,,0,0,,H,USD,4981679.03,0,4981679.03,,,,704,G,704,G,704,G,,,,,0,,,0,X,,,,,,NA00,,,,,,,,,,,,2017,,,US00,,0,,0,0,0,,0,2,,,,,,,,,B,,,,0,,,,,0,0,0,,,,,0,,0,0,0,,,,,0,,,,0,0,0,,,,,,,,,,,,,,,,,,,,,,,,,,,,,,,,,,,,,,,,,,,,,,,,,,,,,,,,,,,,,,,,,,,,,,,,,,,,,,,,,,,,,,,,,,,,
375,5000002727,2017,1,1,0,0,0,261,,ROMANIAN RUBY,SC00,RM00,,,,,,,,,0,0,,H,USD,2497915.76,0,2497915.76,,,,353,G,353,G,353,G,,,,,0,,,0,X,,,,,,NA00,,,,,,,,,,,,2017,,,US00,,0,,0,0,0,,0,2,,,,,,,,,B,,,,0,,,,,0,0,0,,,,,0,,0,0,0,,,,,0,,,,0,0,0,,,,,,,,,,,,,,,,,,,,,,,,,,,,,,,,,,,,,,,,,,,,,,,,,,,,,,,,,,,,,,,,,,,,,,,,,,,,,,,,,,,,,,,,,,,,
375,5000002728,2017,1,1,0,0,0,261,,ROSE ESSENTIAL OIL,SC00,RM00,,,,,,,,,0,0,,H,USD,1198.94,0,1198.94,,,,384,L,384,L,384,L,,,,,0,,,0,X,,,,,,NA00,,,,,,,,,,,,2017,,,US00,,0,,0,0,0,,0,2,,,,,,,,,B,,,,0,,,,,0,0,0,,,,,0,,0,0,0,,,,,0,,,,0,0,0,,,,,,,,,,,,,,,,,,,,,,,,,,,,,,,,,,,,,,,,,,,,,,,,,,,,,,,,,,,,,,,,,,,,,,,,,,,,,,,,,,,,,,,,,,,,
375,5000002729,2017,1,1,0,0,0,261,,ROSE ESSENTIAL OIL,SC00,RM00,,,,,,,,,0,0,,H,USD,9860.03,0,9860.03,,,,3158,L,3158,L,3158,L,,,,,0,,,0,X,,,,,,NA00,,,,,,,,,,,,2017,,,US00,,0,,0,0,0,,0,2,,,,,,,,,B,,,,0,,,,,0,0,0,,,,,0,,0,0,0,,,,,0,,,,0,0,0,,,,,,,,,,,,,,,,,,,,,,,,,,,,,,,,,,,,,,,,,,,,,,,,,,,,,,,,,,,,,,,,,,,,,,,,,,,,,,,,,,,,,,,,,,,,
375,5000002730,2017,1,1,0,0,0,261,,ROSE ESSENTIAL OIL,SC00,RM00,,,,,,,,,0,0,,H,USD,3965.24,0,3965.24,,,,1270,L,1270,L,1270,L,,,,,0,,,0,X,,,,,,NA00,,,,,,,,,,,,2017,,,US00,,0,,0,0,0,,0,2,,,,,,,,,B,,,,0,,,,,0,0,0,,,,,0,,0,0,0,,,,,0,,,,0,0,0,,,,,,,,,,,,,,,,,,,,,,,,,,,,,,,,,,,,,,,,,,,,,,,,,,,,,,,,,,,,,,,,,,,,,,,,,,,,,,,,,,,,,,,,,,,,
375,5000002731,2017,1,1,0,0,0,261,,ROSE ESSENTIAL OIL,SC00,RM00,,,,,,,,,0,0,,H,USD,5688.72,0,5688.72,,,,1822,L,1822,L,1822,L,,,,,0,,,0,X,,,,,,NA00,,,,,,,,,,,,2017,,,US00,,0,,0,0,0,,0,2,,,,,,,,,B,,,,0,,,,,0,0,0,,,,,0,,0,0,0,,,,,0,,,,0,0,0,,,,,,,,,,,,,,,,,,,,,,,,,,,,,,,,,,,,,,,,,,,,,,,,,,,,,,,,,,,,,,,,,,,,,,,,,,,,,,,,,,,,,,,,,,,,
375,5000002732,2017,1,1,0,0,0,261,,ROSE ESSENTIAL OIL,SC00,RM00,,,,,,,,,0,0,,H,USD,3265.86,0,3265.86,,,,1046,L,1046,L,1046,L,,,,,0,,,0,X,,,,,,NA00,,,,,,,,,,,,2017,,,US00,,0,,0,0,0,,0,2,,,,,,,,,B,,,,0,,,,,0,0,0,,,,,0,,0,0,0,,,,,0,,,,0,0,0,,,,,,,,,,,,,,,,,,,,,,,,,,,,,,,,,,,,,,,,,,,,,,,,,,,,,,,,,,,,,,,,,,,,,,,,,,,,,,,,,,,,,,,,,,,,
375,5000002733,2017,1,1,0,0,0,261,,ROSE ESSENTIAL OIL,SC00,RM00,,,,,,,,,0,0,,H,USD,4608.42,0,4608.42,,,,1476,L,1476,L,1476,L,,,,,0,,,0,X,,,,,,NA00,,,,,,,,,,,,2017,,,US00,,0,,0,0,0,,0,2,,,,,,,,,B,,,,0,,,,,0,0,0,,,,,0,,0,0,0,,,,,0,,,,0,0,0,,,,,,,,,,,,,,,,,,,,,,,,,,,,,,,,,,,,,,,,,,,,,,,,,,,,,,,,,,,,,,,,,,,,,,,,,,,,,,,,,,,,,,,,,,,,
375,5000002734,2017,1,1,0,0,0,261,,RUBY,SC00,RM00,,,,,,,,,0,0,,H,USD,2906.98,0,2906.98,,,,5,G,5,G,5,G,,,,,0,,,0,X,,,,,,NA00,,,,,,,,,,,,2017,,,US00,,0,,0,0,0,,0,2,,,,,,,,,B,,,,0,,,,,0,0,0,,,,,0,,0,0,0,,,,,0,,,,0,0,0,,,,,,,,,,,,,,,,,,,,,,,,,,,,,,,,,,,,,,,,,,,,,,,,,,,,,,,,,,,,,,,,,,,,,,,,,,,,,,,,,,,,,,,,,,,,
375,5000002735,2017,1,1,0,0,0,261,,RUBY,SC00,RM00,,,,,,,,,0,0,,H,USD,11046.51,0,11046.51,,,,19,G,19,G,19,G,,,,,0,,,0,X,,,,,,NA00,,,,,,,,,,,,2017,,,US00,,0,,0,0,0,,0,2,,,,,,,,,B,,,,0,,,,,0,0,0,,,,,0,,0,0,0,,,,,0,,,,0,0,0,,,,,,,,,,,,,,,,,,,,,,,,,,,,,,,,,,,,,,,,,,,,,,,,,,,,,,,,,,,,,,,,,,,,,,,,,,,,,,,,,,,,,,,,,,,,
375,5000002736,2017,1,1,0,0,0,261,,RUBY,SC00,RM00,,,,,,,,,0,0,,H,USD,14534.88,0,14534.88,,,,25,G,25,G,25,G,,,,,0,,,0,X,,,,,,NA00,,,,,,,,,,,,2017,,,US00,,0,,0,0,0,,0,2,,,,,,,,,B,,,,0,,,,,0,0,0,,,,,0,,0,0,0,,,,,0,,,,0,0,0,,,,,,,,,,,,,,,,,,,,,,,,,,,,,,,,,,,,,,,,,,,,,,,,,,,,,,,,,,,,,,,,,,,,,,,,,,,,,,,,,,,,,,,,,,,,
375,5000002737,2017,1,1,0,0,0,261,,RUBY,SC00,RM00,,,,,,,,,0,0,,H,USD,11627.91,0,11627.91,,,,20,G,20,G,20,G,,,,,0,,,0,X,,,,,,NA00,,,,,,,,,,,,2017,,,US00,,0,,0,0,0,,0,2,,,,,,,,,B,,,,0,,,,,0,0,0,,,,,0,,0,0,0,,,,,0,,,,0,0,0,,,,,,,,,,,,,,,,,,,,,,,,,,,,,,,,,,,,,,,,,,,,,,,,,,,,,,,,,,,,,,,,,,,,,,,,,,,,,,,,,,,,,,,,,,,,
375,5000002738,2017,1,1,0,0,0,261,,RUBY,SC00,RM00,,,,,,,,,0,0,,H,USD,18023.26,0,18023.26,,,,31,G,31,G,31,G,,,,,0,,,0,X,,,,,,NA00,,,,,,,,,,,,2017,,,US00,,0,,0,0,0,,0,2,,,,,,,,,B,,,,0,,,,,0,0,0,,,,,0,,0,0,0,,,,,0,,,,0,0,0,,,,,,,,,,,,,,,,,,,,,,,,,,,,,,,,,,,,,,,,,,,,,,,,,,,,,,,,,,,,,,,,,,,,,,,,,,,,,,,,,,,,,,,,,,,,
375,5000002739,2017,1,1,0,0,0,261,,RUBY,SC00,RM00,,,,,,,,,0,0,,H,USD,7558.14,0,7558.14,,,,13,G,13,G,13,G,,,,,0,,,0,X,,,,,,NA00,,,,,,,,,,,,2017,,,US00,,0,,0,0,0,,0,2,,,,,,,,,B,,,,0,,,,,0,0,0,,,,,0,,0,0,0,,,,,0,,,,0,0,0,,,,,,,,,,,,,,,,,,,,,,,,,,,,,,,,,,,,,,,,,,,,,,,,,,,,,,,,,,,,,,,,,,,,,,,,,,,,,,,,,,,,,,,,,,,,
375,5000002740,2017,1,1,0,0,0,261,,RUBY,SC00,RM00,,,,,,,,,0,0,,H,USD,2325.58,0,2325.58,,,,4,G,4,G,4,G,,,,,0,,,0,X,,,,,,NA00,,,,,,,,,,,,2017,,,US00,,0,,0,0,0,,0,2,,,,,,,,,B,,,,0,,,,,0,0,0,,,,,0,,0,0,0,,,,,0,,,,0,0,0,,,,,,,,,,,,,,,,,,,,,,,,,,,,,,,,,,,,,,,,,,,,,,,,,,,,,,,,,,,,,,,,,,,,,,,,,,,,,,,,,,,,,,,,,,,,
375,5000002741,2017,1,1,0,0,0,261,,RUSSIAN RUBY,SC00,RM00,,,,,,,,,0,0,,H,USD,4570298.98,0,4570298.98,,,,1514,G,1514,G,1514,G,,,,,0,,,0,X,,,,,,NA00,,,,,,,,,,,,2017,,,US00,,0,,0,0,0,,0,2,,,,,,,,,B,,,,0,,,,,0,0,0,,,,,0,,0,0,0,,,,,0,,,,0,0,0,,,,,,,,,,,,,,,,,,,,,,,,,,,,,,,,,,,,,,,,,,,,,,,,,,,,,,,,,,,,,,,,,,,,,,,,,,,,,,,,,,,,,,,,,,,,
375,5000002742,2017,1,1,0,0,0,261,,RUSSIAN RUBY,SC00,RM00,,,,,,,,,0,0,,H,USD,226401.86,0,226401.86,,,,75,G,75,G,75,G,,,,,0,,,0,X,,,,,,NA00,,,,,,,,,,,,2017,,,US00,,0,,0,0,0,,0,2,,,,,,,,,B,,,,0,,,,,0,0,0,,,,,0,,0,0,0,,,,,0,,,,0,0,0,,,,,,,,,,,,,,,,,,,,,,,,,,,,,,,,,,,,,,,,,,,,,,,,,,,,,,,,,,,,,,,,,,,,,,,,,,,,,,,,,,,,,,,,,,,,
375,5000002743,2017,1,1,0,0,0,261,,RUSSIAN RUBY,SC00,RM00,,,,,,,,,0,0,,H,USD,1774990.62,0,1774990.62,,,,588,G,588,G,588,G,,,,,0,,,0,X,,,,,,NA00,,,,,,,,,,,,2017,,,US00,,0,,0,0,0,,0,2,,,,,,,,,B,,,,0,,,,,0,0,0,,,,,0,,0,0,0,,,,,0,,,,0,0,0,,,,,,,,,,,,,,,,,,,,,,,,,,,,,,,,,,,,,,,,,,,,,,,,,,,,,,,,,,,,,,,,,,,,,,,,,,,,,,,,,,,,,,,,,,,,
375,5000002744,2017,1,1,0,0,0,261,,RUSSIAN RUBY,SC00,RM00,,,,,,,,,0,0,,H,USD,141878.50,0,141878.50,,,,47,G,47,G,47,G,,,,,0,,,0,X,,,,,,NA00,,,,,,,,,,,,2017,,,US00,,0,,0,0,0,,0,2,,,,,,,,,B,,,,0,,,,,0,0,0,,,,,0,,0,0,0,,,,,0,,,,0,0,0,,,,,,,,,,,,,,,,,,,,,,,,,,,,,,,,,,,,,,,,,,,,,,,,,,,,,,,,,,,,,,,,,,,,,,,,,,,,,,,,,,,,,,,,,,,,
375,5000002745,2017,1,1,0,0,0,261,,RUSSIAN RUBY,SC00,RM00,,,,,,,,,0,0,,H,USD,3607336.38,0,3607336.38,,,,1195,G,1195,G,1195,G,,,,,0,,,0,X,,,,,,NA00,,,,,,,,,,,,2017,,,US00,,0,,0,0,0,,0,2,,,,,,,,,B,,,,0,,,,,0,0,0,,,,,0,,0,0,0,,,,,0,,,,0,0,0,,,,,,,,,,,,,,,,,,,,,,,,,,,,,,,,,,,,,,,,,,,,,,,,,,,,,,,,,,,,,,,,,,,,,,,,,,,,,,,,,,,,,,,,,,,,
375,5000002746,2017,1,1,0,0,0,261,,RUSSIAN RUBY,SC00,RM00,,,,,,,,,0,0,,H,USD,108672.90,0,108672.90,,,,36,G,36,G,36,G,,,,,0,,,0,X,,,,,,NA00,,,,,,,,,,,,2017,,,US00,,0,,0,0,0,,0,2,,,,,,,,,B,,,,0,,,,,0,0,0,,,,,0,,0,0,0,,,,,0,,,,0,0,0,,,,,,,,,,,,,,,,,,,,,,,,,,,,,,,,,,,,,,,,,,,,,,,,,,,,,,,,,,,,,,,,,,,,,,,,,,,,,,,,,,,,,,,,,,,,
375,5000002747,2017,1,1,0,0,0,261,,RUSSIAN RUBY,SC00,RM00,,,,,,,,,0,0,,H,USD,1406710.25,0,1406710.25,,,,466,G,466,G,466,G,,,,,0,,,0,X,,,,,,NA00,,,,,,,,,,,,2017,,,US00,,0,,0,0,0,,0,2,,,,,,,,,B,,,,0,,,,,0,0,0,,,,,0,,0,0,0,,,,,0,,,,0,0,0,,,,,,,,,,,,,,,,,,,,,,,,,,,,,,,,,,,,,,,,,,,,,,,,,,,,,,,,,,,,,,,,,,,,,,,,,,,,,,,,,,,,,,,,,,,,
375,5000002748,2017,1,1,0,0,0,261,,RUSSIAN RUBY,SC00,RM00,,,,,,,,,0,0,,H,USD,126785.04,0,126785.04,,,,42,G,42,G,42,G,,,,,0,,,0,X,,,,,,NA00,,,,,,,,,,,,2017,,,US00,,0,,0,0,0,,0,2,,,,,,,,,B,,,,0,,,,,0,0,0,,,,,0,,0,0,0,,,,,0,,,,0,0,0,,,,,,,,,,,,,,,,,,,,,,,,,,,,,,,,,,,,,,,,,,,,,,,,,,,,,,,,,,,,,,,,,,,,,,,,,,,,,,,,,,,,,,,,,,,,
375,5000002749,2017,1,1,0,0,0,261,,RUSSIAN RUBY,SC00,RM00,,,,,,,,,0,0,,H,USD,2656448.55,0,2656448.55,,,,880,G,880,G,880,G,,,,,0,,,0,X,,,,,,NA00,,,,,,,,,,,,2017,,,US00,,0,,0,0,0,,0,2,,,,,,,,,B,,,,0,,,,,0,0,0,,,,,0,,0,0,0,,,,,0,,,,0,0,0,,,,,,,,,,,,,,,,,,,,,,,,,,,,,,,,,,,,,,,,,,,,,,,,,,,,,,,,,,,,,,,,,,,,,,,,,,,,,,,,,,,,,,,,,,,,
375,5000002750,2017,1,1,0,0,0,261,,SA SAPPHIRE,SC00,RM00,,,,,,,,,0,0,,H,USD,2783253.97,0,2783253.97,,,,859,G,859,G,859,G,,,,,0,,,0,X,,,,,,NA00,,,,,,,,,,,,2017,,,US00,,0,,0,0,0,,0,2,,,,,,,,,B,,,,0,,,,,0,0,0,,,,,0,,0,0,0,,,,,0,,,,0,0,0,,,,,,,,,,,,,,,,,,,,,,,,,,,,,,,,,,,,,,,,,,,,,,,,,,,,,,,,,,,,,,,,,,,,,,,,,,,,,,,,,,,,,,,,,,,,
375,5000002751,2017,1,1,0,0,0,261,,SA SAPPHIRE,SC00,RM00,,,,,,,,,0,0,,H,USD,1292803.65,0,1292803.65,,,,399,G,399,G,399,G,,,,,0,,,0,X,,,,,,NA00,,,,,,,,,,,,2017,,,US00,,0,,0,0,0,,0,2,,,,,,,,,B,,,,0,,,,,0,0,0,,,,,0,,0,0,0,,,,,0,,,,0,0,0,,,,,,,,,,,,,,,,,,,,,,,,,,,,,,,,,,,,,,,,,,,,,,,,,,,,,,,,,,,,,,,,,,,,,,,,,,,,,,,,,,,,,,,,,,,,
375,5000002752,2017,1,1,0,0,0,261,,SA SAPPHIRE,SC00,RM00,,,,,,,,,0,0,,H,USD,3538199.46,0,3538199.46,,,,1092,G,1092,G,1092,G,,,,,0,,,0,X,,,,,,NA00,,,,,,,,,,,,2017,,,US00,,0,,0,0,0,,0,2,,,,,,,,,B,,,,0,,,,,0,0,0,,,,,0,,0,0,0,,,,,0,,,,0,0,0,,,,,,,,,,,,,,,,,,,,,,,,,,,,,,,,,,,,,,,,,,,,,,,,,,,,,,,,,,,,,,,,,,,,,,,,,,,,,,,,,,,,,,,,,,,,
375,5000002753,2017,1,1,0,0,0,261,,SA SAPPHIRE,SC00,RM00,,,,,,,,,0,0,,H,USD,1493690.43,0,1493690.43,,,,461,G,461,G,461,G,,,,,0,,,0,X,,,,,,NA00,,,,,,,,,,,,2017,,,US00,,0,,0,0,0,,0,2,,,,,,,,,B,,,,0,,,,,0,0,0,,,,,0,,0,0,0,,,,,0,,,,0,0,0,,,,,,,,,,,,,,,,,,,,,,,,,,,,,,,,,,,,,,,,,,,,,,,,,,,,,,,,,,,,,,,,,,,,,,,,,,,,,,,,,,,,,,,,,,,,
375,5000002754,2017,1,1,0,0,0,261,,SA SAPPHIRE,SC00,RM00,,,,,,,,,0,0,,H,USD,1432128.35,0,1432128.35,,,,442,G,442,G,442,G,,,,,0,,,0,X,,,,,,NA00,,,,,,,,,,,,2017,,,US00,,0,,0,0,0,,0,2,,,,,,,,,B,,,,0,,,,,0,0,0,,,,,0,,0,0,0,,,,,0,,,,0,0,0,,,,,,,,,,,,,,,,,,,,,,,,,,,,,,,,,,,,,,,,,,,,,,,,,,,,,,,,,,,,,,,,,,,,,,,,,,,,,,,,,,,,,,,,,,,,
375,5000002755,2017,1,1,0,0,0,261,,SILVER,SC00,RM00,,,,,,,,,0,0,,H,USD,51408.31,0,51408.31,,,,2610,LB,2610,LB,2610,LB,,,,,0,,,0,X,,,,,,NA00,,,,,,,,,,,,2017,,,US00,,0,,0,0,0,,0,2,,,,,,,,,B,,,,0,,,,,0,0,0,,,,,0,,0,0,0,,,,,0,,,,0,0,0,,,,,,,,,,,,,,,,,,,,,,,,,,,,,,,,,,,,,,,,,,,,,,,,,,,,,,,,,,,,,,,,,,,,,,,,,,,,,,,,,,,,,,,,,,,,
375,5000002756,2017,1,1,0,0,0,261,,SILVER,SC00,RM00,,,,,,,,,0,0,,H,USD,8213.51,0,8213.51,,,,417,LB,417,LB,417,LB,,,,,0,,,0,X,,,,,,NA00,,,,,,,,,,,,2017,,,US00,,0,,0,0,0,,0,2,,,,,,,,,B,,,,0,,,,,0,0,0,,,,,0,,0,0,0,,,,,0,,,,0,0,0,,,,,,,,,,,,,,,,,,,,,,,,,,,,,,,,,,,,,,,,,,,,,,,,,,,,,,,,,,,,,,,,,,,,,,,,,,,,,,,,,,,,,,,,,,,,
375,5000002757,2017,1,1,0,0,0,261,,SILVER,SC00,RM00,,,,,,,,,0,0,,H,USD,133701.00,0,133701.00,,,,6788,LB,6788,LB,6788,LB,,,,,0,,,0,X,,,,,,NA00,,,,,,,,,,,,2017,,,US00,,0,,0,0,0,,0,2,,,,,,,,,B,,,,0,,,,,0,0,0,,,,,0,,0,0,0,,,,,0,,,,0,0,0,,,,,,,,,,,,,,,,,,,,,,,,,,,,,,,,,,,,,,,,,,,,,,,,,,,,,,,,,,,,,,,,,,,,,,,,,,,,,,,,,,,,,,,,,,,,
375,5000002758,2017,1,1,0,0,0,261,,SWISS SAPPHIRE,SC00,RM00,,,,,,,,,0,0,,H,USD,265654.65,0,265654.65,,,,14,G,14,G,14,G,,,,,0,,,0,X,,,,,,NA00,,,,,,,,,,,,2017,,,US00,,0,,0,0,0,,0,2,,,,,,,,,B,,,,0,,,,,0,0,0,,,,,0,,0,0,0,,,,,0,,,,0,0,0,,,,,,,,,,,,,,,,,,,,,,,,,,,,,,,,,,,,,,,,,,,,,,,,,,,,,,,,,,,,,,,,,,,,,,,,,,,,,,,,,,,,,,,,,,,,
375,5000002759,2017,1,1,0,0,0,261,,SWISS SAPPHIRE,SC00,RM00,,,,,,,,,0,0,,H,USD,3984819.73,0,3984819.73,,,,210,G,210,G,210,G,,,,,0,,,0,X,,,,,,NA00,,,,,,,,,,,,2017,,,US00,,0,,0,0,0,,0,2,,,,,,,,,B,,,,0,,,,,0,0,0,,,,,0,,0,0,0,,,,,0,,,,0,0,0,,,,,,,,,,,,,,,,,,,,,,,,,,,,,,,,,,,,,,,,,,,,,,,,,,,,,,,,,,,,,,,,,,,,,,,,,,,,,,,,,,,,,,,,,,,,
375,5000002760,2017,1,1,0,0,0,261,,SWISS SAPPHIRE,SC00,RM00,,,,,,,,,0,0,,H,USD,5275142.32,0,5275142.32,,,,278,G,278,G,278,G,,,,,0,,,0,X,,,,,,NA00,,,,,,,,,,,,2017,,,US00,,0,,0,0,0,,0,2,,,,,,,,,B,,,,0,,,,,0,0,0,,,,,0,,0,0,0,,,,,0,,,,0,0,0,,,,,,,,,,,,,,,,,,,,,,,,,,,,,,,,,,,,,,,,,,,,,,,,,,,,,,,,,,,,,,,,,,,,,,,,,,,,,,,,,,,,,,,,,,,,
375,5000002761,2017,1,1,0,0,0,261,,SWISS SAPPHIRE,SC00,RM00,,,,,,,,,0,0,,H,USD,56926.00,0,56926.00,,,,3,G,3,G,3,G,,,,,0,,,0,X,,,,,,NA00,,,,,,,,,,,,2017,,,US00,,0,,0,0,0,,0,2,,,,,,,,,B,,,,0,,,,,0,0,0,,,,,0,,0,0,0,,,,,0,,,,0,0,0,,,,,,,,,,,,,,,,,,,,,,,,,,,,,,,,,,,,,,,,,,,,,,,,,,,,,,,,,,,,,,,,,,,,,,,,,,,,,,,,,,,,,,,,,,,,
375,5000002762,2017,1,1,0,0,0,261,,TEST,SC00,RM00,,,,,,,,,0,0,,H,USD,133421.72,0,133421.72,,,,15088,LB,15088,LB,15088,LB,,,,,0,,,0,X,,,,,,NA00,,,,,,,,,,,,2017,,,US00,,0,,0,0,0,,0,2,,,,,,,,,B,,,,0,,,,,0,0,0,,,,,0,,0,0,0,,,,,0,,,,0,0,0,,,,,,,,,,,,,,,,,,,,,,,,,,,,,,,,,,,,,,,,,,,,,,,,,,,,,,,,,,,,,,,,,,,,,,,,,,,,,,,,,,,,,,,,,,,,
375,5000002763,2017,1,1,0,0,0,261,,TEST,SC00,RM00,,,,,,,,,0,0,,H,USD,104549.64,0,104549.64,,,,11823,LB,11823,LB,11823,LB,,,,,0,,,0,X,,,,,,NA00,,,,,,,,,,,,2017,,,US00,,0,,0,0,0,,0,2,,,,,,,,,B,,,,0,,,,,0,0,0,,,,,0,,0,0,0,,,,,0,,,,0,0,0,,,,,,,,,,,,,,,,,,,,,,,,,,,,,,,,,,,,,,,,,,,,,,,,,,,,,,,,,,,,,,,,,,,,,,,,,,,,,,,,,,,,,,,,,,,,
375,5000002764,2017,1,1,0,0,0,261,,TEST,SC00,RM00,,,,,,,,,0,0,,H,USD,20329.83,0,20329.83,,,,2299,LB,2299,LB,2299,LB,,,,,0,,,0,X,,,,,,NA00,,,,,,,,,,,,2017,,,US00,,0,,0,0,0,,0,2,,,,,,,,,B,,,,0,,,,,0,0,0,,,,,0,,0,0,0,,,,,0,,,,0,0,0,,,,,,,,,,,,,,,,,,,,,,,,,,,,,,,,,,,,,,,,,,,,,,,,,,,,,,,,,,,,,,,,,,,,,,,,,,,,,,,,,,,,,,,,,,,,
375,5000002765,2017,1,1,0,0,0,261,,WALLET,SC00,RM00,,,,,,,,,0,0,,H,USD,11.08,0,11.08,,,,790,LB,790,LB,790,LB,,,,,0,,,0,X,,,,,,NA00,,,,,,,,,,,,2017,,,US00,,0,,0,0,0,,0,2,,,,,,,,,B,,,,0,,,,,0,0,0,,,,,0,,0,0,0,,,,,0,,,,0,0,0,,,,,,,,,,,,,,,,,,,,,,,,,,,,,,,,,,,,,,,,,,,,,,,,,,,,,,,,,,,,,,,,,,,,,,,,,,,,,,,,,,,,,,,,,,,,
375,5000002766,2017,1,1,0,0,0,261,,WALLET,SC00,RM00,,,,,,,,,0,0,,H,USD,29.00,0,29.00,,,,2067,LB,2067,LB,2067,LB,,,,,0,,,0,X,,,,,,NA00,,,,,,,,,,,,2017,,,US00,,0,,0,0,0,,0,2,,,,,,,,,B,,,,0,,,,,0,0,0,,,,,0,,0,0,0,,,,,0,,,,0,0,0,,,,,,,,,,,,,,,,,,,,,,,,,,,,,,,,,,,,,,,,,,,,,,,,,,,,,,,,,,,,,,,,,,,,,,,,,,,,,,,,,,,,,,,,,,,,
375,5000002767,2017,1,1,0,0,0,261,,WALLET,SC00,RM00,,,,,,,,,0,0,,H,USD,49.61,0,49.61,,,,3536,LB,3536,LB,3536,LB,,,,,0,,,0,X,,,,,,NA00,,,,,,,,,,,,2017,,,US00,,0,,0,0,0,,0,2,,,,,,,,,B,,,,0,,,,,0,0,0,,,,,0,,0,0,0,,,,,0,,,,0,0,0,,,,,,,,,,,,,,,,,,,,,,,,,,,,,,,,,,,,,,,,,,,,,,,,,,,,,,,,,,,,,,,,,,,,,,,,,,,,,,,,,,,,,,,,,,,,
375,5000002768,2017,1,1,0,0,0,261,,WALLET,SC00,RM00,,,,,,,,,0,0,,H,USD,4.63,0,4.63,,,,330,LB,330,LB,330,LB,,,,,0,,,0,X,,,,,,NA00,,,,,,,,,,,,2017,,,US00,,0,,0,0,0,,0,2,,,,,,,,,B,,,,0,,,,,0,0,0,,,,,0,,0,0,0,,,,,0,,,,0,0,0,,,,,,,,,,,,,,,,,,,,,,,,,,,,,,,,,,,,,,,,,,,,,,,,,,,,,,,,,,,,,,,,,,,,,,,,,,,,,,,,,,,,,,,,,,,,
375,5000002769,2017,1,1,0,0,0,261,,WALLET,SC00,RM00,,,,,,,,,0,0,,H,USD,15.64,0,15.64,,,,1115,LB,1115,LB,1115,LB,,,,,0,,,0,X,,,,,,NA00,,,,,,,,,,,,2017,,,US00,,0,,0,0,0,,0,2,,,,,,,,,B,,,,0,,,,,0,0,0,,,,,0,,0,0,0,,,,,0,,,,0,0,0,,,,,,,,,,,,,,,,,,,,,,,,,,,,,,,,,,,,,,,,,,,,,,,,,,,,,,,,,,,,,,,,,,,,,,,,,,,,,,,,,,,,,,,,,,,,
375,5000002770,2017,1,1,0,0,0,261,,WALLET,SC00,RM00,,,,,,,,,0,0,,H,USD,64.17,0,64.17,,,,4574,LB,4574,LB,4574,LB,,,,,0,,,0,X,,,,,,NA00,,,,,,,,,,,,2017,,,US00,,0,,0,0,0,,0,2,,,,,,,,,B,,,,0,,,,,0,0,0,,,,,0,,0,0,0,,,,,0,,,,0,0,0,,,,,,,,,,,,,,,,,,,,,,,,,,,,,,,,,,,,,,,,,,,,,,,,,,,,,,,,,,,,,,,,,,,,,,,,,,,,,,,,,,,,,,,,,,,,
375,5000002771,2017,1,1,0,0,0,261,,ZTESTHEXNT,SC00,RM00,,,,,,,,,0,0,,H,USD,32653.04,0,32653.04,,,,7870,LB,7870,LB,7870,LB,,,,,0,,,0,X,,,,,,NA00,,,,,,,,,,,,2017,,,US00,,0,,0,0,0,,0,2,,,,,,,,,B,,,,0,,,,,0,0,0,,,,,0,,0,0,0,,,,,0,,,,0,0,0,,,,,,,,,,,,,,,,,,,,,,,,,,,,,,,,,,,,,,,,,,,,,,,,,,,,,,,,,,,,,,,,,,,,,,,,,,,,,,,,,,,,,,,,,,,,
375,5000002772,2017,1,1,0,0,0,261,,ZTESTHEXNT,SC00,RM00,,,,,,,,,0,0,,H,USD,8252.46,0,8252.46,,,,1989,LB,1989,LB,1989,LB,,,,,0,,,0,X,,,,,,NA00,,,,,,,,,,,,2017,,,US00,,0,,0,0,0,,0,2,,,,,,,,,B,,,,0,,,,,0,0,0,,,,,0,,0,0,0,,,,,0,,,,0,0,0,,,,,,,,,,,,,,,,,,,,,,,,,,,,,,,,,,,,,,,,,,,,,,,,,,,,,,,,,,,,,,,,,,,,,,,,,,,,,,,,,,,,,,,,,,,,
375,5000002773,2017,1,1,0,0,0,261,,ZTESTHEXNT,SC00,RM00,,,,,,,,,0,0,,H,USD,9741.97,0,9741.97,,,,2348,LB,2348,LB,2348,LB,,,,,0,,,0,X,,,,,,NA00,,,,,,,,,,,,2017,,,US00,,0,,0,0,0,,0,2,,,,,,,,,B,,,,0,,,,,0,0,0,,,,,0,,0,0,0,,,,,0,,,,0,0,0,,,,,,,,,,,,,,,,,,,,,,,,,,,,,,,,,,,,,,,,,,,,,,,,,,,,,,,,,,,,,,,,,,,,,,,,,,,,,,,,,,,,,,,,,,,,
375,5000002774,2017,1,1,0,0,0,261,,ZTESTHEXNT,SC00,RM00,,,,,,,,,0,0,,H,USD,50124.70,0,50124.70,,,,12081,LB,12081,LB,12081,LB,,,,,0,,,0,X,,,,,,NA00,,,,,,,,,,,,2017,,,US00,,0,,0,0,0,,0,2,,,,,,,,,B,,,,0,,,,,0,0,0,,,,,0,,0,0,0,,,,,0,,,,0,0,0,,,,,,,,,,,,,,,,,,,,,,,,,,,,,,,,,,,,,,,,,,,,,,,,,,,,,,,,,,,,,,,,,,,,,,,,,,,,,,,,,,,,,,,,,,,,
375,5000002775,2017,1,1,0,0,0,261,,ZTESTHEXNT,SC00,RM00,,,,,,,,,0,0,,H,USD,63326.98,0,63326.98,,,,15263,LB,15263,LB,15263,LB,,,,,0,,,0,X,,,,,,NA00,,,,,,,,,,,,2017,,,US00,,0,,0,0,0,,0,2,,,,,,,,,B,,,,0,,,,,0,0,0,,,,,0,,0,0,0,,,,,0,,,,0,0,0,,,,,,,,,,,,,,,,,,,,,,,,,,,,,,,,,,,,,,,,,,,,,,,,,,,,,,,,,,,,,,,,,,,,,,,,,,,,,,,,,,,,,,,,,,,,
375,5000002776,2017,1,1,0,0,0,261,,ZTESTHEXNT,SC00,RM00,,,,,,,,,0,0,,H,USD,3265.30,0,3265.30,,,,787,LB,787,LB,787,LB,,,,,0,,,0,X,,,,,,NA00,,,,,,,,,,,,2017,,,US00,,0,,0,0,0,,0,2,,,,,,,,,B,,,,0,,,,,0,0,0,,,,,0,,0,0,0,,,,,0,,,,0,0,0,,,,,,,,,,,,,,,,,,,,,,,,,,,,,,,,,,,,,,,,,,,,,,,,,,,,,,,,,,,,,,,,,,,,,,,,,,,,,,,,,,,,,,,,,,,,
375,5000002777,2017,1,1,0,0,0,261,,ZTESTHEXNT,SC00,RM00,,,,,,,,,0,0,,H,USD,161136.73,0,161136.73,,,,38837,LB,38837,LB,38837,LB,,,,,0,,,0,X,,,,,,NA00,,,,,,,,,,,,2017,,,US00,,0,,0,0,0,,0,2,,,,,,,,,B,,,,0,,,,,0,0,0,,,,,0,,0,0,0,,,,,0,,,,0,0,0,,,,,,,,,,,,,,,,,,,,,,,,,,,,,,,,,,,,,,,,,,,,,,,,,,,,,,,,,,,,,,,,,,,,,,,,,,,,,,,,,,,,,,,,,,,,
375,5000002778,2017,1,1,0,0,0,261,,ZTESTHEXNT,SC00,RM00,,,,,,,,,0,0,,H,USD,76500.22,0,76500.22,,,,18438,LB,18438,LB,18438,LB,,,,,0,,,0,X,,,,,,NA00,,,,,,,,,,,,2017,,,US00,,0,,0,0,0,,0,2,,,,,,,,,B,,,,0,,,,,0,0,0,,,,,0,,0,0,0,,,,,0,,,,0,0,0,,,,,,,,,,,,,,,,,,,,,,,,,,,,,,,,,,,,,,,,,,,,,,,,,,,,,,,,,,,,,,,,,,,,,,,,,,,,,,,,,,,,,,,,,,,,
375,5000002779,2017,1,1,0,0,0,261,,AAA LUBE,SD00,RM00,,,,,,,,,0,0,,H,USD,210000.00,0,210000.00,,,,40,DR,40,DR,40,DR,,,,,0,,,0,X,,,,,,NA00,,,,,,,,,,,,2017,,,US00,,0,,0,0,0,,0,2,,,,,,,,,B,,,,0,,,,,0,0,0,,,,,0,,0,0,0,,,,,0,,,,0,0,0,,,,,,,,,,,,,,,,,,,,,,,,,,,,,,,,,,,,,,,,,,,,,,,,,,,,,,,,,,,,,,,,,,,,,,,,,,,,,,,,,,,,,,,,,,,,
375,5000002780,2017,1,1,0,0,0,261,,AAA LUBE,SD00,RM00,,,,,,,,,0,0,,H,USD,5250.00,0,5250.00,,,,1,DR,1,DR,1,DR,,,,,0,,,0,X,,,,,,NA00,,,,,,,,,,,,2017,,,US00,,0,,0,0,0,,0,2,,,,,,,,,B,,,,0,,,,,0,0,0,,,,,0,,0,0,0,,,,,0,,,,0,0,0,,,,,,,,,,,,,,,,,,,,,,,,,,,,,,,,,,,,,,,,,,,,,,,,,,,,,,,,,,,,,,,,,,,,,,,,,,,,,,,,,,,,,,,,,,,,
375,5000002781,2017,1,1,0,0,0,261,,AAA LUBE,SD00,RM00,,,,,,,,,0,0,,H,USD,719250.00,0,719250.00,,,,137,DR,137,DR,137,DR,,,,,0,,,0,X,,,,,,NA00,,,,,,,,,,,,2017,,,US00,,0,,0,0,0,,0,2,,,,,,,,,B,,,,0,,,,,0,0,0,,,,,0,,0,0,0,,,,,0,,,,0,0,0,,,,,,,,,,,,,,,,,,,,,,,,,,,,,,,,,,,,,,,,,,,,,,,,,,,,,,,,,,,,,,,,,,,,,,,,,,,,,,,,,,,,,,,,,,,,
375,5000002782,2017,1,1,0,0,0,261,,AAA LUBE,SD00,RM00,,,,,,,,,0,0,,H,USD,876750.00,0,876750.00,,,,167,DR,167,DR,167,DR,,,,,0,,,0,X,,,,,,NA00,,,,,,,,,,,,2017,,,US00,,0,,0,0,0,,0,2,,,,,,,,,B,,,,0,,,,,0,0,0,,,,,0,,0,0,0,,,,,0,,,,0,0,0,,,,,,,,,,,,,,,,,,,,,,,,,,,,,,,,,,,,,,,,,,,,,,,,,,,,,,,,,,,,,,,,,,,,,,,,,,,,,,,,,,,,,,,,,,,,
375,5000002783,2017,1,1,0,0,0,261,,AAA LUBE,SD00,RM00,,,,,,,,,0,0,,H,USD,336000.00,0,336000.00,,,,64,DR,64,DR,64,DR,,,,,0,,,0,X,,,,,,NA00,,,,,,,,,,,,2017,,,US00,,0,,0,0,0,,0,2,,,,,,,,,B,,,,0,,,,,0,0,0,,,,,0,,0,0,0,,,,,0,,,,0,0,0,,,,,,,,,,,,,,,,,,,,,,,,,,,,,,,,,,,,,,,,,,,,,,,,,,,,,,,,,,,,,,,,,,,,,,,,,,,,,,,,,,,,,,,,,,,,
375,5000002784,2017,1,1,0,0,0,261,,AAA LUBE,SD00,RM00,,,,,,,,,0,0,,H,USD,2189250.00,0,2189250.00,,,,417,DR,417,DR,417,DR,,,,,0,,,0,X,,,,,,NA00,,,,,,,,,,,,2017,,,US00,,0,,0,0,0,,0,2,,,,,,,,,B,,,,0,,,,,0,0,0,,,,,0,,0,0,0,,,,,0,,,,0,0,0,,,,,,,,,,,,,,,,,,,,,,,,,,,,,,,,,,,,,,,,,,,,,,,,,,,,,,,,,,,,,,,,,,,,,,,,,,,,,,,,,,,,,,,,,,,,
375,5000002785,2017,1,1,0,0,0,261,,AAA LUBE,SD00,RM00,,,,,,,,,0,0,,H,USD,892500.00,0,892500.00,,,,170,DR,170,DR,170,DR,,,,,0,,,0,X,,,,,,NA00,,,,,,,,,,,,2017,,,US00,,0,,0,0,0,,0,2,,,,,,,,,B,,,,0,,,,,0,0,0,,,,,0,,0,0,0,,,,,0,,,,0,0,0,,,,,,,,,,,,,,,,,,,,,,,,,,,,,,,,,,,,,,,,,,,,,,,,,,,,,,,,,,,,,,,,,,,,,,,,,,,,,,,,,,,,,,,,,,,,
375,5000002786,2017,1,1,0,0,0,261,,AAA LUBE,SD00,RM00,,,,,,,,,0,0,,H,USD,913500.00,0,913500.00,,,,174,DR,174,DR,174,DR,,,,,0,,,0,X,,,,,,NA00,,,,,,,,,,,,2017,,,US00,,0,,0,0,0,,0,2,,,,,,,,,B,,,,0,,,,,0,0,0,,,,,0,,0,0,0,,,,,0,,,,0,0,0,,,,,,,,,,,,,,,,,,,,,,,,,,,,,,,,,,,,,,,,,,,,,,,,,,,,,,,,,,,,,,,,,,,,,,,,,,,,,,,,,,,,,,,,,,,,
375,5000002787,2017,1,1,0,0,0,261,,AAA LUBE,SD00,RM00,,,,,,,,,0,0,,H,USD,162750.00,0,162750.00,,,,31,DR,31,DR,31,DR,,,,,0,,,0,X,,,,,,NA00,,,,,,,,,,,,2017,,,US00,,0,,0,0,0,,0,2,,,,,,,,,B,,,,0,,,,,0,0,0,,,,,0,,0,0,0,,,,,0,,,,0,0,0,,,,,,,,,,,,,,,,,,,,,,,,,,,,,,,,,,,,,,,,,,,,,,,,,,,,,,,,,,,,,,,,,,,,,,,,,,,,,,,,,,,,,,,,,,,,
375,5000002788,2017,1,1,0,0,0,261,,ADAMANTIUM,SD00,RM00,,,,,,,,,0,0,,H,USD,268588.29,0,268588.29,,,,1310,LB,1310,LB,1310,LB,,,,,0,,,0,X,,,,,,NA00,,,,,,,,,,,,2017,,,US00,,0,,0,0,0,,0,2,,,,,,,,,B,,,,0,,,,,0,0,0,,,,,0,,0,0,0,,,,,0,,,,0,0,0,,,,,,,,,,,,,,,,,,,,,,,,,,,,,,,,,,,,,,,,,,,,,,,,,,,,,,,,,,,,,,,,,,,,,,,,,,,,,,,,,,,,,,,,,,,,
375,5000002789,2017,1,1,0,0,0,261,,ADAMANTIUM,SD00,RM00,,,,,,,,,0,0,,H,USD,776240.67,0,776240.67,,,,3786,LB,3786,LB,3786,LB,,,,,0,,,0,X,,,,,,NA00,,,,,,,,,,,,2017,,,US00,,0,,0,0,0,,0,2,,,,,,,,,B,,,,0,,,,,0,0,0,,,,,0,,0,0,0,,,,,0,,,,0,0,0,,,,,,,,,,,,,,,,,,,,,,,,,,,,,,,,,,,,,,,,,,,,,,,,,,,,,,,,,,,,,,,,,,,,,,,,,,,,,,,,,,,,,,,,,,,,
375,5000002790,2017,1,1,0,0,0,261,,ADAMANTIUM,SD00,RM00,,,,,,,,,0,0,,H,USD,234963.50,0,234963.50,,,,1146,LB,1146,LB,1146,LB,,,,,0,,,0,X,,,,,,NA00,,,,,,,,,,,,2017,,,US00,,0,,0,0,0,,0,2,,,,,,,,,B,,,,0,,,,,0,0,0,,,,,0,,0,0,0,,,,,0,,,,0,0,0,,,,,,,,,,,,,,,,,,,,,,,,,,,,,,,,,,,,,,,,,,,,,,,,,,,,,,,,,,,,,,,,,,,,,,,,,,,,,,,,,,,,,,,,,,,,
375,5000002791,2017,1,1,0,0,0,261,,ADAMANTIUM,SD00,RM00,,,,,,,,,0,0,,H,USD,465416.36,0,465416.36,,,,2270,LB,2270,LB,2270,LB,,,,,0,,,0,X,,,,,,NA00,,,,,,,,,,,,2017,,,US00,,0,,0,0,0,,0,2,,,,,,,,,B,,,,0,,,,,0,0,0,,,,,0,,0,0,0,,,,,0,,,,0,0,0,,,,,,,,,,,,,,,,,,,,,,,,,,,,,,,,,,,,,,,,,,,,,,,,,,,,,,,,,,,,,,,,,,,,,,,,,,,,,,,,,,,,,,,,,,,,
375,5000002792,2017,1,1,0,0,0,261,,ADAMANTIUM,SD00,RM00,,,,,,,,,0,0,,H,USD,2564505.64,0,2564505.64,,,,12508,LB,12508,LB,12508,LB,,,,,0,,,0,X,,,,,,NA00,,,,,,,,,,,,2017,,,US00,,0,,0,0,0,,0,2,,,,,,,,,B,,,,0,,,,,0,0,0,,,,,0,,0,0,0,,,,,0,,,,0,0,0,,,,,,,,,,,,,,,,,,,,,,,,,,,,,,,,,,,,,,,,,,,,,,,,,,,,,,,,,,,,,,,,,,,,,,,,,,,,,,,,,,,,,,,,,,,,
375,5000002793,2017,1,1,0,0,0,261,,ADAMANTIUM,SD00,RM00,,,,,,,,,0,0,,H,USD,653838.22,0,653838.22,,,,3189,LB,3189,LB,3189,LB,,,,,0,,,0,X,,,,,,NA00,,,,,,,,,,,,2017,,,US00,,0,,0,0,0,,0,2,,,,,,,,,B,,,,0,,,,,0,0,0,,,,,0,,0,0,0,,,,,0,,,,0,0,0,,,,,,,,,,,,,,,,,,,,,,,,,,,,,,,,,,,,,,,,,,,,,,,,,,,,,,,,,,,,,,,,,,,,,,,,,,,,,,,,,,,,,,,,,,,,
375,5000002794,2017,1,1,0,0,0,261,,ADAMANTIUM,SD00,RM00,,,,,,,,,0,0,,H,USD,422155.19,0,422155.19,,,,2059,LB,2059,LB,2059,LB,,,,,0,,,0,X,,,,,,NA00,,,,,,,,,,,,2017,,,US00,,0,,0,0,0,,0,2,,,,,,,,,B,,,,0,,,,,0,0,0,,,,,0,,0,0,0,,,,,0,,,,0,0,0,,,,,,,,,,,,,,,,,,,,,,,,,,,,,,,,,,,,,,,,,,,,,,,,,,,,,,,,,,,,,,,,,,,,,,,,,,,,,,,,,,,,,,,,,,,,
375,5000002795,2017,1,1,0,0,0,261,,ADAMANTIUM,SD00,RM00,,,,,,,,,0,0,,H,USD,533281.03,0,533281.03,,,,2601,LB,2601,LB,2601,LB,,,,,0,,,0,X,,,,,,NA00,,,,,,,,,,,,2017,,,US00,,0,,0,0,0,,0,2,,,,,,,,,B,,,,0,,,,,0,0,0,,,,,0,,0,0,0,,,,,0,,,,0,0,0,,,,,,,,,,,,,,,,,,,,,,,,,,,,,,,,,,,,,,,,,,,,,,,,,,,,,,,,,,,,,,,,,,,,,,,,,,,,,,,,,,,,,,,,,,,,
375,5000002796,2017,1,1,0,0,0,261,,ANGOLAN AMETHYST,SD00,RM00,,,,,,,,,0,0,,H,USD,1076204.30,0,1076204.30,,,,495,G,495,G,495,G,,,,,0,,,0,X,,,,,,NA00,,,,,,,,,,,,2017,,,US00,,0,,0,0,0,,0,2,,,,,,,,,B,,,,0,,,,,0,0,0,,,,,0,,0,0,0,,,,,0,,,,0,0,0,,,,,,,,,,,,,,,,,,,,,,,,,,,,,,,,,,,,,,,,,,,,,,,,,,,,,,,,,,,,,,,,,,,,,,,,,,,,,,,,,,,,,,,,,,,,
375,5000002797,2017,1,1,0,0,0,261,,ANGOLAN AMETHYST,SD00,RM00,,,,,,,,,0,0,,H,USD,13044.90,0,13044.90,,,,6,G,6,G,6,G,,,,,0,,,0,X,,,,,,NA00,,,,,,,,,,,,2017,,,US00,,0,,0,0,0,,0,2,,,,,,,,,B,,,,0,,,,,0,0,0,,,,,0,,0,0,0,,,,,0,,,,0,0,0,,,,,,,,,,,,,,,,,,,,,,,,,,,,,,,,,,,,,,,,,,,,,,,,,,,,,,,,,,,,,,,,,,,,,,,,,,,,,,,,,,,,,,,,,,,,
375,5000002798,2017,1,1,0,0,0,261,,ANGOLAN AMETHYST,SD00,RM00,,,,,,,,,0,0,,H,USD,1311012.51,0,1311012.51,,,,603,G,603,G,603,G,,,,,0,,,0,X,,,,,,NA00,,,,,,,,,,,,2017,,,US00,,0,,0,0,0,,0,2,,,,,,,,,B,,,,0,,,,,0,0,0,,,,,0,,0,0,0,,,,,0,,,,0,0,0,,,,,,,,,,,,,,,,,,,,,,,,,,,,,,,,,,,,,,,,,,,,,,,,,,,,,,,,,,,,,,,,,,,,,,,,,,,,,,,,,,,,,,,,,,,,
375,5000002799,2017,1,1,0,0,0,261,,ANGOLAN AMETHYST,SD00,RM00,,,,,,,,,0,0,,H,USD,2909012.83,0,2909012.83,,,,1338,G,1338,G,1338,G,,,,,0,,,0,X,,,,,,NA00,,,,,,,,,,,,2017,,,US00,,0,,0,0,0,,0,2,,,,,,,,,B,,,,0,,,,,0,0,0,,,,,0,,0,0,0,,,,,0,,,,0,0,0,,,,,,,,,,,,,,,,,,,,,,,,,,,,,,,,,,,,,,,,,,,,,,,,,,,,,,,,,,,,,,,,,,,,,,,,,,,,,,,,,,,,,,,,,,,,
375,5000002800,2017,1,1,0,0,0,261,,ANGOLAN AMETHYST,SD00,RM00,,,,,,,,,0,0,,H,USD,706598.78,0,706598.78,,,,325,G,325,G,325,G,,,,,0,,,0,X,,,,,,NA00,,,,,,,,,,,,2017,,,US00,,0,,0,0,0,,0,2,,,,,,,,,B,,,,0,,,,,0,0,0,,,,,0,,0,0,0,,,,,0,,,,0,0,0,,,,,,,,,,,,,,,,,,,,,,,,,,,,,,,,,,,,,,,,,,,,,,,,,,,,,,,,,,,,,,,,,,,,,,,,,,,,,,,,,,,,,,,,,,,,
375,5000002801,2017,1,1,0,0,0,261,,ANGOLAN AMETHYST,SD00,RM00,,,,,,,,,0,0,,H,USD,463093.97,0,463093.97,,,,213,G,213,G,213,G,,,,,0,,,0,X,,,,,,NA00,,,,,,,,,,,,2017,,,US00,,0,,0,0,0,,0,2,,,,,,,,,B,,,,0,,,,,0,0,0,,,,,0,,0,0,0,,,,,0,,,,0,0,0,,,,,,,,,,,,,,,,,,,,,,,,,,,,,,,,,,,,,,,,,,,,,,,,,,,,,,,,,,,,,,,,,,,,,,,,,,,,,,,,,,,,,,,,,,,,
375,5000002802,2017,1,1,0,0,0,261,,AUSTRALIAN AMETHYST,SD00,RM00,,,,,,,,,0,0,,H,USD,267361.11,0,267361.11,,,,11,G,11,G,11,G,,,,,0,,,0,X,,,,,,NA00,,,,,,,,,,,,2017,,,US00,,0,,0,0,0,,0,2,,,,,,,,,B,,,,0,,,,,0,0,0,,,,,0,,0,0,0,,,,,0,,,,0,0,0,,,,,,,,,,,,,,,,,,,,,,,,,,,,,,,,,,,,,,,,,,,,,,,,,,,,,,,,,,,,,,,,,,,,,,,,,,,,,,,,,,,,,,,,,,,,
375,5000002803,2017,1,1,0,0,0,261,,AUSTRALIAN AMETHYST,SD00,RM00,,,,,,,,,0,0,,H,USD,5298611.11,0,5298611.11,,,,218,G,218,G,218,G,,,,,0,,,0,X,,,,,,NA00,,,,,,,,,,,,2017,,,US00,,0,,0,0,0,,0,2,,,,,,,,,B,,,,0,,,,,0,0,0,,,,,0,,0,0,0,,,,,0,,,,0,0,0,,,,,,,,,,,,,,,,,,,,,,,,,,,,,,,,,,,,,,,,,,,,,,,,,,,,,,,,,,,,,,,,,,,,,,,,,,,,,,,,,,,,,,,,,,,,
375,5000002804,2017,1,1,0,0,0,261,,AUSTRALIAN AMETHYST,SD00,RM00,,,,,,,,,0,0,,H,USD,1020833.33,0,1020833.33,,,,42,G,42,G,42,G,,,,,0,,,0,X,,,,,,NA00,,,,,,,,,,,,2017,,,US00,,0,,0,0,0,,0,2,,,,,,,,,B,,,,0,,,,,0,0,0,,,,,0,,0,0,0,,,,,0,,,,0,0,0,,,,,,,,,,,,,,,,,,,,,,,,,,,,,,,,,,,,,,,,,,,,,,,,,,,,,,,,,,,,,,,,,,,,,,,,,,,,,,,,,,,,,,,,,,,,
375,5000002805,2017,1,1,0,0,0,261,,BLUEPAINT,SD00,RM00,,,,,,,,,0,0,,H,USD,594347.86,0,594347.86,,,,15631,L,15631,L,15631,L,,,,,0,,,0,X,,,,,,NA00,,,,,,,,,,,,2017,,,US00,,0,,0,0,0,,0,2,,,,,,,,,B,,,,0,,,,,0,0,0,,,,,0,,0,0,0,,,,,0,,,,0,0,0,,,,,,,,,,,,,,,,,,,,,,,,,,,,,,,,,,,,,,,,,,,,,,,,,,,,,,,,,,,,,,,,,,,,,,,,,,,,,,,,,,,,,,,,,,,,
375,5000002806,2017,1,1,0,0,0,261,,BLUEPAINT,SD00,RM00,,,,,,,,,0,0,,H,USD,90230.15,0,90230.15,,,,2373,L,2373,L,2373,L,,,,,0,,,0,X,,,,,,NA00,,,,,,,,,,,,2017,,,US00,,0,,0,0,0,,0,2,,,,,,,,,B,,,,0,,,,,0,0,0,,,,,0,,0,0,0,,,,,0,,,,0,0,0,,,,,,,,,,,,,,,,,,,,,,,,,,,,,,,,,,,,,,,,,,,,,,,,,,,,,,,,,,,,,,,,,,,,,,,,,,,,,,,,,,,,,,,,,,,,
375,5000002807,2017,1,1,0,0,0,261,,BLUEPAINT,SD00,RM00,,,,,,,,,0,0,,H,USD,72473.10,0,72473.10,,,,1906,L,1906,L,1906,L,,,,,0,,,0,X,,,,,,NA00,,,,,,,,,,,,2017,,,US00,,0,,0,0,0,,0,2,,,,,,,,,B,,,,0,,,,,0,0,0,,,,,0,,0,0,0,,,,,0,,,,0,0,0,,,,,,,,,,,,,,,,,,,,,,,,,,,,,,,,,,,,,,,,,,,,,,,,,,,,,,,,,,,,,,,,,,,,,,,,,,,,,,,,,,,,,,,,,,,,
375,5000002808,2017,1,1,0,0,0,261,,BLUEPAINT,SD00,RM00,,,,,,,,,0,0,,H,USD,93386.11,0,93386.11,,,,2456,L,2456,L,2456,L,,,,,0,,,0,X,,,,,,NA00,,,,,,,,,,,,2017,,,US00,,0,,0,0,0,,0,2,,,,,,,,,B,,,,0,,,,,0,0,0,,,,,0,,0,0,0,,,,,0,,,,0,0,0,,,,,,,,,,,,,,,,,,,,,,,,,,,,,,,,,,,,,,,,,,,,,,,,,,,,,,,,,,,,,,,,,,,,,,,,,,,,,,,,,,,,,,,,,,,,
375,5000002809,2017,1,1,0,0,0,261,,BLUEPAINT,SD00,RM00,,,,,,,,,0,0,,H,USD,179395.64,0,179395.64,,,,4718,L,4718,L,4718,L,,,,,0,,,0,X,,,,,,NA00,,,,,,,,,,,,2017,,,US00,,0,,0,0,0,,0,2,,,,,,,,,B,,,,0,,,,,0,0,0,,,,,0,,0,0,0,,,,,0,,,,0,0,0,,,,,,,,,,,,,,,,,,,,,,,,,,,,,,,,,,,,,,,,,,,,,,,,,,,,,,,,,,,,,,,,,,,,,,,,,,,,,,,,,,,,,,,,,,,,
375,5000002810,2017,1,1,0,0,0,261,,BLUEPAINT,SD00,RM00,,,,,,,,,0,0,,H,USD,129888.83,0,129888.83,,,,3416,L,3416,L,3416,L,,,,,0,,,0,X,,,,,,NA00,,,,,,,,,,,,2017,,,US00,,0,,0,0,0,,0,2,,,,,,,,,B,,,,0,,,,,0,0,0,,,,,0,,0,0,0,,,,,0,,,,0,0,0,,,,,,,,,,,,,,,,,,,,,,,,,,,,,,,,,,,,,,,,,,,,,,,,,,,,,,,,,,,,,,,,,,,,,,,,,,,,,,,,,,,,,,,,,,,,
375,5000002811,2017,1,1,0,0,0,261,,BLUEPAINT,SD00,RM00,,,,,,,,,0,0,,H,USD,1441248.87,0,1441248.87,,,,37904,L,37904,L,37904,L,,,,,0,,,0,X,,,,,,NA00,,,,,,,,,,,,2017,,,US00,,0,,0,0,0,,0,2,,,,,,,,,B,,,,0,,,,,0,0,0,,,,,0,,0,0,0,,,,,0,,,,0,0,0,,,,,,,,,,,,,,,,,,,,,,,,,,,,,,,,,,,,,,,,,,,,,,,,,,,,,,,,,,,,,,,,,,,,,,,,,,,,,,,,,,,,,,,,,,,,
375,5000002812,2017,1,1,0,0,0,261,,BLUEPAINT,SD00,RM00,,,,,,,,,0,0,,H,USD,213426.81,0,213426.81,,,,5613,L,5613,L,5613,L,,,,,0,,,0,X,,,,,,NA00,,,,,,,,,,,,2017,,,US00,,0,,0,0,0,,0,2,,,,,,,,,B,,,,0,,,,,0,0,0,,,,,0,,0,0,0,,,,,0,,,,0,0,0,,,,,,,,,,,,,,,,,,,,,,,,,,,,,,,,,,,,,,,,,,,,,,,,,,,,,,,,,,,,,,,,,,,,,,,,,,,,,,,,,,,,,,,,,,,,
375,5000002813,2017,1,1,0,0,0,261,,BLUEPAINT,SD00,RM00,,,,,,,,,0,0,,H,USD,46160.73,0,46160.73,,,,1214,L,1214,L,1214,L,,,,,0,,,0,X,,,,,,NA00,,,,,,,,,,,,2017,,,US00,,0,,0,0,0,,0,2,,,,,,,,,B,,,,0,,,,,0,0,0,,,,,0,,0,0,0,,,,,0,,,,0,0,0,,,,,,,,,,,,,,,,,,,,,,,,,,,,,,,,,,,,,,,,,,,,,,,,,,,,,,,,,,,,,,,,,,,,,,,,,,,,,,,,,,,,,,,,,,,,
375,5000002814,2017,1,1,0,0,0,261,,BOLT1000,SD00,RM00,,,,,,,,,0,0,,H,USD,4.89,0,4.89,,,,4,EA,4,EA,4,EA,,,,,0,,,0,X,,,,,,NA00,,,,,,,,,,,,2017,,,US00,,0,,0,0,0,,0,2,,,,,,,,,B,,,,0,,,,,0,0,0,,,,,0,,0,0,0,,,,,0,,,,0,0,0,,,,,,,,,,,,,,,,,,,,,,,,,,,,,,,,,,,,,,,,,,,,,,,,,,,,,,,,,,,,,,,,,,,,,,,,,,,,,,,,,,,,,,,,,,,,
375,5000002815,2017,1,1,0,0,0,261,,BOLT1000,SD00,RM00,,,,,,,,,0,0,,H,USD,146.68,0,146.68,,,,120,EA,120,EA,120,EA,,,,,0,,,0,X,,,,,,NA00,,,,,,,,,,,,2017,,,US00,,0,,0,0,0,,0,2,,,,,,,,,B,,,,0,,,,,0,0,0,,,,,0,,0,0,0,,,,,0,,,,0,0,0,,,,,,,,,,,,,,,,,,,,,,,,,,,,,,,,,,,,,,,,,,,,,,,,,,,,,,,,,,,,,,,,,,,,,,,,,,,,,,,,,,,,,,,,,,,,
375,5000002816,2017,1,1,0,0,0,261,,BOLT1000,SD00,RM00,,,,,,,,,0,0,,H,USD,64.78,0,64.78,,,,53,EA,53,EA,53,EA,,,,,0,,,0,X,,,,,,NA00,,,,,,,,,,,,2017,,,US00,,0,,0,0,0,,0,2,,,,,,,,,B,,,,0,,,,,0,0,0,,,,,0,,0,0,0,,,,,0,,,,0,0,0,,,,,,,,,,,,,,,,,,,,,,,,,,,,,,,,,,,,,,,,,,,,,,,,,,,,,,,,,,,,,,,,,,,,,,,,,,,,,,,,,,,,,,,,,,,,
375,5000002817,2017,1,1,0,0,0,261,,BOLT1000,SD00,RM00,,,,,,,,,0,0,,H,USD,15.89,0,15.89,,,,13,EA,13,EA,13,EA,,,,,0,,,0,X,,,,,,NA00,,,,,,,,,,,,2017,,,US00,,0,,0,0,0,,0,2,,,,,,,,,B,,,,0,,,,,0,0,0,,,,,0,,0,0,0,,,,,0,,,,0,0,0,,,,,,,,,,,,,,,,,,,,,,,,,,,,,,,,,,,,,,,,,,,,,,,,,,,,,,,,,,,,,,,,,,,,,,,,,,,,,,,,,,,,,,,,,,,,
375,5000002818,2017,1,1,0,0,0,261,,BOLT1000,SD00,RM00,,,,,,,,,0,0,,H,USD,492.61,0,492.61,,,,403,EA,403,EA,403,EA,,,,,0,,,0,X,,,,,,NA00,,,,,,,,,,,,2017,,,US00,,0,,0,0,0,,0,2,,,,,,,,,B,,,,0,,,,,0,0,0,,,,,0,,0,0,0,,,,,0,,,,0,0,0,,,,,,,,,,,,,,,,,,,,,,,,,,,,,,,,,,,,,,,,,,,,,,,,,,,,,,,,,,,,,,,,,,,,,,,,,,,,,,,,,,,,,,,,,,,,
375,5000002819,2017,1,1,0,0,0,261,,BOLT1000,SD00,RM00,,,,,,,,,0,0,,H,USD,34.23,0,34.23,,,,28,EA,28,EA,28,EA,,,,,0,,,0,X,,,,,,NA00,,,,,,,,,,,,2017,,,US00,,0,,0,0,0,,0,2,,,,,,,,,B,,,,0,,,,,0,0,0,,,,,0,,0,0,0,,,,,0,,,,0,0,0,,,,,,,,,,,,,,,,,,,,,,,,,,,,,,,,,,,,,,,,,,,,,,,,,,,,,,,,,,,,,,,,,,,,,,,,,,,,,,,,,,,,,,,,,,,,
375,5000002820,2017,1,1,0,0,0,261,,BOLT1000,SD00,RM00,,,,,,,,,0,0,,H,USD,51.34,0,51.34,,,,42,EA,42,EA,42,EA,,,,,0,,,0,X,,,,,,NA00,,,,,,,,,,,,2017,,,US00,,0,,0,0,0,,0,2,,,,,,,,,B,,,,0,,,,,0,0,0,,,,,0,,0,0,0,,,,,0,,,,0,0,0,,,,,,,,,,,,,,,,,,,,,,,,,,,,,,,,,,,,,,,,,,,,,,,,,,,,,,,,,,,,,,,,,,,,,,,,,,,,,,,,,,,,,,,,,,,,
375,5000002821,2017,1,1,0,0,0,261,,BOLT1000,SD00,RM00,,,,,,,,,0,0,,H,USD,29.34,0,29.34,,,,24,EA,24,EA,24,EA,,,,,0,,,0,X,,,,,,NA00,,,,,,,,,,,,2017,,,US00,,0,,0,0,0,,0,2,,,,,,,,,B,,,,0,,,,,0,0,0,,,,,0,,0,0,0,,,,,0,,,,0,0,0,,,,,,,,,,,,,,,,,,,,,,,,,,,,,,,,,,,,,,,,,,,,,,,,,,,,,,,,,,,,,,,,,,,,,,,,,,,,,,,,,,,,,,,,,,,,
375,5000002822,2017,1,1,0,0,0,261,,BOLT1000,SD00,RM00,,,,,,,,,0,0,,H,USD,86.79,0,86.79,,,,71,EA,71,EA,71,EA,,,,,0,,,0,X,,,,,,NA00,,,,,,,,,,,,2017,,,US00,,0,,0,0,0,,0,2,,,,,,,,,B,,,,0,,,,,0,0,0,,,,,0,,0,0,0,,,,,0,,,,0,0,0,,,,,,,,,,,,,,,,,,,,,,,,,,,,,,,,,,,,,,,,,,,,,,,,,,,,,,,,,,,,,,,,,,,,,,,,,,,,,,,,,,,,,,,,,,,,
375,5000002823,2017,1,1,0,0,0,261,,BOTSWANA BLACK PE,SD00,RM00,,,,,,,,,0,0,,H,USD,589908.89,0,589908.89,,,,28,G,28,G,28,G,,,,,0,,,0,X,,,,,,NA00,,,,,,,,,,,,2017,,,US00,,0,,0,0,0,,0,2,,,,,,,,,B,,,,0,,,,,0,0,0,,,,,0,,0,0,0,,,,,0,,,,0,0,0,,,,,,,,,,,,,,,,,,,,,,,,,,,,,,,,,,,,,,,,,,,,,,,,,,,,,,,,,,,,,,,,,,,,,,,,,,,,,,,,,,,,,,,,,,,,
375,5000002824,2017,1,1,0,0,0,261,,BOTSWANA BLACK PE,SD00,RM00,,,,,,,,,0,0,,H,USD,2633521.84,0,2633521.84,,,,125,G,125,G,125,G,,,,,0,,,0,X,,,,,,NA00,,,,,,,,,,,,2017,,,US00,,0,,0,0,0,,0,2,,,,,,,,,B,,,,0,,,,,0,0,0,,,,,0,,0,0,0,,,,,0,,,,0,0,0,,,,,,,,,,,,,,,,,,,,,,,,,,,,,,,,,,,,,,,,,,,,,,,,,,,,,,,,,,,,,,,,,,,,,,,,,,,,,,,,,,,,,,,,,,,,
375,5000002825,2017,1,1,0,0,0,261,,BOTSWANA BLACK PE,SD00,RM00,,,,,,,,,0,0,,H,USD,9227860.51,0,9227860.51,,,,438,G,438,G,438,G,,,,,0,,,0,X,,,,,,NA00,,,,,,,,,,,,2017,,,US00,,0,,0,0,0,,0,2,,,,,,,,,B,,,,0,,,,,0,0,0,,,,,0,,0,0,0,,,,,0,,,,0,0,0,,,,,,,,,,,,,,,,,,,,,,,,,,,,,,,,,,,,,,,,,,,,,,,,,,,,,,,,,,,,,,,,,,,,,,,,,,,,,,,,,,,,,,,,,,,,
375,5000002826,2017,1,1,0,0,0,261,,BOTSWANA BLACK PE,SD00,RM00,,,,,,,,,0,0,,H,USD,14389563.31,0,14389563.31,,,,683,G,683,G,683,G,,,,,0,,,0,X,,,,,,NA00,,,,,,,,,,,,2017,,,US00,,0,,0,0,0,,0,2,,,,,,,,,B,,,,0,,,,,0,0,0,,,,,0,,0,0,0,,,,,0,,,,0,0,0,,,,,,,,,,,,,,,,,,,,,,,,,,,,,,,,,,,,,,,,,,,,,,,,,,,,,,,,,,,,,,,,,,,,,,,,,,,,,,,,,,,,,,,,,,,,
375,5000002827,2017,1,1,0,0,0,261,,BOTSWANA BLACK PE,SD00,RM00,,,,,,,,,0,0,,H,USD,5814816.21,0,5814816.21,,,,276,G,276,G,276,G,,,,,0,,,0,X,,,,,,NA00,,,,,,,,,,,,2017,,,US00,,0,,0,0,0,,0,2,,,,,,,,,B,,,,0,,,,,0,0,0,,,,,0,,0,0,0,,,,,0,,,,0,0,0,,,,,,,,,,,,,,,,,,,,,,,,,,,,,,,,,,,,,,,,,,,,,,,,,,,,,,,,,,,,,,,,,,,,,,,,,,,,,,,,,,,,,,,,,,,,
375,5000002828,2017,1,1,0,0,0,261,,BOTSWANA BLACK PE,SD00,RM00,,,,,,,,,0,0,,H,USD,210681.75,0,210681.75,,,,10,G,10,G,10,G,,,,,0,,,0,X,,,,,,NA00,,,,,,,,,,,,2017,,,US00,,0,,0,0,0,,0,2,,,,,,,,,B,,,,0,,,,,0,0,0,,,,,0,,0,0,0,,,,,0,,,,0,0,0,,,,,,,,,,,,,,,,,,,,,,,,,,,,,,,,,,,,,,,,,,,,,,,,,,,,,,,,,,,,,,,,,,,,,,,,,,,,,,,,,,,,,,,,,,,,
375,5000002829,2017,1,1,0,0,0,261,,BOTSWANA BLACK PE,SD00,RM00,,,,,,,,,0,0,,H,USD,10028451.15,0,10028451.15,,,,476,G,476,G,476,G,,,,,0,,,0,X,,,,,,NA00,,,,,,,,,,,,2017,,,US00,,0,,0,0,0,,0,2,,,,,,,,,B,,,,0,,,,,0,0,0,,,,,0,,0,0,0,,,,,0,,,,0,0,0,,,,,,,,,,,,,,,,,,,,,,,,,,,,,,,,,,,,,,,,,,,,,,,,,,,,,,,,,,,,,,,,,,,,,,,,,,,,,,,,,,,,,,,,,,,,
375,5000002830,2017,1,1,0,0,0,261,,BOTSWANA BLACK PE,SD00,RM00,,,,,,,,,0,0,,H,USD,12430223.06,0,12430223.06,,,,590,G,590,G,590,G,,,,,0,,,0,X,,,,,,NA00,,,,,,,,,,,,2017,,,US00,,0,,0,0,0,,0,2,,,,,,,,,B,,,,0,,,,,0,0,0,,,,,0,,0,0,0,,,,,0,,,,0,0,0,,,,,,,,,,,,,,,,,,,,,,,,,,,,,,,,,,,,,,,,,,,,,,,,,,,,,,,,,,,,,,,,,,,,,,,,,,,,,,,,,,,,,,,,,,,,
375,5000002831,2017,1,1,0,0,0,261,,BOTSWANA BLACK PE,SD00,RM00,,,,,,,,,0,0,,H,USD,7647747.41,0,7647747.41,,,,363,G,363,G,363,G,,,,,0,,,0,X,,,,,,NA00,,,,,,,,,,,,2017,,,US00,,0,,0,0,0,,0,2,,,,,,,,,B,,,,0,,,,,0,0,0,,,,,0,,0,0,0,,,,,0,,,,0,0,0,,,,,,,,,,,,,,,,,,,,,,,,,,,,,,,,,,,,,,,,,,,,,,,,,,,,,,,,,,,,,,,,,,,,,,,,,,,,,,,,,,,,,,,,,,,,
375,5000002832,2017,1,1,0,0,0,261,,BRITAIN BLACK PEAR,SD00,RM00,,,,,,,,,0,0,,H,USD,25000000.00,0,25000000.00,,,,53,G,53,G,53,G,,,,,0,,,0,X,,,,,,NA00,,,,,,,,,,,,2017,,,US00,,0,,0,0,0,,0,2,,,,,,,,,B,,,,0,,,,,0,0,0,,,,,0,,0,0,0,,,,,0,,,,0,0,0,,,,,,,,,,,,,,,,,,,,,,,,,,,,,,,,,,,,,,,,,,,,,,,,,,,,,,,,,,,,,,,,,,,,,,,,,,,,,,,,,,,,,,,,,,,,
375,5000002833,2017,1,1,0,0,0,261,,BRITAIN BLACK PEAR,SD00,RM00,,,,,,,,,0,0,,H,USD,6132075.47,0,6132075.47,,,,13,G,13,G,13,G,,,,,0,,,0,X,,,,,,NA00,,,,,,,,,,,,2017,,,US00,,0,,0,0,0,,0,2,,,,,,,,,B,,,,0,,,,,0,0,0,,,,,0,,0,0,0,,,,,0,,,,0,0,0,,,,,,,,,,,,,,,,,,,,,,,,,,,,,,,,,,,,,,,,,,,,,,,,,,,,,,,,,,,,,,,,,,,,,,,,,,,,,,,,,,,,,,,,,,,,
375,5000002834,2017,1,1,0,0,0,261,,BRITAIN BLACK PEAR,SD00,RM00,,,,,,,,,0,0,,H,USD,9433962.26,0,9433962.26,,,,20,G,20,G,20,G,,,,,0,,,0,X,,,,,,NA00,,,,,,,,,,,,2017,,,US00,,0,,0,0,0,,0,2,,,,,,,,,B,,,,0,,,,,0,0,0,,,,,0,,0,0,0,,,,,0,,,,0,0,0,,,,,,,,,,,,,,,,,,,,,,,,,,,,,,,,,,,,,,,,,,,,,,,,,,,,,,,,,,,,,,,,,,,,,,,,,,,,,,,,,,,,,,,,,,,,
375,5000002835,2017,1,1,0,0,0,261,,BRITAIN BLACK PEAR,SD00,RM00,,,,,,,,,0,0,,H,USD,3301886.79,0,3301886.79,,,,7,G,7,G,7,G,,,,,0,,,0,X,,,,,,NA00,,,,,,,,,,,,2017,,,US00,,0,,0,0,0,,0,2,,,,,,,,,B,,,,0,,,,,0,0,0,,,,,0,,0,0,0,,,,,0,,,,0,0,0,,,,,,,,,,,,,,,,,,,,,,,,,,,,,,,,,,,,,,,,,,,,,,,,,,,,,,,,,,,,,,,,,,,,,,,,,,,,,,,,,,,,,,,,,,,,
375,5000002836,2017,1,1,0,0,0,261,,CANADIAN CRYSTAL,SD00,RM00,,,,,,,,,0,0,,H,USD,4064748.20,0,4064748.20,,,,113,G,113,G,113,G,,,,,0,,,0,X,,,,,,NA00,,,,,,,,,,,,2017,,,US00,,0,,0,0,0,,0,2,,,,,,,,,B,,,,0,,,,,0,0,0,,,,,0,,0,0,0,,,,,0,,,,0,0,0,,,,,,,,,,,,,,,,,,,,,,,,,,,,,,,,,,,,,,,,,,,,,,,,,,,,,,,,,,,,,,,,,,,,,,,,,,,,,,,,,,,,,,,,,,,,
375,5000002837,2017,1,1,0,0,0,261,,CANADIAN CRYSTAL,SD00,RM00,,,,,,,,,0,0,,H,USD,2122302.16,0,2122302.16,,,,59,G,59,G,59,G,,,,,0,,,0,X,,,,,,NA00,,,,,,,,,,,,2017,,,US00,,0,,0,0,0,,0,2,,,,,,,,,B,,,,0,,,,,0,0,0,,,,,0,,0,0,0,,,,,0,,,,0,0,0,,,,,,,,,,,,,,,,,,,,,,,,,,,,,,,,,,,,,,,,,,,,,,,,,,,,,,,,,,,,,,,,,,,,,,,,,,,,,,,,,,,,,,,,,,,,
375,5000002838,2017,1,1,0,0,0,261,,CANADIAN CRYSTAL,SD00,RM00,,,,,,,,,0,0,,H,USD,9928057.55,0,9928057.55,,,,276,G,276,G,276,G,,,,,0,,,0,X,,,,,,NA00,,,,,,,,,,,,2017,,,US00,,0,,0,0,0,,0,2,,,,,,,,,B,,,,0,,,,,0,0,0,,,,,0,,0,0,0,,,,,0,,,,0,0,0,,,,,,,,,,,,,,,,,,,,,,,,,,,,,,,,,,,,,,,,,,,,,,,,,,,,,,,,,,,,,,,,,,,,,,,,,,,,,,,,,,,,,,,,,,,,
375,5000002839,2017,1,1,0,0,0,261,,CANADIAN CRYSTAL,SD00,RM00,,,,,,,,,0,0,,H,USD,1690647.48,0,1690647.48,,,,47,G,47,G,47,G,,,,,0,,,0,X,,,,,,NA00,,,,,,,,,,,,2017,,,US00,,0,,0,0,0,,0,2,,,,,,,,,B,,,,0,,,,,0,0,0,,,,,0,,0,0,0,,,,,0,,,,0,0,0,,,,,,,,,,,,,,,,,,,,,,,,,,,,,,,,,,,,,,,,,,,,,,,,,,,,,,,,,,,,,,,,,,,,,,,,,,,,,,,,,,,,,,,,,,,,
375,5000002840,2017,1,1,0,0,0,261,,CANADIAN CRYSTAL,SD00,RM00,,,,,,,,,0,0,,H,USD,359712.23,0,359712.23,,,,10,G,10,G,10,G,,,,,0,,,0,X,,,,,,NA00,,,,,,,,,,,,2017,,,US00,,0,,0,0,0,,0,2,,,,,,,,,B,,,,0,,,,,0,0,0,,,,,0,,0,0,0,,,,,0,,,,0,0,0,,,,,,,,,,,,,,,,,,,,,,,,,,,,,,,,,,,,,,,,,,,,,,,,,,,,,,,,,,,,,,,,,,,,,,,,,,,,,,,,,,,,,,,,,,,,
375,5000002841,2017,1,1,0,0,0,261,,CANADIAN CRYSTAL,SD00,RM00,,,,,,,,,0,0,,H,USD,683453.24,0,683453.24,,,,19,G,19,G,19,G,,,,,0,,,0,X,,,,,,NA00,,,,,,,,,,,,2017,,,US00,,0,,0,0,0,,0,2,,,,,,,,,B,,,,0,,,,,0,0,0,,,,,0,,0,0,0,,,,,0,,,,0,0,0,,,,,,,,,,,,,,,,,,,,,,,,,,,,,,,,,,,,,,,,,,,,,,,,,,,,,,,,,,,,,,,,,,,,,,,,,,,,,,,,,,,,,,,,,,,,
375,5000002842,2017,1,1,0,0,0,261,,CARBONITE,SD00,RM00,,,,,,,,,0,0,,H,USD,15234.38,0,15234.38,,,,26,G,26,G,26,G,,,,,0,,,0,X,,,,,,NA00,,,,,,,,,,,,2017,,,US00,,0,,0,0,0,,0,2,,,,,,,,,B,,,,0,,,,,0,0,0,,,,,0,,0,0,0,,,,,0,,,,0,0,0,,,,,,,,,,,,,,,,,,,,,,,,,,,,,,,,,,,,,,,,,,,,,,,,,,,,,,,,,,,,,,,,,,,,,,,,,,,,,,,,,,,,,,,,,,,,
375,5000002843,2017,1,1,0,0,0,261,,CARBONITE,SD00,RM00,,,,,,,,,0,0,,H,USD,14062.50,0,14062.50,,,,24,G,24,G,24,G,,,,,0,,,0,X,,,,,,NA00,,,,,,,,,,,,2017,,,US00,,0,,0,0,0,,0,2,,,,,,,,,B,,,,0,,,,,0,0,0,,,,,0,,0,0,0,,,,,0,,,,0,0,0,,,,,,,,,,,,,,,,,,,,,,,,,,,,,,,,,,,,,,,,,,,,,,,,,,,,,,,,,,,,,,,,,,,,,,,,,,,,,,,,,,,,,,,,,,,,
375,5000002844,2017,1,1,0,0,0,261,,CARBONITE,SD00,RM00,,,,,,,,,0,0,,H,USD,11132.81,0,11132.81,,,,19,G,19,G,19,G,,,,,0,,,0,X,,,,,,NA00,,,,,,,,,,,,2017,,,US00,,0,,0,0,0,,0,2,,,,,,,,,B,,,,0,,,,,0,0,0,,,,,0,,0,0,0,,,,,0,,,,0,0,0,,,,,,,,,,,,,,,,,,,,,,,,,,,,,,,,,,,,,,,,,,,,,,,,,,,,,,,,,,,,,,,,,,,,,,,,,,,,,,,,,,,,,,,,,,,,
375,5000002845,2017,1,1,0,0,0,261,,CARBONITE,SD00,RM00,,,,,,,,,0,0,,H,USD,2343.75,0,2343.75,,,,4,G,4,G,4,G,,,,,0,,,0,X,,,,,,NA00,,,,,,,,,,,,2017,,,US00,,0,,0,0,0,,0,2,,,,,,,,,B,,,,0,,,,,0,0,0,,,,,0,,0,0,0,,,,,0,,,,0,0,0,,,,,,,,,,,,,,,,,,,,,,,,,,,,,,,,,,,,,,,,,,,,,,,,,,,,,,,,,,,,,,,,,,,,,,,,,,,,,,,,,,,,,,,,,,,,
375,5000002846,2017,1,1,0,0,0,261,,CARBONITE,SD00,RM00,,,,,,,,,0,0,,H,USD,585.94,0,585.94,,,,1,G,1,G,1,G,,,,,0,,,0,X,,,,,,NA00,,,,,,,,,,,,2017,,,US00,,0,,0,0,0,,0,2,,,,,,,,,B,,,,0,,,,,0,0,0,,,,,0,,0,0,0,,,,,0,,,,0,0,0,,,,,,,,,,,,,,,,,,,,,,,,,,,,,,,,,,,,,,,,,,,,,,,,,,,,,,,,,,,,,,,,,,,,,,,,,,,,,,,,,,,,,,,,,,,,
375,5000002847,2017,1,1,0,0,0,261,,CARBONITE,SD00,RM00,,,,,,,,,0,0,,H,USD,11718.75,0,11718.75,,,,20,G,20,G,20,G,,,,,0,,,0,X,,,,,,NA00,,,,,,,,,,,,2017,,,US00,,0,,0,0,0,,0,2,,,,,,,,,B,,,,0,,,,,0,0,0,,,,,0,,0,0,0,,,,,0,,,,0,0,0,,,,,,,,,,,,,,,,,,,,,,,,,,,,,,,,,,,,,,,,,,,,,,,,,,,,,,,,,,,,,,,,,,,,,,,,,,,,,,,,,,,,,,,,,,,,
375,5000002848,2017,1,1,0,0,0,261,,CARBONITE,SD00,RM00,,,,,,,,,0,0,,H,USD,4101.56,0,4101.56,,,,7,G,7,G,7,G,,,,,0,,,0,X,,,,,,NA00,,,,,,,,,,,,2017,,,US00,,0,,0,0,0,,0,2,,,,,,,,,B,,,,0,,,,,0,0,0,,,,,0,,0,0,0,,,,,0,,,,0,0,0,,,,,,,,,,,,,,,,,,,,,,,,,,,,,,,,,,,,,,,,,,,,,,,,,,,,,,,,,,,,,,,,,,,,,,,,,,,,,,,,,,,,,,,,,,,,
375,5000002849,2017,1,1,0,0,0,261,,CARBONITE,SD00,RM00,,,,,,,,,0,0,,H,USD,8203.13,0,8203.13,,,,14,G,14,G,14,G,,,,,0,,,0,X,,,,,,NA00,,,,,,,,,,,,2017,,,US00,,0,,0,0,0,,0,2,,,,,,,,,B,,,,0,,,,,0,0,0,,,,,0,,0,0,0,,,,,0,,,,0,0,0,,,,,,,,,,,,,,,,,,,,,,,,,,,,,,,,,,,,,,,,,,,,,,,,,,,,,,,,,,,,,,,,,,,,,,,,,,,,,,,,,,,,,,,,,,,,
375,5000002850,2017,1,1,0,0,0,261,,CHRONIUM,SD00,RM00,,,,,,,,,0,0,,H,USD,3645.44,0,3645.44,,,,10154,LB,10154,LB,10154,LB,,,,,0,,,0,X,,,,,,NA00,,,,,,,,,,,,2017,,,US00,,0,,0,0,0,,0,2,,,,,,,,,B,,,,0,,,,,0,0,0,,,,,0,,0,0,0,,,,,0,,,,0,0,0,,,,,,,,,,,,,,,,,,,,,,,,,,,,,,,,,,,,,,,,,,,,,,,,,,,,,,,,,,,,,,,,,,,,,,,,,,,,,,,,,,,,,,,,,,,,
375,5000002851,2017,1,1,0,0,0,261,,CHRONIUM,SD00,RM00,,,,,,,,,0,0,,H,USD,1324.41,0,1324.41,,,,3689,LB,3689,LB,3689,LB,,,,,0,,,0,X,,,,,,NA00,,,,,,,,,,,,2017,,,US00,,0,,0,0,0,,0,2,,,,,,,,,B,,,,0,,,,,0,0,0,,,,,0,,0,0,0,,,,,0,,,,0,0,0,,,,,,,,,,,,,,,,,,,,,,,,,,,,,,,,,,,,,,,,,,,,,,,,,,,,,,,,,,,,,,,,,,,,,,,,,,,,,,,,,,,,,,,,,,,,
375,5000002852,2017,1,1,0,0,0,261,,CHRONIUM,SD00,RM00,,,,,,,,,0,0,,H,USD,561.14,0,561.14,,,,1563,LB,1563,LB,1563,LB,,,,,0,,,0,X,,,,,,NA00,,,,,,,,,,,,2017,,,US00,,0,,0,0,0,,0,2,,,,,,,,,B,,,,0,,,,,0,0,0,,,,,0,,0,0,0,,,,,0,,,,0,0,0,,,,,,,,,,,,,,,,,,,,,,,,,,,,,,,,,,,,,,,,,,,,,,,,,,,,,,,,,,,,,,,,,,,,,,,,,,,,,,,,,,,,,,,,,,,,
375,5000002853,2017,1,1,0,0,0,261,,CHRONIUM,SD00,RM00,,,,,,,,,0,0,,H,USD,34.82,0,34.82,,,,97,LB,97,LB,97,LB,,,,,0,,,0,X,,,,,,NA00,,,,,,,,,,,,2017,,,US00,,0,,0,0,0,,0,2,,,,,,,,,B,,,,0,,,,,0,0,0,,,,,0,,0,0,0,,,,,0,,,,0,0,0,,,,,,,,,,,,,,,,,,,,,,,,,,,,,,,,,,,,,,,,,,,,,,,,,,,,,,,,,,,,,,,,,,,,,,,,,,,,,,,,,,,,,,,,,,,,
375,5000002854,2017,1,1,0,0,0,261,,CHRONIUM,SD00,RM00,,,,,,,,,0,0,,H,USD,559.35,0,559.35,,,,1558,LB,1558,LB,1558,LB,,,,,0,,,0,X,,,,,,NA00,,,,,,,,,,,,2017,,,US00,,0,,0,0,0,,0,2,,,,,,,,,B,,,,0,,,,,0,0,0,,,,,0,,0,0,0,,,,,0,,,,0,0,0,,,,,,,,,,,,,,,,,,,,,,,,,,,,,,,,,,,,,,,,,,,,,,,,,,,,,,,,,,,,,,,,,,,,,,,,,,,,,,,,,,,,,,,,,,,,
375,5000002855,2017,1,1,0,0,0,261,,CHRONIUM,SD00,RM00,,,,,,,,,0,0,,H,USD,613.20,0,613.20,,,,1708,LB,1708,LB,1708,LB,,,,,0,,,0,X,,,,,,NA00,,,,,,,,,,,,2017,,,US00,,0,,0,0,0,,0,2,,,,,,,,,B,,,,0,,,,,0,0,0,,,,,0,,0,0,0,,,,,0,,,,0,0,0,,,,,,,,,,,,,,,,,,,,,,,,,,,,,,,,,,,,,,,,,,,,,,,,,,,,,,,,,,,,,,,,,,,,,,,,,,,,,,,,,,,,,,,,,,,,
375,5000002856,2017,1,1,0,0,0,261,,CHRONIUM,SD00,RM00,,,,,,,,,0,0,,H,USD,6.82,0,6.82,,,,19,LB,19,LB,19,LB,,,,,0,,,0,X,,,,,,NA00,,,,,,,,,,,,2017,,,US00,,0,,0,0,0,,0,2,,,,,,,,,B,,,,0,,,,,0,0,0,,,,,0,,0,0,0,,,,,0,,,,0,0,0,,,,,,,,,,,,,,,,,,,,,,,,,,,,,,,,,,,,,,,,,,,,,,,,,,,,,,,,,,,,,,,,,,,,,,,,,,,,,,,,,,,,,,,,,,,,
375,5000002857,2017,1,1,0,0,0,261,,CHRONIUM,SD00,RM00,,,,,,,,,0,0,,H,USD,1644.65,0,1644.65,,,,4581,LB,4581,LB,4581,LB,,,,,0,,,0,X,,,,,,NA00,,,,,,,,,,,,2017,,,US00,,0,,0,0,0,,0,2,,,,,,,,,B,,,,0,,,,,0,0,0,,,,,0,,0,0,0,,,,,0,,,,0,0,0,,,,,,,,,,,,,,,,,,,,,,,,,,,,,,,,,,,,,,,,,,,,,,,,,,,,,,,,,,,,,,,,,,,,,,,,,,,,,,,,,,,,,,,,,,,,
375,5000002858,2017,1,1,0,0,0,261,,CHRONIUM,SD00,RM00,,,,,,,,,0,0,,H,USD,1191.21,0,1191.21,,,,3318,LB,3318,LB,3318,LB,,,,,0,,,0,X,,,,,,NA00,,,,,,,,,,,,2017,,,US00,,0,,0,0,0,,0,2,,,,,,,,,B,,,,0,,,,,0,0,0,,,,,0,,0,0,0,,,,,0,,,,0,0,0,,,,,,,,,,,,,,,,,,,,,,,,,,,,,,,,,,,,,,,,,,,,,,,,,,,,,,,,,,,,,,,,,,,,,,,,,,,,,,,,,,,,,,,,,,,,
375,5000002859,2017,1,1,0,0,0,261,,CONCRETE,SD00,RM00,,,,,,,,,0,0,,H,USD,29629.14,0,29629.14,,,,342,YD3,342,YD3,342,YD3,,,,,0,,,0,X,,,,,,NA00,,,,,,,,,,,,2017,,,US00,,0,,0,0,0,,0,2,,,,,,,,,B,,,,0,,,,,0,0,0,,,,,0,,0,0,0,,,,,0,,,,0,0,0,,,,,,,,,,,,,,,,,,,,,,,,,,,,,,,,,,,,,,,,,,,,,,,,,,,,,,,,,,,,,,,,,,,,,,,,,,,,,,,,,,,,,,,,,,,,
375,5000002860,2017,1,1,0,0,0,261,,CONCRETE,SD00,RM00,,,,,,,,,0,0,,H,USD,102835.63,0,102835.63,,,,1187,YD3,1187,YD3,1187,YD3,,,,,0,,,0,X,,,,,,NA00,,,,,,,,,,,,2017,,,US00,,0,,0,0,0,,0,2,,,,,,,,,B,,,,0,,,,,0,0,0,,,,,0,,0,0,0,,,,,0,,,,0,0,0,,,,,,,,,,,,,,,,,,,,,,,,,,,,,,,,,,,,,,,,,,,,,,,,,,,,,,,,,,,,,,,,,,,,,,,,,,,,,,,,,,,,,,,,,,,,
375,5000002861,2017,1,1,0,0,0,261,,CONCRETE,SD00,RM00,,,,,,,,,0,0,,H,USD,4591.65,0,4591.65,,,,53,YD3,53,YD3,53,YD3,,,,,0,,,0,X,,,,,,NA00,,,,,,,,,,,,2017,,,US00,,0,,0,0,0,,0,2,,,,,,,,,B,,,,0,,,,,0,0,0,,,,,0,,0,0,0,,,,,0,,,,0,0,0,,,,,,,,,,,,,,,,,,,,,,,,,,,,,,,,,,,,,,,,,,,,,,,,,,,,,,,,,,,,,,,,,,,,,,,,,,,,,,,,,,,,,,,,,,,,
375,5000002862,2017,1,1,0,0,0,261,,CONCRETE,SD00,RM00,,,,,,,,,0,0,,H,USD,15334.38,0,15334.38,,,,177,YD3,177,YD3,177,YD3,,,,,0,,,0,X,,,,,,NA00,,,,,,,,,,,,2017,,,US00,,0,,0,0,0,,0,2,,,,,,,,,B,,,,0,,,,,0,0,0,,,,,0,,0,0,0,,,,,0,,,,0,0,0,,,,,,,,,,,,,,,,,,,,,,,,,,,,,,,,,,,,,,,,,,,,,,,,,,,,,,,,,,,,,,,,,,,,,,,,,,,,,,,,,,,,,,,,,,,,
375,5000002863,2017,1,1,0,0,0,261,,CONCRETE,SD00,RM00,,,,,,,,,0,0,,H,USD,180460.49,0,180460.49,,,,2083,YD3,2083,YD3,2083,YD3,,,,,0,,,0,X,,,,,,NA00,,,,,,,,,,,,2017,,,US00,,0,,0,0,0,,0,2,,,,,,,,,B,,,,0,,,,,0,0,0,,,,,0,,0,0,0,,,,,0,,,,0,0,0,,,,,,,,,,,,,,,,,,,,,,,,,,,,,,,,,,,,,,,,,,,,,,,,,,,,,,,,,,,,,,,,,,,,,,,,,,,,,,,,,,,,,,,,,,,,
375,5000002864,2017,1,1,0,0,0,261,,CONGOCRYSTAL,SD00,RM00,,,,,,,,,0,0,,H,USD,9740618.16,0,9740618.16,,,,1575,G,1575,G,1575,G,,,,,0,,,0,X,,,,,,NA00,,,,,,,,,,,,2017,,,US00,,0,,0,0,0,,0,2,,,,,,,,,B,,,,0,,,,,0,0,0,,,,,0,,0,0,0,,,,,0,,,,0,0,0,,,,,,,,,,,,,,,,,,,,,,,,,,,,,,,,,,,,,,,,,,,,,,,,,,,,,,,,,,,,,,,,,,,,,,,,,,,,,,,,,,,,,,,,,,,,
375,5000002865,2017,1,1,0,0,0,261,,CONGOCRYSTAL,SD00,RM00,,,,,,,,,0,0,,H,USD,3036599.06,0,3036599.06,,,,491,G,491,G,491,G,,,,,0,,,0,X,,,,,,NA00,,,,,,,,,,,,2017,,,US00,,0,,0,0,0,,0,2,,,,,,,,,B,,,,0,,,,,0,0,0,,,,,0,,0,0,0,,,,,0,,,,0,0,0,,,,,,,,,,,,,,,,,,,,,,,,,,,,,,,,,,,,,,,,,,,,,,,,,,,,,,,,,,,,,,,,,,,,,,,,,,,,,,,,,,,,,,,,,,,,
375,5000002866,2017,1,1,0,0,0,261,,CONGOCRYSTAL,SD00,RM00,,,,,,,,,0,0,,H,USD,760695.89,0,760695.89,,,,123,G,123,G,123,G,,,,,0,,,0,X,,,,,,NA00,,,,,,,,,,,,2017,,,US00,,0,,0,0,0,,0,2,,,,,,,,,B,,,,0,,,,,0,0,0,,,,,0,,0,0,0,,,,,0,,,,0,0,0,,,,,,,,,,,,,,,,,,,,,,,,,,,,,,,,,,,,,,,,,,,,,,,,,,,,,,,,,,,,,,,,,,,,,,,,,,,,,,,,,,,,,,,,,,,,
375,5000002867,2017,1,1,0,0,0,261,,CONGOCRYSTAL,SD00,RM00,,,,,,,,,0,0,,H,USD,785433.97,0,785433.97,,,,127,G,127,G,127,G,,,,,0,,,0,X,,,,,,NA00,,,,,,,,,,,,2017,,,US00,,0,,0,0,0,,0,2,,,,,,,,,B,,,,0,,,,,0,0,0,,,,,0,,0,0,0,,,,,0,,,,0,0,0,,,,,,,,,,,,,,,,,,,,,,,,,,,,,,,,,,,,,,,,,,,,,,,,,,,,,,,,,,,,,,,,,,,,,,,,,,,,,,,,,,,,,,,,,,,,
375,5000002868,2017,1,1,0,0,0,261,,CONGOCRYSTAL,SD00,RM00,,,,,,,,,0,0,,H,USD,3630312.93,0,3630312.93,,,,587,G,587,G,587,G,,,,,0,,,0,X,,,,,,NA00,,,,,,,,,,,,2017,,,US00,,0,,0,0,0,,0,2,,,,,,,,,B,,,,0,,,,,0,0,0,,,,,0,,0,0,0,,,,,0,,,,0,0,0,,,,,,,,,,,,,,,,,,,,,,,,,,,,,,,,,,,,,,,,,,,,,,,,,,,,,,,,,,,,,,,,,,,,,,,,,,,,,,,,,,,,,,,,,,,,
375,5000002869,2017,1,1,0,0,0,261,,DIAMOND,SD00,RM00,,,,,,,,,0,0,,H,USD,40949.26,0,40949.26,,,,278,LB,278,LB,278,LB,,,,,0,,,0,X,,,,,,NA00,,,,,,,,,,,,2017,,,US00,,0,,0,0,0,,0,2,,,,,,,,,B,,,,0,,,,,0,0,0,,,,,0,,0,0,0,,,,,0,,,,0,0,0,,,,,,,,,,,,,,,,,,,,,,,,,,,,,,,,,,,,,,,,,,,,,,,,,,,,,,,,,,,,,,,,,,,,,,,,,,,,,,,,,,,,,,,,,,,,
375,5000002870,2017,1,1,0,0,0,261,,DIAMOND,SD00,RM00,,,,,,,,,0,0,,H,USD,100458.27,0,100458.27,,,,682,LB,682,LB,682,LB,,,,,0,,,0,X,,,,,,NA00,,,,,,,,,,,,2017,,,US00,,0,,0,0,0,,0,2,,,,,,,,,B,,,,0,,,,,0,0,0,,,,,0,,0,0,0,,,,,0,,,,0,0,0,,,,,,,,,,,,,,,,,,,,,,,,,,,,,,,,,,,,,,,,,,,,,,,,,,,,,,,,,,,,,,,,,,,,,,,,,,,,,,,,,,,,,,,,,,,,
375,5000002871,2017,1,1,0,0,0,261,,DIAMOND,SD00,RM00,,,,,,,,,0,0,,H,USD,6481.18,0,6481.18,,,,44,LB,44,LB,44,LB,,,,,0,,,0,X,,,,,,NA00,,,,,,,,,,,,2017,,,US00,,0,,0,0,0,,0,2,,,,,,,,,B,,,,0,,,,,0,0,0,,,,,0,,0,0,0,,,,,0,,,,0,0,0,,,,,,,,,,,,,,,,,,,,,,,,,,,,,,,,,,,,,,,,,,,,,,,,,,,,,,,,,,,,,,,,,,,,,,,,,,,,,,,,,,,,,,,,,,,,
375,5000002872,2017,1,1,0,0,0,261,,DIAMOND,SD00,RM00,,,,,,,,,0,0,,H,USD,15319.15,0,15319.15,,,,104,LB,104,LB,104,LB,,,,,0,,,0,X,,,,,,NA00,,,,,,,,,,,,2017,,,US00,,0,,0,0,0,,0,2,,,,,,,,,B,,,,0,,,,,0,0,0,,,,,0,,0,0,0,,,,,0,,,,0,0,0,,,,,,,,,,,,,,,,,,,,,,,,,,,,,,,,,,,,,,,,,,,,,,,,,,,,,,,,,,,,,,,,,,,,,,,,,,,,,,,,,,,,,,,,,,,,
375,5000002873,2017,1,1,0,0,0,261,,GOLD,SD00,RM00,,,,,,,,,0,0,,H,USD,37116.89,0,37116.89,,,,150,G,150,G,150,G,,,,,0,,,0,X,,,,,,NA00,,,,,,,,,,,,2017,,,US00,,0,,0,0,0,,0,2,,,,,,,,,B,,,,0,,,,,0,0,0,,,,,0,,0,0,0,,,,,0,,,,0,0,0,,,,,,,,,,,,,,,,,,,,,,,,,,,,,,,,,,,,,,,,,,,,,,,,,,,,,,,,,,,,,,,,,,,,,,,,,,,,,,,,,,,,,,,,,,,,
375,5000002874,2017,1,1,0,0,0,261,,GOLD,SD00,RM00,,,,,,,,,0,0,,H,USD,201915.89,0,201915.89,,,,816,G,816,G,816,G,,,,,0,,,0,X,,,,,,NA00,,,,,,,,,,,,2017,,,US00,,0,,0,0,0,,0,2,,,,,,,,,B,,,,0,,,,,0,0,0,,,,,0,,0,0,0,,,,,0,,,,0,0,0,,,,,,,,,,,,,,,,,,,,,,,,,,,,,,,,,,,,,,,,,,,,,,,,,,,,,,,,,,,,,,,,,,,,,,,,,,,,,,,,,,,,,,,,,,,,
375,5000002875,2017,1,1,0,0,0,261,,GOLD,SD00,RM00,,,,,,,,,0,0,,H,USD,1191452.23,0,1191452.23,,,,4815,G,4815,G,4815,G,,,,,0,,,0,X,,,,,,NA00,,,,,,,,,,,,2017,,,US00,,0,,0,0,0,,0,2,,,,,,,,,B,,,,0,,,,,0,0,0,,,,,0,,0,0,0,,,,,0,,,,0,0,0,,,,,,,,,,,,,,,,,,,,,,,,,,,,,,,,,,,,,,,,,,,,,,,,,,,,,,,,,,,,,,,,,,,,,,,,,,,,,,,,,,,,,,,,,,,,
375,5000002876,2017,1,1,0,0,0,261,,GOLD,SD00,RM00,,,,,,,,,0,0,,H,USD,151436.92,0,151436.92,,,,612,G,612,G,612,G,,,,,0,,,0,X,,,,,,NA00,,,,,,,,,,,,2017,,,US00,,0,,0,0,0,,0,2,,,,,,,,,B,,,,0,,,,,0,0,0,,,,,0,,0,0,0,,,,,0,,,,0,0,0,,,,,,,,,,,,,,,,,,,,,,,,,,,,,,,,,,,,,,,,,,,,,,,,,,,,,,,,,,,,,,,,,,,,,,,,,,,,,,,,,,,,,,,,,,,,
375,5000002877,2017,1,1,0,0,0,261,,GOLD,SD00,RM00,,,,,,,,,0,0,,H,USD,141044.19,0,141044.19,,,,570,G,570,G,570,G,,,,,0,,,0,X,,,,,,NA00,,,,,,,,,,,,2017,,,US00,,0,,0,0,0,,0,2,,,,,,,,,B,,,,0,,,,,0,0,0,,,,,0,,0,0,0,,,,,0,,,,0,0,0,,,,,,,,,,,,,,,,,,,,,,,,,,,,,,,,,,,,,,,,,,,,,,,,,,,,,,,,,,,,,,,,,,,,,,,,,,,,,,,,,,,,,,,,,,,,
375,5000002878,2017,1,1,0,0,0,261,,GOLD,SD00,RM00,,,,,,,,,0,0,,H,USD,443918.03,0,443918.03,,,,1794,G,1794,G,1794,G,,,,,0,,,0,X,,,,,,NA00,,,,,,,,,,,,2017,,,US00,,0,,0,0,0,,0,2,,,,,,,,,B,,,,0,,,,,0,0,0,,,,,0,,0,0,0,,,,,0,,,,0,0,0,,,,,,,,,,,,,,,,,,,,,,,,,,,,,,,,,,,,,,,,,,,,,,,,,,,,,,,,,,,,,,,,,,,,,,,,,,,,,,,,,,,,,,,,,,,,
375,5000002879,2017,1,1,0,0,0,261,,HEXNT,SD00,RM00,,,,,,,,,0,0,,H,USD,99885.78,0,99885.78,,,,81988,LB,81988,LB,81988,LB,,,,,0,,,0,X,,,,,,NA00,,,,,,,,,,,,2017,,,US00,,0,,0,0,0,,0,2,,,,,,,,,B,,,,0,,,,,0,0,0,,,,,0,,0,0,0,,,,,0,,,,0,0,0,,,,,,,,,,,,,,,,,,,,,,,,,,,,,,,,,,,,,,,,,,,,,,,,,,,,,,,,,,,,,,,,,,,,,,,,,,,,,,,,,,,,,,,,,,,,
375,5000002880,2017,1,1,0,0,0,261,,HEXNT,SD00,RM00,,,,,,,,,0,0,,H,USD,120856.34,0,120856.34,,,,99201,LB,99201,LB,99201,LB,,,,,0,,,0,X,,,,,,NA00,,,,,,,,,,,,2017,,,US00,,0,,0,0,0,,0,2,,,,,,,,,B,,,,0,,,,,0,0,0,,,,,0,,0,0,0,,,,,0,,,,0,0,0,,,,,,,,,,,,,,,,,,,,,,,,,,,,,,,,,,,,,,,,,,,,,,,,,,,,,,,,,,,,,,,,,,,,,,,,,,,,,,,,,,,,,,,,,,,,
375,5000002881,2017,1,1,0,0,0,261,,HEXNT,SD00,RM00,,,,,,,,,0,0,,H,USD,2855.69,0,2855.69,,,,2344,LB,2344,LB,2344,LB,,,,,0,,,0,X,,,,,,NA00,,,,,,,,,,,,2017,,,US00,,0,,0,0,0,,0,2,,,,,,,,,B,,,,0,,,,,0,0,0,,,,,0,,0,0,0,,,,,0,,,,0,0,0,,,,,,,,,,,,,,,,,,,,,,,,,,,,,,,,,,,,,,,,,,,,,,,,,,,,,,,,,,,,,,,,,,,,,,,,,,,,,,,,,,,,,,,,,,,,
375,5000002882,2017,1,1,0,0,0,261,,HEXNT,SD00,RM00,,,,,,,,,0,0,,H,USD,163982.85,0,163982.85,,,,134600,LB,134600,LB,134600,LB,,,,,0,,,0,X,,,,,,NA00,,,,,,,,,,,,2017,,,US00,,0,,0,0,0,,0,2,,,,,,,,,B,,,,0,,,,,0,0,0,,,,,0,,0,0,0,,,,,0,,,,0,0,0,,,,,,,,,,,,,,,,,,,,,,,,,,,,,,,,,,,,,,,,,,,,,,,,,,,,,,,,,,,,,,,,,,,,,,,,,,,,,,,,,,,,,,,,,,,,
375,5000002883,2017,1,1,0,0,0,261,,ICAN HEADMASK,SD00,RM00,,,,,,,,,0,0,,H,USD,30622.01,0,30622.01,,,,16,EA,16,EA,16,EA,,,,,0,,,0,X,,,,,,NA00,,,,,,,,,,,,2017,,,US00,,0,,0,0,0,,0,2,,,,,,,,,B,,,,0,,,,,0,0,0,,,,,0,,0,0,0,,,,,0,,,,0,0,0,,,,,,,,,,,,,,,,,,,,,,,,,,,,,,,,,,,,,,,,,,,,,,,,,,,,,,,,,,,,,,,,,,,,,,,,,,,,,,,,,,,,,,,,,,,,
375,5000002884,2017,1,1,0,0,0,261,,ICAN HEADMASK,SD00,RM00,,,,,,,,,0,0,,H,USD,114832.54,0,114832.54,,,,60,EA,60,EA,60,EA,,,,,0,,,0,X,,,,,,NA00,,,,,,,,,,,,2017,,,US00,,0,,0,0,0,,0,2,,,,,,,,,B,,,,0,,,,,0,0,0,,,,,0,,0,0,0,,,,,0,,,,0,0,0,,,,,,,,,,,,,,,,,,,,,,,,,,,,,,,,,,,,,,,,,,,,,,,,,,,,,,,,,,,,,,,,,,,,,,,,,,,,,,,,,,,,,,,,,,,,
375,5000002885,2017,1,1,0,0,0,261,,ICAN HEADMASK,SD00,RM00,,,,,,,,,0,0,,H,USD,197129.19,0,197129.19,,,,103,EA,103,EA,103,EA,,,,,0,,,0,X,,,,,,NA00,,,,,,,,,,,,2017,,,US00,,0,,0,0,0,,0,2,,,,,,,,,B,,,,0,,,,,0,0,0,,,,,0,,0,0,0,,,,,0,,,,0,0,0,,,,,,,,,,,,,,,,,,,,,,,,,,,,,,,,,,,,,,,,,,,,,,,,,,,,,,,,,,,,,,,,,,,,,,,,,,,,,,,,,,,,,,,,,,,,
375,5000002886,2017,1,1,0,0,0,261,,ICAN HEADMASK,SD00,RM00,,,,,,,,,0,0,,H,USD,17224.88,0,17224.88,,,,9,EA,9,EA,9,EA,,,,,0,,,0,X,,,,,,NA00,,,,,,,,,,,,2017,,,US00,,0,,0,0,0,,0,2,,,,,,,,,B,,,,0,,,,,0,0,0,,,,,0,,0,0,0,,,,,0,,,,0,0,0,,,,,,,,,,,,,,,,,,,,,,,,,,,,,,,,,,,,,,,,,,,,,,,,,,,,,,,,,,,,,,,,,,,,,,,,,,,,,,,,,,,,,,,,,,,,
375,5000002887,2017,1,1,0,0,0,261,,ICAN HEADMASK,SD00,RM00,,,,,,,,,0,0,,H,USD,355980.86,0,355980.86,,,,186,EA,186,EA,186,EA,,,,,0,,,0,X,,,,,,NA00,,,,,,,,,,,,2017,,,US00,,0,,0,0,0,,0,2,,,,,,,,,B,,,,0,,,,,0,0,0,,,,,0,,0,0,0,,,,,0,,,,0,0,0,,,,,,,,,,,,,,,,,,,,,,,,,,,,,,,,,,,,,,,,,,,,,,,,,,,,,,,,,,,,,,,,,,,,,,,,,,,,,,,,,,,,,,,,,,,,
375,5000002888,2017,1,1,0,0,0,261,,ICAN HEADMASK,SD00,RM00,,,,,,,,,0,0,,H,USD,352153.11,0,352153.11,,,,184,EA,184,EA,184,EA,,,,,0,,,0,X,,,,,,NA00,,,,,,,,,,,,2017,,,US00,,0,,0,0,0,,0,2,,,,,,,,,B,,,,0,,,,,0,0,0,,,,,0,,0,0,0,,,,,0,,,,0,0,0,,,,,,,,,,,,,,,,,,,,,,,,,,,,,,,,,,,,,,,,,,,,,,,,,,,,,,,,,,,,,,,,,,,,,,,,,,,,,,,,,,,,,,,,,,,,
375,5000002889,2017,1,1,0,0,0,261,,ICAN HEADMASK,SD00,RM00,,,,,,,,,0,0,,H,USD,5741.63,0,5741.63,,,,3,EA,3,EA,3,EA,,,,,0,,,0,X,,,,,,NA00,,,,,,,,,,,,2017,,,US00,,0,,0,0,0,,0,2,,,,,,,,,B,,,,0,,,,,0,0,0,,,,,0,,0,0,0,,,,,0,,,,0,0,0,,,,,,,,,,,,,,,,,,,,,,,,,,,,,,,,,,,,,,,,,,,,,,,,,,,,,,,,,,,,,,,,,,,,,,,,,,,,,,,,,,,,,,,,,,,,
375,5000002890,2017,1,1,0,0,0,261,,ICAN HEADMASK,SD00,RM00,,,,,,,,,0,0,,H,USD,650717.70,0,650717.70,,,,340,EA,340,EA,340,EA,,,,,0,,,0,X,,,,,,NA00,,,,,,,,,,,,2017,,,US00,,0,,0,0,0,,0,2,,,,,,,,,B,,,,0,,,,,0,0,0,,,,,0,,0,0,0,,,,,0,,,,0,0,0,,,,,,,,,,,,,,,,,,,,,,,,,,,,,,,,,,,,,,,,,,,,,,,,,,,,,,,,,,,,,,,,,,,,,,,,,,,,,,,,,,,,,,,,,,,,
375,5000002891,2017,1,1,0,0,0,261,,IRON,SD00,RM00,,,,,,,,,0,0,,H,USD,1908.29,0,1908.29,,,,1879,LB,1879,LB,1879,LB,,,,,0,,,0,X,,,,,,NA00,,,,,,,,,,,,2017,,,US00,,0,,0,0,0,,0,2,,,,,,,,,B,,,,0,,,,,0,0,0,,,,,0,,0,0,0,,,,,0,,,,0,0,0,,,,,,,,,,,,,,,,,,,,,,,,,,,,,,,,,,,,,,,,,,,,,,,,,,,,,,,,,,,,,,,,,,,,,,,,,,,,,,,,,,,,,,,,,,,,
375,5000002892,2017,1,1,0,0,0,261,,IRON,SD00,RM00,,,,,,,,,0,0,,H,USD,3473.31,0,3473.31,,,,3420,LB,3420,LB,3420,LB,,,,,0,,,0,X,,,,,,NA00,,,,,,,,,,,,2017,,,US00,,0,,0,0,0,,0,2,,,,,,,,,B,,,,0,,,,,0,0,0,,,,,0,,0,0,0,,,,,0,,,,0,0,0,,,,,,,,,,,,,,,,,,,,,,,,,,,,,,,,,,,,,,,,,,,,,,,,,,,,,,,,,,,,,,,,,,,,,,,,,,,,,,,,,,,,,,,,,,,,
375,5000002893,2017,1,1,0,0,0,261,,IRON,SD00,RM00,,,,,,,,,0,0,,H,USD,582.95,0,582.95,,,,574,LB,574,LB,574,LB,,,,,0,,,0,X,,,,,,NA00,,,,,,,,,,,,2017,,,US00,,0,,0,0,0,,0,2,,,,,,,,,B,,,,0,,,,,0,0,0,,,,,0,,0,0,0,,,,,0,,,,0,0,0,,,,,,,,,,,,,,,,,,,,,,,,,,,,,,,,,,,,,,,,,,,,,,,,,,,,,,,,,,,,,,,,,,,,,,,,,,,,,,,,,,,,,,,,,,,,
375,5000002894,2017,1,1,0,0,0,261,,IRON,SD00,RM00,,,,,,,,,0,0,,H,USD,3644.94,0,3644.94,,,,3589,LB,3589,LB,3589,LB,,,,,0,,,0,X,,,,,,NA00,,,,,,,,,,,,2017,,,US00,,0,,0,0,0,,0,2,,,,,,,,,B,,,,0,,,,,0,0,0,,,,,0,,0,0,0,,,,,0,,,,0,0,0,,,,,,,,,,,,,,,,,,,,,,,,,,,,,,,,,,,,,,,,,,,,,,,,,,,,,,,,,,,,,,,,,,,,,,,,,,,,,,,,,,,,,,,,,,,,
375,5000002895,2017,1,1,0,0,0,261,,IRON,SD00,RM00,,,,,,,,,0,0,,H,USD,5003.80,0,5003.80,,,,4927,LB,4927,LB,4927,LB,,,,,0,,,0,X,,,,,,NA00,,,,,,,,,,,,2017,,,US00,,0,,0,0,0,,0,2,,,,,,,,,B,,,,0,,,,,0,0,0,,,,,0,,0,0,0,,,,,0,,,,0,0,0,,,,,,,,,,,,,,,,,,,,,,,,,,,,,,,,,,,,,,,,,,,,,,,,,,,,,,,,,,,,,,,,,,,,,,,,,,,,,,,,,,,,,,,,,,,,
375,5000002896,2017,1,1,0,0,0,261,,IRON,SD00,RM00,,,,,,,,,0,0,,H,USD,5070.83,0,5070.83,,,,4993,LB,4993,LB,4993,LB,,,,,0,,,0,X,,,,,,NA00,,,,,,,,,,,,2017,,,US00,,0,,0,0,0,,0,2,,,,,,,,,B,,,,0,,,,,0,0,0,,,,,0,,0,0,0,,,,,0,,,,0,0,0,,,,,,,,,,,,,,,,,,,,,,,,,,,,,,,,,,,,,,,,,,,,,,,,,,,,,,,,,,,,,,,,,,,,,,,,,,,,,,,,,,,,,,,,,,,,
375,5000002897,2017,1,1,0,0,0,261,,IRON,SD00,RM00,,,,,,,,,0,0,,H,USD,370.69,0,370.69,,,,365,LB,365,LB,365,LB,,,,,0,,,0,X,,,,,,NA00,,,,,,,,,,,,2017,,,US00,,0,,0,0,0,,0,2,,,,,,,,,B,,,,0,,,,,0,0,0,,,,,0,,0,0,0,,,,,0,,,,0,0,0,,,,,,,,,,,,,,,,,,,,,,,,,,,,,,,,,,,,,,,,,,,,,,,,,,,,,,,,,,,,,,,,,,,,,,,,,,,,,,,,,,,,,,,,,,,,
375,5000002898,2017,1,1,0,0,0,261,,IRON,SD00,RM00,,,,,,,,,0,0,,H,USD,670.29,0,670.29,,,,660,LB,660,LB,660,LB,,,,,0,,,0,X,,,,,,NA00,,,,,,,,,,,,2017,,,US00,,0,,0,0,0,,0,2,,,,,,,,,B,,,,0,,,,,0,0,0,,,,,0,,0,0,0,,,,,0,,,,0,0,0,,,,,,,,,,,,,,,,,,,,,,,,,,,,,,,,,,,,,,,,,,,,,,,,,,,,,,,,,,,,,,,,,,,,,,,,,,,,,,,,,,,,,,,,,,,,
375,5000002899,2017,1,1,0,0,0,261,,KRYPTONITE,SD00,RM00,,,,,,,,,0,0,,H,USD,1722513.79,0,1722513.79,,,,70835,LB,70835,LB,70835,LB,,,,,0,,,0,X,,,,,,NA00,,,,,,,,,,,,2017,,,US00,,0,,0,0,0,,0,2,,,,,,,,,B,,,,0,,,,,0,0,0,,,,,0,,0,0,0,,,,,0,,,,0,0,0,,,,,,,,,,,,,,,,,,,,,,,,,,,,,,,,,,,,,,,,,,,,,,,,,,,,,,,,,,,,,,,,,,,,,,,,,,,,,,,,,,,,,,,,,,,,
375,5000002900,2017,1,1,0,0,0,261,,KRYPTONITE,SD00,RM00,,,,,,,,,0,0,,H,USD,3271159.10,0,3271159.10,,,,134520,LB,134520,LB,134520,LB,,,,,0,,,0,X,,,,,,NA00,,,,,,,,,,,,2017,,,US00,,0,,0,0,0,,0,2,,,,,,,,,B,,,,0,,,,,0,0,0,,,,,0,,0,0,0,,,,,0,,,,0,0,0,,,,,,,,,,,,,,,,,,,,,,,,,,,,,,,,,,,,,,,,,,,,,,,,,,,,,,,,,,,,,,,,,,,,,,,,,,,,,,,,,,,,,,,,,,,,
375,5000002901,2017,1,1,0,0,0,261,,KRYPTONITE,SD00,RM00,,,,,,,,,0,0,,H,USD,4166982.99,0,4166982.99,,,,171359,LB,171359,LB,171359,LB,,,,,0,,,0,X,,,,,,NA00,,,,,,,,,,,,2017,,,US00,,0,,0,0,0,,0,2,,,,,,,,,B,,,,0,,,,,0,0,0,,,,,0,,0,0,0,,,,,0,,,,0,0,0,,,,,,,,,,,,,,,,,,,,,,,,,,,,,,,,,,,,,,,,,,,,,,,,,,,,,,,,,,,,,,,,,,,,,,,,,,,,,,,,,,,,,,,,,,,,
375,5000002902,2017,1,1,0,0,0,261,,KRYPTONITE,SD00,RM00,,,,,,,,,0,0,,H,USD,4715896.72,0,4715896.72,,,,193932,LB,193932,LB,193932,LB,,,,,0,,,0,X,,,,,,NA00,,,,,,,,,,,,2017,,,US00,,0,,0,0,0,,0,2,,,,,,,,,B,,,,0,,,,,0,0,0,,,,,0,,0,0,0,,,,,0,,,,0,0,0,,,,,,,,,,,,,,,,,,,,,,,,,,,,,,,,,,,,,,,,,,,,,,,,,,,,,,,,,,,,,,,,,,,,,,,,,,,,,,,,,,,,,,,,,,,,
375,5000002903,2017,1,1,0,0,0,261,,KRYPTONITE,SD00,RM00,,,,,,,,,0,0,,H,USD,4570260.59,0,4570260.59,,,,187943,LB,187943,LB,187943,LB,,,,,0,,,0,X,,,,,,NA00,,,,,,,,,,,,2017,,,US00,,0,,0,0,0,,0,2,,,,,,,,,B,,,,0,,,,,0,0,0,,,,,0,,0,0,0,,,,,0,,,,0,0,0,,,,,,,,,,,,,,,,,,,,,,,,,,,,,,,,,,,,,,,,,,,,,,,,,,,,,,,,,,,,,,,,,,,,,,,,,,,,,,,,,,,,,,,,,,,,
375,5000002904,2017,1,1,0,0,0,261,,KRYPTONITE,SD00,RM00,,,,,,,,,0,0,,H,USD,2053715.00,0,2053715.00,,,,84455,LB,84455,LB,84455,LB,,,,,0,,,0,X,,,,,,NA00,,,,,,,,,,,,2017,,,US00,,0,,0,0,0,,0,2,,,,,,,,,B,,,,0,,,,,0,0,0,,,,,0,,0,0,0,,,,,0,,,,0,0,0,,,,,,,,,,,,,,,,,,,,,,,,,,,,,,,,,,,,,,,,,,,,,,,,,,,,,,,,,,,,,,,,,,,,,,,,,,,,,,,,,,,,,,,,,,,,
375,5000002905,2017,1,1,0,0,0,261,,KRYPTONITE,SD00,RM00,,,,,,,,,0,0,,H,USD,1538967.04,0,1538967.04,,,,63287,LB,63287,LB,63287,LB,,,,,0,,,0,X,,,,,,NA00,,,,,,,,,,,,2017,,,US00,,0,,0,0,0,,0,2,,,,,,,,,B,,,,0,,,,,0,0,0,,,,,0,,0,0,0,,,,,0,,,,0,0,0,,,,,,,,,,,,,,,,,,,,,,,,,,,,,,,,,,,,,,,,,,,,,,,,,,,,,,,,,,,,,,,,,,,,,,,,,,,,,,,,,,,,,,,,,,,,
375,5000002906,2017,1,1,0,0,0,261,,LIQUID,SD00,RM00,,,,,,,,,0,0,,H,USD,2741.94,0,2741.94,,,,25,FOZ,25,FOZ,25,FOZ,,,,,0,,,0,X,,,,,,NA00,,,,,,,,,,,,2017,,,US00,,0,,0,0,0,,0,2,,,,,,,,,B,,,,0,,,,,0,0,0,,,,,0,,0,0,0,,,,,0,,,,0,0,0,,,,,,,,,,,,,,,,,,,,,,,,,,,,,,,,,,,,,,,,,,,,,,,,,,,,,,,,,,,,,,,,,,,,,,,,,,,,,,,,,,,,,,,,,,,,
375,5000002907,2017,1,1,0,0,0,261,,LIQUID,SD00,RM00,,,,,,,,,0,0,,H,USD,2741.94,0,2741.94,,,,25,FOZ,25,FOZ,25,FOZ,,,,,0,,,0,X,,,,,,NA00,,,,,,,,,,,,2017,,,US00,,0,,0,0,0,,0,2,,,,,,,,,B,,,,0,,,,,0,0,0,,,,,0,,0,0,0,,,,,0,,,,0,0,0,,,,,,,,,,,,,,,,,,,,,,,,,,,,,,,,,,,,,,,,,,,,,,,,,,,,,,,,,,,,,,,,,,,,,,,,,,,,,,,,,,,,,,,,,,,,
375,5000002908,2017,1,1,0,0,0,261,,LIQUID,SD00,RM00,,,,,,,,,0,0,,H,USD,12283.87,0,12283.87,,,,112,FOZ,112,FOZ,112,FOZ,,,,,0,,,0,X,,,,,,NA00,,,,,,,,,,,,2017,,,US00,,0,,0,0,0,,0,2,,,,,,,,,B,,,,0,,,,,0,0,0,,,,,0,,0,0,0,,,,,0,,,,0,0,0,,,,,,,,,,,,,,,,,,,,,,,,,,,,,,,,,,,,,,,,,,,,,,,,,,,,,,,,,,,,,,,,,,,,,,,,,,,,,,,,,,,,,,,,,,,,
375,5000002909,2017,1,1,0,0,0,261,,MAGICDUST,SD00,RM00,,,,,,,,,0,0,,H,USD,28435.66,0,28435.66,,,,2603,LB,2603,LB,2603,LB,,,,,0,,,0,X,,,,,,NA00,,,,,,,,,,,,2017,,,US00,,0,,0,0,0,,0,2,,,,,,,,,B,,,,0,,,,,0,0,0,,,,,0,,0,0,0,,,,,0,,,,0,0,0,,,,,,,,,,,,,,,,,,,,,,,,,,,,,,,,,,,,,,,,,,,,,,,,,,,,,,,,,,,,,,,,,,,,,,,,,,,,,,,,,,,,,,,,,,,,
375,5000002910,2017,1,1,0,0,0,261,,MAGICDUST,SD00,RM00,,,,,,,,,0,0,,H,USD,74437.40,0,74437.40,,,,6814,LB,6814,LB,6814,LB,,,,,0,,,0,X,,,,,,NA00,,,,,,,,,,,,2017,,,US00,,0,,0,0,0,,0,2,,,,,,,,,B,,,,0,,,,,0,0,0,,,,,0,,0,0,0,,,,,0,,,,0,0,0,,,,,,,,,,,,,,,,,,,,,,,,,,,,,,,,,,,,,,,,,,,,,,,,,,,,,,,,,,,,,,,,,,,,,,,,,,,,,,,,,,,,,,,,,,,,
375,5000002911,2017,1,1,0,0,0,261,,MAGICDUST,SD00,RM00,,,,,,,,,0,0,,H,USD,135678.39,0,135678.39,,,,12420,LB,12420,LB,12420,LB,,,,,0,,,0,X,,,,,,NA00,,,,,,,,,,,,2017,,,US00,,0,,0,0,0,,0,2,,,,,,,,,B,,,,0,,,,,0,0,0,,,,,0,,0,0,0,,,,,0,,,,0,0,0,,,,,,,,,,,,,,,,,,,,,,,,,,,,,,,,,,,,,,,,,,,,,,,,,,,,,,,,,,,,,,,,,,,,,,,,,,,,,,,,,,,,,,,,,,,,
375,5000002912,2017,1,1,0,0,0,261,,MAGICDUST,SD00,RM00,,,,,,,,,0,0,,H,USD,49934.45,0,49934.45,,,,4571,LB,4571,LB,4571,LB,,,,,0,,,0,X,,,,,,NA00,,,,,,,,,,,,2017,,,US00,,0,,0,0,0,,0,2,,,,,,,,,B,,,,0,,,,,0,0,0,,,,,0,,0,0,0,,,,,0,,,,0,0,0,,,,,,,,,,,,,,,,,,,,,,,,,,,,,,,,,,,,,,,,,,,,,,,,,,,,,,,,,,,,,,,,,,,,,,,,,,,,,,,,,,,,,,,,,,,,
375,5000002913,2017,1,1,0,0,0,261,,MAGICDUST,SD00,RM00,,,,,,,,,0,0,,H,USD,85383.44,0,85383.44,,,,7816,LB,7816,LB,7816,LB,,,,,0,,,0,X,,,,,,NA00,,,,,,,,,,,,2017,,,US00,,0,,0,0,0,,0,2,,,,,,,,,B,,,,0,,,,,0,0,0,,,,,0,,0,0,0,,,,,0,,,,0,0,0,,,,,,,,,,,,,,,,,,,,,,,,,,,,,,,,,,,,,,,,,,,,,,,,,,,,,,,,,,,,,,,,,,,,,,,,,,,,,,,,,,,,,,,,,,,,
375,5000002914,2017,1,1,0,0,0,261,,MAGICDUST,SD00,RM00,,,,,,,,,0,0,,H,USD,28796.15,0,28796.15,,,,2636,LB,2636,LB,2636,LB,,,,,0,,,0,X,,,,,,NA00,,,,,,,,,,,,2017,,,US00,,0,,0,0,0,,0,2,,,,,,,,,B,,,,0,,,,,0,0,0,,,,,0,,0,0,0,,,,,0,,,,0,0,0,,,,,,,,,,,,,,,,,,,,,,,,,,,,,,,,,,,,,,,,,,,,,,,,,,,,,,,,,,,,,,,,,,,,,,,,,,,,,,,,,,,,,,,,,,,,
375,5000002915,2017,1,1,0,0,0,261,,ORANGE,SD00,RM00,,,,,,,,,0,0,,H,USD,2725629.44,0,2725629.44,,,,8444,TO,8444,TO,8444,TO,,,,,0,,,0,X,,,,,,NA00,,,,,,,,,,,,2017,,,US00,,0,,0,0,0,,0,2,,,,,,,,,B,,,,0,,,,,0,0,0,,,,,0,,0,0,0,,,,,0,,,,0,0,0,,,,,,,,,,,,,,,,,,,,,,,,,,,,,,,,,,,,,,,,,,,,,,,,,,,,,,,,,,,,,,,,,,,,,,,,,,,,,,,,,,,,,,,,,,,,
375,5000002916,2017,1,1,0,0,0,261,,ORANGE,SD00,RM00,,,,,,,,,0,0,,H,USD,254034.86,0,254034.86,,,,787,TO,787,TO,787,TO,,,,,0,,,0,X,,,,,,NA00,,,,,,,,,,,,2017,,,US00,,0,,0,0,0,,0,2,,,,,,,,,B,,,,0,,,,,0,0,0,,,,,0,,0,0,0,,,,,0,,,,0,0,0,,,,,,,,,,,,,,,,,,,,,,,,,,,,,,,,,,,,,,,,,,,,,,,,,,,,,,,,,,,,,,,,,,,,,,,,,,,,,,,,,,,,,,,,,,,,
375,5000002917,2017,1,1,0,0,0,261,,ORANGE,SD00,RM00,,,,,,,,,0,0,,H,USD,1140090.38,0,1140090.38,,,,3532,TO,3532,TO,3532,TO,,,,,0,,,0,X,,,,,,NA00,,,,,,,,,,,,2017,,,US00,,0,,0,0,0,,0,2,,,,,,,,,B,,,,0,,,,,0,0,0,,,,,0,,0,0,0,,,,,0,,,,0,0,0,,,,,,,,,,,,,,,,,,,,,,,,,,,,,,,,,,,,,,,,,,,,,,,,,,,,,,,,,,,,,,,,,,,,,,,,,,,,,,,,,,,,,,,,,,,,
375,5000002918,2017,1,1,0,0,0,261,,ORANGE,SD00,RM00,,,,,,,,,0,0,,H,USD,1916074.89,0,1916074.89,,,,5936,TO,5936,TO,5936,TO,,,,,0,,,0,X,,,,,,NA00,,,,,,,,,,,,2017,,,US00,,0,,0,0,0,,0,2,,,,,,,,,B,,,,0,,,,,0,0,0,,,,,0,,0,0,0,,,,,0,,,,0,0,0,,,,,,,,,,,,,,,,,,,,,,,,,,,,,,,,,,,,,,,,,,,,,,,,,,,,,,,,,,,,,,,,,,,,,,,,,,,,,,,,,,,,,,,,,,,,
375,5000002919,2017,1,1,0,0,0,261,,ORANGE,SD00,RM00,,,,,,,,,0,0,,H,USD,3334732.09,0,3334732.09,,,,10331,TO,10331,TO,10331,TO,,,,,0,,,0,X,,,,,,NA00,,,,,,,,,,,,2017,,,US00,,0,,0,0,0,,0,2,,,,,,,,,B,,,,0,,,,,0,0,0,,,,,0,,0,0,0,,,,,0,,,,0,0,0,,,,,,,,,,,,,,,,,,,,,,,,,,,,,,,,,,,,,,,,,,,,,,,,,,,,,,,,,,,,,,,,,,,,,,,,,,,,,,,,,,,,,,,,,,,,
375,5000002920,2017,1,1,0,0,0,261,,ORANGE,SD00,RM00,,,,,,,,,0,0,,H,USD,1265655.26,0,1265655.26,,,,3921,TO,3921,TO,3921,TO,,,,,0,,,0,X,,,,,,NA00,,,,,,,,,,,,2017,,,US00,,0,,0,0,0,,0,2,,,,,,,,,B,,,,0,,,,,0,0,0,,,,,0,,0,0,0,,,,,0,,,,0,0,0,,,,,,,,,,,,,,,,,,,,,,,,,,,,,,,,,,,,,,,,,,,,,,,,,,,,,,,,,,,,,,,,,,,,,,,,,,,,,,,,,,,,,,,,,,,,
375,5000002921,2017,1,1,0,0,0,261,,ORANGE,SD00,RM00,,,,,,,,,0,0,,H,USD,60684.31,0,60684.31,,,,188,TO,188,TO,188,TO,,,,,0,,,0,X,,,,,,NA00,,,,,,,,,,,,2017,,,US00,,0,,0,0,0,,0,2,,,,,,,,,B,,,,0,,,,,0,0,0,,,,,0,,0,0,0,,,,,0,,,,0,0,0,,,,,,,,,,,,,,,,,,,,,,,,,,,,,,,,,,,,,,,,,,,,,,,,,,,,,,,,,,,,,,,,,,,,,,,,,,,,,,,,,,,,,,,,,,,,
375,5000002922,2017,1,1,0,0,0,261,,ORANGE,SD00,RM00,,,,,,,,,0,0,,H,USD,694318.92,0,694318.92,,,,2151,TO,2151,TO,2151,TO,,,,,0,,,0,X,,,,,,NA00,,,,,,,,,,,,2017,,,US00,,0,,0,0,0,,0,2,,,,,,,,,B,,,,0,,,,,0,0,0,,,,,0,,0,0,0,,,,,0,,,,0,0,0,,,,,,,,,,,,,,,,,,,,,,,,,,,,,,,,,,,,,,,,,,,,,,,,,,,,,,,,,,,,,,,,,,,,,,,,,,,,,,,,,,,,,,,,,,,,
375,5000002923,2017,1,1,0,0,0,261,,PALLADIUM,SD00,RM00,,,,,,,,,0,0,,H,USD,582.04,0,582.04,,,,94,G,94,G,94,G,,,,,0,,,0,X,,,,,,NA00,,,,,,,,,,,,2017,,,US00,,0,,0,0,0,,0,2,,,,,,,,,B,,,,0,,,,,0,0,0,,,,,0,,0,0,0,,,,,0,,,,0,0,0,,,,,,,,,,,,,,,,,,,,,,,,,,,,,,,,,,,,,,,,,,,,,,,,,,,,,,,,,,,,,,,,,,,,,,,,,,,,,,,,,,,,,,,,,,,,
375,5000002924,2017,1,1,0,0,0,261,,PALLADIUM,SD00,RM00,,,,,,,,,0,0,,H,USD,4408.67,0,4408.67,,,,712,G,712,G,712,G,,,,,0,,,0,X,,,,,,NA00,,,,,,,,,,,,2017,,,US00,,0,,0,0,0,,0,2,,,,,,,,,B,,,,0,,,,,0,0,0,,,,,0,,0,0,0,,,,,0,,,,0,0,0,,,,,,,,,,,,,,,,,,,,,,,,,,,,,,,,,,,,,,,,,,,,,,,,,,,,,,,,,,,,,,,,,,,,,,,,,,,,,,,,,,,,,,,,,,,,
375,5000002925,2017,1,1,0,0,0,261,,PALLADIUM,SD00,RM00,,,,,,,,,0,0,,H,USD,3659.44,0,3659.44,,,,591,G,591,G,591,G,,,,,0,,,0,X,,,,,,NA00,,,,,,,,,,,,2017,,,US00,,0,,0,0,0,,0,2,,,,,,,,,B,,,,0,,,,,0,0,0,,,,,0,,0,0,0,,,,,0,,,,0,0,0,,,,,,,,,,,,,,,,,,,,,,,,,,,,,,,,,,,,,,,,,,,,,,,,,,,,,,,,,,,,,,,,,,,,,,,,,,,,,,,,,,,,,,,,,,,,
375,5000002926,2017,1,1,0,0,0,261,,PAPER,SD00,RM00,,,,,,,,,0,0,,H,USD,7.95,0,7.95,,,,5,LB,5,LB,5,LB,,,,,0,,,0,X,,,,,,NA00,,,,,,,,,,,,2017,,,US00,,0,,0,0,0,,0,2,,,,,,,,,B,,,,0,,,,,0,0,0,,,,,0,,0,0,0,,,,,0,,,,0,0,0,,,,,,,,,,,,,,,,,,,,,,,,,,,,,,,,,,,,,,,,,,,,,,,,,,,,,,,,,,,,,,,,,,,,,,,,,,,,,,,,,,,,,,,,,,,,
375,5000002927,2017,1,1,0,0,0,261,,PAPER,SD00,RM00,,,,,,,,,0,0,,H,USD,4.77,0,4.77,,,,3,LB,3,LB,3,LB,,,,,0,,,0,X,,,,,,NA00,,,,,,,,,,,,2017,,,US00,,0,,0,0,0,,0,2,,,,,,,,,B,,,,0,,,,,0,0,0,,,,,0,,0,0,0,,,,,0,,,,0,0,0,,,,,,,,,,,,,,,,,,,,,,,,,,,,,,,,,,,,,,,,,,,,,,,,,,,,,,,,,,,,,,,,,,,,,,,,,,,,,,,,,,,,,,,,,,,,
375,5000002928,2017,1,1,0,0,0,261,,PAPER,SD00,RM00,,,,,,,,,0,0,,H,USD,4.77,0,4.77,,,,3,LB,3,LB,3,LB,,,,,0,,,0,X,,,,,,NA00,,,,,,,,,,,,2017,,,US00,,0,,0,0,0,,0,2,,,,,,,,,B,,,,0,,,,,0,0,0,,,,,0,,0,0,0,,,,,0,,,,0,0,0,,,,,,,,,,,,,,,,,,,,,,,,,,,,,,,,,,,,,,,,,,,,,,,,,,,,,,,,,,,,,,,,,,,,,,,,,,,,,,,,,,,,,,,,,,,,
375,5000002929,2017,1,1,0,0,0,261,,PAPER,SD00,RM00,,,,,,,,,0,0,,H,USD,1.59,0,1.59,,,,1,LB,1,LB,1,LB,,,,,0,,,0,X,,,,,,NA00,,,,,,,,,,,,2017,,,US00,,0,,0,0,0,,0,2,,,,,,,,,B,,,,0,,,,,0,0,0,,,,,0,,0,0,0,,,,,0,,,,0,0,0,,,,,,,,,,,,,,,,,,,,,,,,,,,,,,,,,,,,,,,,,,,,,,,,,,,,,,,,,,,,,,,,,,,,,,,,,,,,,,,,,,,,,,,,,,,,
375,5000002930,2017,1,1,0,0,0,261,,PAPER,SD00,RM00,,,,,,,,,0,0,,H,USD,1.59,0,1.59,,,,1,LB,1,LB,1,LB,,,,,0,,,0,X,,,,,,NA00,,,,,,,,,,,,2017,,,US00,,0,,0,0,0,,0,2,,,,,,,,,B,,,,0,,,,,0,0,0,,,,,0,,0,0,0,,,,,0,,,,0,0,0,,,,,,,,,,,,,,,,,,,,,,,,,,,,,,,,,,,,,,,,,,,,,,,,,,,,,,,,,,,,,,,,,,,,,,,,,,,,,,,,,,,,,,,,,,,,
375,5000002931,2017,1,1,0,0,0,261,,PAPER,SD00,RM00,,,,,,,,,0,0,,H,USD,3.18,0,3.18,,,,2,LB,2,LB,2,LB,,,,,0,,,0,X,,,,,,NA00,,,,,,,,,,,,2017,,,US00,,0,,0,0,0,,0,2,,,,,,,,,B,,,,0,,,,,0,0,0,,,,,0,,0,0,0,,,,,0,,,,0,0,0,,,,,,,,,,,,,,,,,,,,,,,,,,,,,,,,,,,,,,,,,,,,,,,,,,,,,,,,,,,,,,,,,,,,,,,,,,,,,,,,,,,,,,,,,,,,
375,5000002932,2017,1,1,0,0,0,261,,PAPER,SD00,RM00,,,,,,,,,0,0,,H,USD,1.59,0,1.59,,,,1,LB,1,LB,1,LB,,,,,0,,,0,X,,,,,,NA00,,,,,,,,,,,,2017,,,US00,,0,,0,0,0,,0,2,,,,,,,,,B,,,,0,,,,,0,0,0,,,,,0,,0,0,0,,,,,0,,,,0,0,0,,,,,,,,,,,,,,,,,,,,,,,,,,,,,,,,,,,,,,,,,,,,,,,,,,,,,,,,,,,,,,,,,,,,,,,,,,,,,,,,,,,,,,,,,,,,
375,5000002933,2017,1,1,0,0,0,261,,ROMANIAN RUBY,SD00,RM00,,,,,,,,,0,0,,H,USD,1061413.25,0,1061413.25,,,,102,G,102,G,102,G,,,,,0,,,0,X,,,,,,NA00,,,,,,,,,,,,2017,,,US00,,0,,0,0,0,,0,2,,,,,,,,,B,,,,0,,,,,0,0,0,,,,,0,,0,0,0,,,,,0,,,,0,0,0,,,,,,,,,,,,,,,,,,,,,,,,,,,,,,,,,,,,,,,,,,,,,,,,,,,,,,,,,,,,,,,,,,,,,,,,,,,,,,,,,,,,,,,,,,,,
375,5000002934,2017,1,1,0,0,0,261,,ROMANIAN RUBY,SD00,RM00,,,,,,,,,0,0,,H,USD,72842.09,0,72842.09,,,,7,G,7,G,7,G,,,,,0,,,0,X,,,,,,NA00,,,,,,,,,,,,2017,,,US00,,0,,0,0,0,,0,2,,,,,,,,,B,,,,0,,,,,0,0,0,,,,,0,,0,0,0,,,,,0,,,,0,0,0,,,,,,,,,,,,,,,,,,,,,,,,,,,,,,,,,,,,,,,,,,,,,,,,,,,,,,,,,,,,,,,,,,,,,,,,,,,,,,,,,,,,,,,,,,,,
375,5000002935,2017,1,1,0,0,0,261,,ROMANIAN RUBY,SD00,RM00,,,,,,,,,0,0,,H,USD,5463156.44,0,5463156.44,,,,525,G,525,G,525,G,,,,,0,,,0,X,,,,,,NA00,,,,,,,,,,,,2017,,,US00,,0,,0,0,0,,0,2,,,,,,,,,B,,,,0,,,,,0,0,0,,,,,0,,0,0,0,,,,,0,,,,0,0,0,,,,,,,,,,,,,,,,,,,,,,,,,,,,,,,,,,,,,,,,,,,,,,,,,,,,,,,,,,,,,,,,,,,,,,,,,,,,,,,,,,,,,,,,,,,,
375,5000002936,2017,1,1,0,0,0,261,,ROMANIAN RUBY,SD00,RM00,,,,,,,,,0,0,,H,USD,124872.15,0,124872.15,,,,12,G,12,G,12,G,,,,,0,,,0,X,,,,,,NA00,,,,,,,,,,,,2017,,,US00,,0,,0,0,0,,0,2,,,,,,,,,B,,,,0,,,,,0,0,0,,,,,0,,0,0,0,,,,,0,,,,0,0,0,,,,,,,,,,,,,,,,,,,,,,,,,,,,,,,,,,,,,,,,,,,,,,,,,,,,,,,,,,,,,,,,,,,,,,,,,,,,,,,,,,,,,,,,,,,,
375,5000002937,2017,1,1,0,0,0,261,,ROMANIAN RUBY,SD00,RM00,,,,,,,,,0,0,,H,USD,2861653.37,0,2861653.37,,,,275,G,275,G,275,G,,,,,0,,,0,X,,,,,,NA00,,,,,,,,,,,,2017,,,US00,,0,,0,0,0,,0,2,,,,,,,,,B,,,,0,,,,,0,0,0,,,,,0,,0,0,0,,,,,0,,,,0,0,0,,,,,,,,,,,,,,,,,,,,,,,,,,,,,,,,,,,,,,,,,,,,,,,,,,,,,,,,,,,,,,,,,,,,,,,,,,,,,,,,,,,,,,,,,,,,
375,5000002938,2017,1,1,0,0,0,261,,ROMANIAN RUBY,SD00,RM00,,,,,,,,,0,0,,H,USD,1987548.34,0,1987548.34,,,,191,G,191,G,191,G,,,,,0,,,0,X,,,,,,NA00,,,,,,,,,,,,2017,,,US00,,0,,0,0,0,,0,2,,,,,,,,,B,,,,0,,,,,0,0,0,,,,,0,,0,0,0,,,,,0,,,,0,0,0,,,,,,,,,,,,,,,,,,,,,,,,,,,,,,,,,,,,,,,,,,,,,,,,,,,,,,,,,,,,,,,,,,,,,,,,,,,,,,,,,,,,,,,,,,,,
375,5000002939,2017,1,1,0,0,0,261,,ROMANIAN RUBY,SD00,RM00,,,,,,,,,0,0,,H,USD,4099968.83,0,4099968.83,,,,394,G,394,G,394,G,,,,,0,,,0,X,,,,,,NA00,,,,,,,,,,,,2017,,,US00,,0,,0,0,0,,0,2,,,,,,,,,B,,,,0,,,,,0,0,0,,,,,0,,0,0,0,,,,,0,,,,0,0,0,,,,,,,,,,,,,,,,,,,,,,,,,,,,,,,,,,,,,,,,,,,,,,,,,,,,,,,,,,,,,,,,,,,,,,,,,,,,,,,,,,,,,,,,,,,,
375,5000002940,2017,1,1,0,0,0,261,,ROMANIAN RUBY,SD00,RM00,,,,,,,,,0,0,,H,USD,582736.69,0,582736.69,,,,56,G,56,G,56,G,,,,,0,,,0,X,,,,,,NA00,,,,,,,,,,,,2017,,,US00,,0,,0,0,0,,0,2,,,,,,,,,B,,,,0,,,,,0,0,0,,,,,0,,0,0,0,,,,,0,,,,0,0,0,,,,,,,,,,,,,,,,,,,,,,,,,,,,,,,,,,,,,,,,,,,,,,,,,,,,,,,,,,,,,,,,,,,,,,,,,,,,,,,,,,,,,,,,,,,,
375,5000002941,2017,1,1,0,0,0,261,,ROSE ESSENTIAL OIL,SD00,RM00,,,,,,,,,0,0,,H,USD,3731.49,0,3731.49,,,,1224,L,1224,L,1224,L,,,,,0,,,0,X,,,,,,NA00,,,,,,,,,,,,2017,,,US00,,0,,0,0,0,,0,2,,,,,,,,,B,,,,0,,,,,0,0,0,,,,,0,,0,0,0,,,,,0,,,,0,0,0,,,,,,,,,,,,,,,,,,,,,,,,,,,,,,,,,,,,,,,,,,,,,,,,,,,,,,,,,,,,,,,,,,,,,,,,,,,,,,,,,,,,,,,,,,,,
375,5000002942,2017,1,1,0,0,0,261,,ROSE ESSENTIAL OIL,SD00,RM00,,,,,,,,,0,0,,H,USD,2755.94,0,2755.94,,,,904,L,904,L,904,L,,,,,0,,,0,X,,,,,,NA00,,,,,,,,,,,,2017,,,US00,,0,,0,0,0,,0,2,,,,,,,,,B,,,,0,,,,,0,0,0,,,,,0,,0,0,0,,,,,0,,,,0,0,0,,,,,,,,,,,,,,,,,,,,,,,,,,,,,,,,,,,,,,,,,,,,,,,,,,,,,,,,,,,,,,,,,,,,,,,,,,,,,,,,,,,,,,,,,,,,
375,5000002943,2017,1,1,0,0,0,261,,ROSE ESSENTIAL OIL,SD00,RM00,,,,,,,,,0,0,,H,USD,19980.56,0,19980.56,,,,6554,L,6554,L,6554,L,,,,,0,,,0,X,,,,,,NA00,,,,,,,,,,,,2017,,,US00,,0,,0,0,0,,0,2,,,,,,,,,B,,,,0,,,,,0,0,0,,,,,0,,0,0,0,,,,,0,,,,0,0,0,,,,,,,,,,,,,,,,,,,,,,,,,,,,,,,,,,,,,,,,,,,,,,,,,,,,,,,,,,,,,,,,,,,,,,,,,,,,,,,,,,,,,,,,,,,,
375,5000002944,2017,1,1,0,0,0,261,,ROSE ESSENTIAL OIL,SD00,RM00,,,,,,,,,0,0,,H,USD,2024.27,0,2024.27,,,,664,L,664,L,664,L,,,,,0,,,0,X,,,,,,NA00,,,,,,,,,,,,2017,,,US00,,0,,0,0,0,,0,2,,,,,,,,,B,,,,0,,,,,0,0,0,,,,,0,,0,0,0,,,,,0,,,,0,0,0,,,,,,,,,,,,,,,,,,,,,,,,,,,,,,,,,,,,,,,,,,,,,,,,,,,,,,,,,,,,,,,,,,,,,,,,,,,,,,,,,,,,,,,,,,,,
375,5000002945,2017,1,1,0,0,0,261,,RUBY,SD00,RM00,,,,,,,,,0,0,,H,USD,3026.91,0,3026.91,,,,27,G,27,G,27,G,,,,,0,,,0,X,,,,,,NA00,,,,,,,,,,,,2017,,,US00,,0,,0,0,0,,0,2,,,,,,,,,B,,,,0,,,,,0,0,0,,,,,0,,0,0,0,,,,,0,,,,0,0,0,,,,,,,,,,,,,,,,,,,,,,,,,,,,,,,,,,,,,,,,,,,,,,,,,,,,,,,,,,,,,,,,,,,,,,,,,,,,,,,,,,,,,,,,,,,,
375,5000002946,2017,1,1,0,0,0,261,,RUBY,SD00,RM00,,,,,,,,,0,0,,H,USD,43273.54,0,43273.54,,,,386,G,386,G,386,G,,,,,0,,,0,X,,,,,,NA00,,,,,,,,,,,,2017,,,US00,,0,,0,0,0,,0,2,,,,,,,,,B,,,,0,,,,,0,0,0,,,,,0,,0,0,0,,,,,0,,,,0,0,0,,,,,,,,,,,,,,,,,,,,,,,,,,,,,,,,,,,,,,,,,,,,,,,,,,,,,,,,,,,,,,,,,,,,,,,,,,,,,,,,,,,,,,,,,,,,
375,5000002947,2017,1,1,0,0,0,261,,RUBY,SD00,RM00,,,,,,,,,0,0,,H,USD,22197.31,0,22197.31,,,,198,G,198,G,198,G,,,,,0,,,0,X,,,,,,NA00,,,,,,,,,,,,2017,,,US00,,0,,0,0,0,,0,2,,,,,,,,,B,,,,0,,,,,0,0,0,,,,,0,,0,0,0,,,,,0,,,,0,0,0,,,,,,,,,,,,,,,,,,,,,,,,,,,,,,,,,,,,,,,,,,,,,,,,,,,,,,,,,,,,,,,,,,,,,,,,,,,,,,,,,,,,,,,,,,,,
375,5000002948,2017,1,1,0,0,0,261,,RUBY,SD00,RM00,,,,,,,,,0,0,,H,USD,2017.94,0,2017.94,,,,18,G,18,G,18,G,,,,,0,,,0,X,,,,,,NA00,,,,,,,,,,,,2017,,,US00,,0,,0,0,0,,0,2,,,,,,,,,B,,,,0,,,,,0,0,0,,,,,0,,0,0,0,,,,,0,,,,0,0,0,,,,,,,,,,,,,,,,,,,,,,,,,,,,,,,,,,,,,,,,,,,,,,,,,,,,,,,,,,,,,,,,,,,,,,,,,,,,,,,,,,,,,,,,,,,,
375,5000002949,2017,1,1,0,0,0,261,,RUBY,SD00,RM00,,,,,,,,,0,0,,H,USD,896.86,0,896.86,,,,8,G,8,G,8,G,,,,,0,,,0,X,,,,,,NA00,,,,,,,,,,,,2017,,,US00,,0,,0,0,0,,0,2,,,,,,,,,B,,,,0,,,,,0,0,0,,,,,0,,0,0,0,,,,,0,,,,0,0,0,,,,,,,,,,,,,,,,,,,,,,,,,,,,,,,,,,,,,,,,,,,,,,,,,,,,,,,,,,,,,,,,,,,,,,,,,,,,,,,,,,,,,,,,,,,,
375,5000002950,2017,1,1,0,0,0,261,,RUSSIAN RUBY,SD00,RM00,,,,,,,,,0,0,,H,USD,1779346.34,0,1779346.34,,,,572,G,572,G,572,G,,,,,0,,,0,X,,,,,,NA00,,,,,,,,,,,,2017,,,US00,,0,,0,0,0,,0,2,,,,,,,,,B,,,,0,,,,,0,0,0,,,,,0,,0,0,0,,,,,0,,,,0,0,0,,,,,,,,,,,,,,,,,,,,,,,,,,,,,,,,,,,,,,,,,,,,,,,,,,,,,,,,,,,,,,,,,,,,,,,,,,,,,,,,,,,,,,,,,,,,
375,5000002951,2017,1,1,0,0,0,261,,RUSSIAN RUBY,SD00,RM00,,,,,,,,,0,0,,H,USD,7257368.89,0,7257368.89,,,,2333,G,2333,G,2333,G,,,,,0,,,0,X,,,,,,NA00,,,,,,,,,,,,2017,,,US00,,0,,0,0,0,,0,2,,,,,,,,,B,,,,0,,,,,0,0,0,,,,,0,,0,0,0,,,,,0,,,,0,0,0,,,,,,,,,,,,,,,,,,,,,,,,,,,,,,,,,,,,,,,,,,,,,,,,,,,,,,,,,,,,,,,,,,,,,,,,,,,,,,,,,,,,,,,,,,,,
375,5000002952,2017,1,1,0,0,0,261,,RUSSIAN RUBY,SD00,RM00,,,,,,,,,0,0,,H,USD,2973872.55,0,2973872.55,,,,956,G,956,G,956,G,,,,,0,,,0,X,,,,,,NA00,,,,,,,,,,,,2017,,,US00,,0,,0,0,0,,0,2,,,,,,,,,B,,,,0,,,,,0,0,0,,,,,0,,0,0,0,,,,,0,,,,0,0,0,,,,,,,,,,,,,,,,,,,,,,,,,,,,,,,,,,,,,,,,,,,,,,,,,,,,,,,,,,,,,,,,,,,,,,,,,,,,,,,,,,,,,,,,,,,,
375,5000002953,2017,1,1,0,0,0,261,,RUSSIAN RUBY,SD00,RM00,,,,,,,,,0,0,,H,USD,2479264.04,0,2479264.04,,,,797,G,797,G,797,G,,,,,0,,,0,X,,,,,,NA00,,,,,,,,,,,,2017,,,US00,,0,,0,0,0,,0,2,,,,,,,,,B,,,,0,,,,,0,0,0,,,,,0,,0,0,0,,,,,0,,,,0,0,0,,,,,,,,,,,,,,,,,,,,,,,,,,,,,,,,,,,,,,,,,,,,,,,,,,,,,,,,,,,,,,,,,,,,,,,,,,,,,,,,,,,,,,,,,,,,
375,5000002954,2017,1,1,0,0,0,261,,RUSSIAN RUBY,SD00,RM00,,,,,,,,,0,0,,H,USD,1418499.88,0,1418499.88,,,,456,G,456,G,456,G,,,,,0,,,0,X,,,,,,NA00,,,,,,,,,,,,2017,,,US00,,0,,0,0,0,,0,2,,,,,,,,,B,,,,0,,,,,0,0,0,,,,,0,,0,0,0,,,,,0,,,,0,0,0,,,,,,,,,,,,,,,,,,,,,,,,,,,,,,,,,,,,,,,,,,,,,,,,,,,,,,,,,,,,,,,,,,,,,,,,,,,,,,,,,,,,,,,,,,,,
375,5000002955,2017,1,1,0,0,0,261,,SA SAPPHIRE,SD00,RM00,,,,,,,,,0,0,,H,USD,1680129.78,0,1680129.78,,,,552,G,552,G,552,G,,,,,0,,,0,X,,,,,,NA00,,,,,,,,,,,,2017,,,US00,,0,,0,0,0,,0,2,,,,,,,,,B,,,,0,,,,,0,0,0,,,,,0,,0,0,0,,,,,0,,,,0,0,0,,,,,,,,,,,,,,,,,,,,,,,,,,,,,,,,,,,,,,,,,,,,,,,,,,,,,,,,,,,,,,,,,,,,,,,,,,,,,,,,,,,,,,,,,,,,
375,5000002956,2017,1,1,0,0,0,261,,SA SAPPHIRE,SD00,RM00,,,,,,,,,0,0,,H,USD,2325397.01,0,2325397.01,,,,764,G,764,G,764,G,,,,,0,,,0,X,,,,,,NA00,,,,,,,,,,,,2017,,,US00,,0,,0,0,0,,0,2,,,,,,,,,B,,,,0,,,,,0,0,0,,,,,0,,0,0,0,,,,,0,,,,0,0,0,,,,,,,,,,,,,,,,,,,,,,,,,,,,,,,,,,,,,,,,,,,,,,,,,,,,,,,,,,,,,,,,,,,,,,,,,,,,,,,,,,,,,,,,,,,,
375,5000002957,2017,1,1,0,0,0,261,,SA SAPPHIRE,SD00,RM00,,,,,,,,,0,0,,H,USD,1509681.83,0,1509681.83,,,,496,G,496,G,496,G,,,,,0,,,0,X,,,,,,NA00,,,,,,,,,,,,2017,,,US00,,0,,0,0,0,,0,2,,,,,,,,,B,,,,0,,,,,0,0,0,,,,,0,,0,0,0,,,,,0,,,,0,0,0,,,,,,,,,,,,,,,,,,,,,,,,,,,,,,,,,,,,,,,,,,,,,,,,,,,,,,,,,,,,,,,,,,,,,,,,,,,,,,,,,,,,,,,,,,,,
375,5000002958,2017,1,1,0,0,0,261,,SA SAPPHIRE,SD00,RM00,,,,,,,,,0,0,,H,USD,1792747.17,0,1792747.17,,,,589,G,589,G,589,G,,,,,0,,,0,X,,,,,,NA00,,,,,,,,,,,,2017,,,US00,,0,,0,0,0,,0,2,,,,,,,,,B,,,,0,,,,,0,0,0,,,,,0,,0,0,0,,,,,0,,,,0,0,0,,,,,,,,,,,,,,,,,,,,,,,,,,,,,,,,,,,,,,,,,,,,,,,,,,,,,,,,,,,,,,,,,,,,,,,,,,,,,,,,,,,,,,,,,,,,
375,5000002959,2017,1,1,0,0,0,261,,SA SAPPHIRE,SD00,RM00,,,,,,,,,0,0,,H,USD,1911451.99,0,1911451.99,,,,628,G,628,G,628,G,,,,,0,,,0,X,,,,,,NA00,,,,,,,,,,,,2017,,,US00,,0,,0,0,0,,0,2,,,,,,,,,B,,,,0,,,,,0,0,0,,,,,0,,0,0,0,,,,,0,,,,0,0,0,,,,,,,,,,,,,,,,,,,,,,,,,,,,,,,,,,,,,,,,,,,,,,,,,,,,,,,,,,,,,,,,,,,,,,,,,,,,,,,,,,,,,,,,,,,,
375,5000002960,2017,1,1,0,0,0,261,,SA SAPPHIRE,SD00,RM00,,,,,,,,,0,0,,H,USD,995294.27,0,995294.27,,,,327,G,327,G,327,G,,,,,0,,,0,X,,,,,,NA00,,,,,,,,,,,,2017,,,US00,,0,,0,0,0,,0,2,,,,,,,,,B,,,,0,,,,,0,0,0,,,,,0,,0,0,0,,,,,0,,,,0,0,0,,,,,,,,,,,,,,,,,,,,,,,,,,,,,,,,,,,,,,,,,,,,,,,,,,,,,,,,,,,,,,,,,,,,,,,,,,,,,,,,,,,,,,,,,,,,
375,5000002961,2017,1,1,0,0,0,261,,SA SAPPHIRE,SD00,RM00,,,,,,,,,0,0,,H,USD,913114.01,0,913114.01,,,,300,G,300,G,300,G,,,,,0,,,0,X,,,,,,NA00,,,,,,,,,,,,2017,,,US00,,0,,0,0,0,,0,2,,,,,,,,,B,,,,0,,,,,0,0,0,,,,,0,,0,0,0,,,,,0,,,,0,0,0,,,,,,,,,,,,,,,,,,,,,,,,,,,,,,,,,,,,,,,,,,,,,,,,,,,,,,,,,,,,,,,,,,,,,,,,,,,,,,,,,,,,,,,,,,,,
375,5000002962,2017,1,1,0,0,0,261,,SILVER,SD00,RM00,,,,,,,,,0,0,,H,USD,38354.63,0,38354.63,,,,5837,LB,5837,LB,5837,LB,,,,,0,,,0,X,,,,,,NA00,,,,,,,,,,,,2017,,,US00,,0,,0,0,0,,0,2,,,,,,,,,B,,,,0,,,,,0,0,0,,,,,0,,0,0,0,,,,,0,,,,0,0,0,,,,,,,,,,,,,,,,,,,,,,,,,,,,,,,,,,,,,,,,,,,,,,,,,,,,,,,,,,,,,,,,,,,,,,,,,,,,,,,,,,,,,,,,,,,,
375,5000002963,2017,1,1,0,0,0,261,,SILVER,SD00,RM00,,,,,,,,,0,0,,H,USD,5230.48,0,5230.48,,,,796,LB,796,LB,796,LB,,,,,0,,,0,X,,,,,,NA00,,,,,,,,,,,,2017,,,US00,,0,,0,0,0,,0,2,,,,,,,,,B,,,,0,,,,,0,0,0,,,,,0,,0,0,0,,,,,0,,,,0,0,0,,,,,,,,,,,,,,,,,,,,,,,,,,,,,,,,,,,,,,,,,,,,,,,,,,,,,,,,,,,,,,,,,,,,,,,,,,,,,,,,,,,,,,,,,,,,
375,5000002964,2017,1,1,0,0,0,261,,SILVER,SD00,RM00,,,,,,,,,0,0,,H,USD,28458.78,0,28458.78,,,,4331,LB,4331,LB,4331,LB,,,,,0,,,0,X,,,,,,NA00,,,,,,,,,,,,2017,,,US00,,0,,0,0,0,,0,2,,,,,,,,,B,,,,0,,,,,0,0,0,,,,,0,,0,0,0,,,,,0,,,,0,0,0,,,,,,,,,,,,,,,,,,,,,,,,,,,,,,,,,,,,,,,,,,,,,,,,,,,,,,,,,,,,,,,,,,,,,,,,,,,,,,,,,,,,,,,,,,,,
375,5000002965,2017,1,1,0,0,0,261,,SILVER,SD00,RM00,,,,,,,,,0,0,,H,USD,61734.07,0,61734.07,,,,9395,LB,9395,LB,9395,LB,,,,,0,,,0,X,,,,,,NA00,,,,,,,,,,,,2017,,,US00,,0,,0,0,0,,0,2,,,,,,,,,B,,,,0,,,,,0,0,0,,,,,0,,0,0,0,,,,,0,,,,0,0,0,,,,,,,,,,,,,,,,,,,,,,,,,,,,,,,,,,,,,,,,,,,,,,,,,,,,,,,,,,,,,,,,,,,,,,,,,,,,,,,,,,,,,,,,,,,,
375,5000002966,2017,1,1,0,0,0,261,,SILVER,SD00,RM00,,,,,,,,,0,0,,H,USD,35588.26,0,35588.26,,,,5416,LB,5416,LB,5416,LB,,,,,0,,,0,X,,,,,,NA00,,,,,,,,,,,,2017,,,US00,,0,,0,0,0,,0,2,,,,,,,,,B,,,,0,,,,,0,0,0,,,,,0,,0,0,0,,,,,0,,,,0,0,0,,,,,,,,,,,,,,,,,,,,,,,,,,,,,,,,,,,,,,,,,,,,,,,,,,,,,,,,,,,,,,,,,,,,,,,,,,,,,,,,,,,,,,,,,,,,
375,5000002967,2017,1,1,0,0,0,261,,SILVER,SD00,RM00,,,,,,,,,0,0,,H,USD,5171.34,0,5171.34,,,,787,LB,787,LB,787,LB,,,,,0,,,0,X,,,,,,NA00,,,,,,,,,,,,2017,,,US00,,0,,0,0,0,,0,2,,,,,,,,,B,,,,0,,,,,0,0,0,,,,,0,,0,0,0,,,,,0,,,,0,0,0,,,,,,,,,,,,,,,,,,,,,,,,,,,,,,,,,,,,,,,,,,,,,,,,,,,,,,,,,,,,,,,,,,,,,,,,,,,,,,,,,,,,,,,,,,,,
375,5000002968,2017,1,1,0,0,0,261,,SWISS SAPPHIRE,SD00,RM00,,,,,,,,,0,0,,H,USD,2098765.43,0,2098765.43,,,,68,G,68,G,68,G,,,,,0,,,0,X,,,,,,NA00,,,,,,,,,,,,2017,,,US00,,0,,0,0,0,,0,2,,,,,,,,,B,,,,0,,,,,0,0,0,,,,,0,,0,0,0,,,,,0,,,,0,0,0,,,,,,,,,,,,,,,,,,,,,,,,,,,,,,,,,,,,,,,,,,,,,,,,,,,,,,,,,,,,,,,,,,,,,,,,,,,,,,,,,,,,,,,,,,,,
375,5000002969,2017,1,1,0,0,0,261,,SWISS SAPPHIRE,SD00,RM00,,,,,,,,,0,0,,H,USD,1265432.10,0,1265432.10,,,,41,G,41,G,41,G,,,,,0,,,0,X,,,,,,NA00,,,,,,,,,,,,2017,,,US00,,0,,0,0,0,,0,2,,,,,,,,,B,,,,0,,,,,0,0,0,,,,,0,,0,0,0,,,,,0,,,,0,0,0,,,,,,,,,,,,,,,,,,,,,,,,,,,,,,,,,,,,,,,,,,,,,,,,,,,,,,,,,,,,,,,,,,,,,,,,,,,,,,,,,,,,,,,,,,,,
375,5000002970,2017,1,1,0,0,0,261,,SWISS SAPPHIRE,SD00,RM00,,,,,,,,,0,0,,H,USD,1358024.69,0,1358024.69,,,,44,G,44,G,44,G,,,,,0,,,0,X,,,,,,NA00,,,,,,,,,,,,2017,,,US00,,0,,0,0,0,,0,2,,,,,,,,,B,,,,0,,,,,0,0,0,,,,,0,,0,0,0,,,,,0,,,,0,0,0,,,,,,,,,,,,,,,,,,,,,,,,,,,,,,,,,,,,,,,,,,,,,,,,,,,,,,,,,,,,,,,,,,,,,,,,,,,,,,,,,,,,,,,,,,,,
375,5000002971,2017,1,1,0,0,0,261,,SWISS SAPPHIRE,SD00,RM00,,,,,,,,,0,0,,H,USD,1975308.64,0,1975308.64,,,,64,G,64,G,64,G,,,,,0,,,0,X,,,,,,NA00,,,,,,,,,,,,2017,,,US00,,0,,0,0,0,,0,2,,,,,,,,,B,,,,0,,,,,0,0,0,,,,,0,,0,0,0,,,,,0,,,,0,0,0,,,,,,,,,,,,,,,,,,,,,,,,,,,,,,,,,,,,,,,,,,,,,,,,,,,,,,,,,,,,,,,,,,,,,,,,,,,,,,,,,,,,,,,,,,,,
375,5000002972,2017,1,1,0,0,0,261,,SWISS SAPPHIRE,SD00,RM00,,,,,,,,,0,0,,H,USD,1759259.26,0,1759259.26,,,,57,G,57,G,57,G,,,,,0,,,0,X,,,,,,NA00,,,,,,,,,,,,2017,,,US00,,0,,0,0,0,,0,2,,,,,,,,,B,,,,0,,,,,0,0,0,,,,,0,,0,0,0,,,,,0,,,,0,0,0,,,,,,,,,,,,,,,,,,,,,,,,,,,,,,,,,,,,,,,,,,,,,,,,,,,,,,,,,,,,,,,,,,,,,,,,,,,,,,,,,,,,,,,,,,,,
375,5000002973,2017,1,1,0,0,0,261,,SWISS SAPPHIRE,SD00,RM00,,,,,,,,,0,0,,H,USD,370370.37,0,370370.37,,,,12,G,12,G,12,G,,,,,0,,,0,X,,,,,,NA00,,,,,,,,,,,,2017,,,US00,,0,,0,0,0,,0,2,,,,,,,,,B,,,,0,,,,,0,0,0,,,,,0,,0,0,0,,,,,0,,,,0,0,0,,,,,,,,,,,,,,,,,,,,,,,,,,,,,,,,,,,,,,,,,,,,,,,,,,,,,,,,,,,,,,,,,,,,,,,,,,,,,,,,,,,,,,,,,,,,
375,5000002974,2017,1,1,0,0,0,261,,SWISS SAPPHIRE,SD00,RM00,,,,,,,,,0,0,,H,USD,246913.58,0,246913.58,,,,8,G,8,G,8,G,,,,,0,,,0,X,,,,,,NA00,,,,,,,,,,,,2017,,,US00,,0,,0,0,0,,0,2,,,,,,,,,B,,,,0,,,,,0,0,0,,,,,0,,0,0,0,,,,,0,,,,0,0,0,,,,,,,,,,,,,,,,,,,,,,,,,,,,,,,,,,,,,,,,,,,,,,,,,,,,,,,,,,,,,,,,,,,,,,,,,,,,,,,,,,,,,,,,,,,,
375,5000002975,2017,1,1,0,0,0,261,,TEST,SD00,RM00,,,,,,,,,0,0,,H,USD,68468.16,0,68468.16,,,,3895,LB,3895,LB,3895,LB,,,,,0,,,0,X,,,,,,NA00,,,,,,,,,,,,2017,,,US00,,0,,0,0,0,,0,2,,,,,,,,,B,,,,0,,,,,0,0,0,,,,,0,,0,0,0,,,,,0,,,,0,0,0,,,,,,,,,,,,,,,,,,,,,,,,,,,,,,,,,,,,,,,,,,,,,,,,,,,,,,,,,,,,,,,,,,,,,,,,,,,,,,,,,,,,,,,,,,,,
375,5000002976,2017,1,1,0,0,0,261,,TEST,SD00,RM00,,,,,,,,,0,0,,H,USD,67307.98,0,67307.98,,,,3829,LB,3829,LB,3829,LB,,,,,0,,,0,X,,,,,,NA00,,,,,,,,,,,,2017,,,US00,,0,,0,0,0,,0,2,,,,,,,,,B,,,,0,,,,,0,0,0,,,,,0,,0,0,0,,,,,0,,,,0,0,0,,,,,,,,,,,,,,,,,,,,,,,,,,,,,,,,,,,,,,,,,,,,,,,,,,,,,,,,,,,,,,,,,,,,,,,,,,,,,,,,,,,,,,,,,,,,
375,5000002977,2017,1,1,0,0,0,261,,TEST,SD00,RM00,,,,,,,,,0,0,,H,USD,18457.40,0,18457.40,,,,1050,LB,1050,LB,1050,LB,,,,,0,,,0,X,,,,,,NA00,,,,,,,,,,,,2017,,,US00,,0,,0,0,0,,0,2,,,,,,,,,B,,,,0,,,,,0,0,0,,,,,0,,0,0,0,,,,,0,,,,0,0,0,,,,,,,,,,,,,,,,,,,,,,,,,,,,,,,,,,,,,,,,,,,,,,,,,,,,,,,,,,,,,,,,,,,,,,,,,,,,,,,,,,,,,,,,,,,,
375,5000002978,2017,1,1,0,0,0,261,,TEST,SD00,RM00,,,,,,,,,0,0,,H,USD,112308.88,0,112308.88,,,,6389,LB,6389,LB,6389,LB,,,,,0,,,0,X,,,,,,NA00,,,,,,,,,,,,2017,,,US00,,0,,0,0,0,,0,2,,,,,,,,,B,,,,0,,,,,0,0,0,,,,,0,,0,0,0,,,,,0,,,,0,0,0,,,,,,,,,,,,,,,,,,,,,,,,,,,,,,,,,,,,,,,,,,,,,,,,,,,,,,,,,,,,,,,,,,,,,,,,,,,,,,,,,,,,,,,,,,,,
375,5000002979,2017,1,1,0,0,0,261,,WALLET,SD00,RM00,,,,,,,,,0,0,,H,USD,27.34,0,27.34,,,,1131,LB,1131,LB,1131,LB,,,,,0,,,0,X,,,,,,NA00,,,,,,,,,,,,2017,,,US00,,0,,0,0,0,,0,2,,,,,,,,,B,,,,0,,,,,0,0,0,,,,,0,,0,0,0,,,,,0,,,,0,0,0,,,,,,,,,,,,,,,,,,,,,,,,,,,,,,,,,,,,,,,,,,,,,,,,,,,,,,,,,,,,,,,,,,,,,,,,,,,,,,,,,,,,,,,,,,,,
375,5000002980,2017,1,1,0,0,0,261,,WALLET,SD00,RM00,,,,,,,,,0,0,,H,USD,11.31,0,11.31,,,,468,LB,468,LB,468,LB,,,,,0,,,0,X,,,,,,NA00,,,,,,,,,,,,2017,,,US00,,0,,0,0,0,,0,2,,,,,,,,,B,,,,0,,,,,0,0,0,,,,,0,,0,0,0,,,,,0,,,,0,0,0,,,,,,,,,,,,,,,,,,,,,,,,,,,,,,,,,,,,,,,,,,,,,,,,,,,,,,,,,,,,,,,,,,,,,,,,,,,,,,,,,,,,,,,,,,,,
375,5000002981,2017,1,1,0,0,0,261,,WALLET,SD00,RM00,,,,,,,,,0,0,,H,USD,50.63,0,50.63,,,,2095,LB,2095,LB,2095,LB,,,,,0,,,0,X,,,,,,NA00,,,,,,,,,,,,2017,,,US00,,0,,0,0,0,,0,2,,,,,,,,,B,,,,0,,,,,0,0,0,,,,,0,,0,0,0,,,,,0,,,,0,0,0,,,,,,,,,,,,,,,,,,,,,,,,,,,,,,,,,,,,,,,,,,,,,,,,,,,,,,,,,,,,,,,,,,,,,,,,,,,,,,,,,,,,,,,,,,,,
375,5000002982,2017,1,1,0,0,0,261,,WALLET,SD00,RM00,,,,,,,,,0,0,,H,USD,57.62,0,57.62,,,,2384,LB,2384,LB,2384,LB,,,,,0,,,0,X,,,,,,NA00,,,,,,,,,,,,2017,,,US00,,0,,0,0,0,,0,2,,,,,,,,,B,,,,0,,,,,0,0,0,,,,,0,,0,0,0,,,,,0,,,,0,0,0,,,,,,,,,,,,,,,,,,,,,,,,,,,,,,,,,,,,,,,,,,,,,,,,,,,,,,,,,,,,,,,,,,,,,,,,,,,,,,,,,,,,,,,,,,,,
375,5000002983,2017,1,1,0,0,0,261,,WALLET,SD00,RM00,,,,,,,,,0,0,,H,USD,3.94,0,3.94,,,,163,LB,163,LB,163,LB,,,,,0,,,0,X,,,,,,NA00,,,,,,,,,,,,2017,,,US00,,0,,0,0,0,,0,2,,,,,,,,,B,,,,0,,,,,0,0,0,,,,,0,,0,0,0,,,,,0,,,,0,0,0,,,,,,,,,,,,,,,,,,,,,,,,,,,,,,,,,,,,,,,,,,,,,,,,,,,,,,,,,,,,,,,,,,,,,,,,,,,,,,,,,,,,,,,,,,,,
375,5000002984,2017,1,1,0,0,0,261,,WALLET,SD00,RM00,,,,,,,,,0,0,,H,USD,9.81,0,9.81,,,,406,LB,406,LB,406,LB,,,,,0,,,0,X,,,,,,NA00,,,,,,,,,,,,2017,,,US00,,0,,0,0,0,,0,2,,,,,,,,,B,,,,0,,,,,0,0,0,,,,,0,,0,0,0,,,,,0,,,,0,0,0,,,,,,,,,,,,,,,,,,,,,,,,,,,,,,,,,,,,,,,,,,,,,,,,,,,,,,,,,,,,,,,,,,,,,,,,,,,,,,,,,,,,,,,,,,,,
375,5000002985,2017,1,1,0,0,0,261,,WALLET,SD00,RM00,,,,,,,,,0,0,,H,USD,13.70,0,13.70,,,,567,LB,567,LB,567,LB,,,,,0,,,0,X,,,,,,NA00,,,,,,,,,,,,2017,,,US00,,0,,0,0,0,,0,2,,,,,,,,,B,,,,0,,,,,0,0,0,,,,,0,,0,0,0,,,,,0,,,,0,0,0,,,,,,,,,,,,,,,,,,,,,,,,,,,,,,,,,,,,,,,,,,,,,,,,,,,,,,,,,,,,,,,,,,,,,,,,,,,,,,,,,,,,,,,,,,,,
375,5000002986,2017,1,1,0,0,0,261,,WALLET,SD00,RM00,,,,,,,,,0,0,,H,USD,3.17,0,3.17,,,,131,LB,131,LB,131,LB,,,,,0,,,0,X,,,,,,NA00,,,,,,,,,,,,2017,,,US00,,0,,0,0,0,,0,2,,,,,,,,,B,,,,0,,,,,0,0,0,,,,,0,,0,0,0,,,,,0,,,,0,0,0,,,,,,,,,,,,,,,,,,,,,,,,,,,,,,,,,,,,,,,,,,,,,,,,,,,,,,,,,,,,,,,,,,,,,,,,,,,,,,,,,,,,,,,,,,,,
375,5000002987,2017,1,1,0,0,0,261,,ZTESTHEXNT,SD00,RM00,,,,,,,,,0,0,,H,USD,30650.59,0,30650.59,,,,5583,LB,5583,LB,5583,LB,,,,,0,,,0,X,,,,,,NA00,,,,,,,,,,,,2017,,,US00,,0,,0,0,0,,0,2,,,,,,,,,B,,,,0,,,,,0,0,0,,,,,0,,0,0,0,,,,,0,,,,0,0,0,,,,,,,,,,,,,,,,,,,,,,,,,,,,,,,,,,,,,,,,,,,,,,,,,,,,,,,,,,,,,,,,,,,,,,,,,,,,,,,,,,,,,,,,,,,,
375,5000002988,2017,1,1,0,0,0,261,,ZTESTHEXNT,SD00,RM00,,,,,,,,,0,0,,H,USD,96546.90,0,96546.90,,,,17586,LB,17586,LB,17586,LB,,,,,0,,,0,X,,,,,,NA00,,,,,,,,,,,,2017,,,US00,,0,,0,0,0,,0,2,,,,,,,,,B,,,,0,,,,,0,0,0,,,,,0,,0,0,0,,,,,0,,,,0,0,0,,,,,,,,,,,,,,,,,,,,,,,,,,,,,,,,,,,,,,,,,,,,,,,,,,,,,,,,,,,,,,,,,,,,,,,,,,,,,,,,,,,,,,,,,,,,
375,5000002989,2017,1,1,0,0,0,261,,ZTESTHEXNT,SD00,RM00,,,,,,,,,0,0,,H,USD,132012.21,0,132012.21,,,,24046,LB,24046,LB,24046,LB,,,,,0,,,0,X,,,,,,NA00,,,,,,,,,,,,2017,,,US00,,0,,0,0,0,,0,2,,,,,,,,,B,,,,0,,,,,0,0,0,,,,,0,,0,0,0,,,,,0,,,,0,0,0,,,,,,,,,,,,,,,,,,,,,,,,,,,,,,,,,,,,,,,,,,,,,,,,,,,,,,,,,,,,,,,,,,,,,,,,,,,,,,,,,,,,,,,,,,,,
375,5000002990,2017,1,1,0,0,0,261,,ZTESTHEXNT,SD00,RM00,,,,,,,,,0,0,,H,USD,140252.68,0,140252.68,,,,25547,LB,25547,LB,25547,LB,,,,,0,,,0,X,,,,,,NA00,,,,,,,,,,,,2017,,,US00,,0,,0,0,0,,0,2,,,,,,,,,B,,,,0,,,,,0,0,0,,,,,0,,0,0,0,,,,,0,,,,0,0,0,,,,,,,,,,,,,,,,,,,,,,,,,,,,,,,,,,,,,,,,,,,,,,,,,,,,,,,,,,,,,,,,,,,,,,,,,,,,,,,,,,,,,,,,,,,,
375,5000002991,2017,1,1,0,0,0,551,,ADAMANTIUM,DL00,RM00,,,,,,,,,0,0,,H,USD,71630.09,0,71630.09,,,,587,LB,587,LB,587,LB,,,,,0,,,0,X,,,,,,NA00,,,,,,,,,,,,2017,,,US00,,0,,0,0,0,,0,2,,,,,,,,,B,,,,0,,,,,0,0,0,,,,,0,,0,0,0,,,,,0,,,,0,0,0,,,,,,,,,,,,,,,,,,,,,,,,,,,,,,,,,,,,,,,,,,,,,,,,,,,,,,,,,,,,,,,,,,,,,,,,,,,,,,,,,,,,,,,,,,,,
375,5000002992,2017,1,1,0,0,0,551,,ADAMANTIUM,DL00,RM00,,,,,,,,,0,0,,H,USD,76999.30,0,76999.30,,,,631,LB,631,LB,631,LB,,,,,0,,,0,X,,,,,,NA00,,,,,,,,,,,,2017,,,US00,,0,,0,0,0,,0,2,,,,,,,,,B,,,,0,,,,,0,0,0,,,,,0,,0,0,0,,,,,0,,,,0,0,0,,,,,,,,,,,,,,,,,,,,,,,,,,,,,,,,,,,,,,,,,,,,,,,,,,,,,,,,,,,,,,,,,,,,,,,,,,,,,,,,,,,,,,,,,,,,
375,5000002993,2017,1,1,0,0,0,551,,ADAMANTIUM,DL00,RM00,,,,,,,,,0,0,,H,USD,42099.46,0,42099.46,,,,345,LB,345,LB,345,LB,,,,,0,,,0,X,,,,,,NA00,,,,,,,,,,,,2017,,,US00,,0,,0,0,0,,0,2,,,,,,,,,B,,,,0,,,,,0,0,0,,,,,0,,0,0,0,,,,,0,,,,0,0,0,,,,,,,,,,,,,,,,,,,,,,,,,,,,,,,,,,,,,,,,,,,,,,,,,,,,,,,,,,,,,,,,,,,,,,,,,,,,,,,,,,,,,,,,,,,,
375,5000002994,2017,1,1,0,0,0,551,,ADAMANTIUM,DL00,RM00,,,,,,,,,0,0,,H,USD,46492.44,0,46492.44,,,,381,LB,381,LB,381,LB,,,,,0,,,0,X,,,,,,NA00,,,,,,,,,,,,2017,,,US00,,0,,0,0,0,,0,2,,,,,,,,,B,,,,0,,,,,0,0,0,,,,,0,,0,0,0,,,,,0,,,,0,0,0,,,,,,,,,,,,,,,,,,,,,,,,,,,,,,,,,,,,,,,,,,,,,,,,,,,,,,,,,,,,,,,,,,,,,,,,,,,,,,,,,,,,,,,,,,,,
375,5000002995,2017,1,1,0,0,0,551,,ADAMANTIUM,DL00,RM00,,,,,,,,,0,0,,H,USD,12934.91,0,12934.91,,,,106,LB,106,LB,106,LB,,,,,0,,,0,X,,,,,,NA00,,,,,,,,,,,,2017,,,US00,,0,,0,0,0,,0,2,,,,,,,,,B,,,,0,,,,,0,0,0,,,,,0,,0,0,0,,,,,0,,,,0,0,0,,,,,,,,,,,,,,,,,,,,,,,,,,,,,,,,,,,,,,,,,,,,,,,,,,,,,,,,,,,,,,,,,,,,,,,,,,,,,,,,,,,,,,,,,,,,
375,5000002996,2017,1,1,0,0,0,551,,ADAMANTIUM,DL00,RM00,,,,,,,,,0,0,,H,USD,10372.33,0,10372.33,,,,85,LB,85,LB,85,LB,,,,,0,,,0,X,,,,,,NA00,,,,,,,,,,,,2017,,,US00,,0,,0,0,0,,0,2,,,,,,,,,B,,,,0,,,,,0,0,0,,,,,0,,0,0,0,,,,,0,,,,0,0,0,,,,,,,,,,,,,,,,,,,,,,,,,,,,,,,,,,,,,,,,,,,,,,,,,,,,,,,,,,,,,,,,,,,,,,,,,,,,,,,,,,,,,,,,,,,,
375,5000002997,2017,1,1,0,0,0,551,,ANGOLAN AMETHYST,DL00,RM00,,,,,,,,,0,0,,H,USD,9497.72,0,9497.72,,,,4,G,4,G,4,G,,,,,0,,,0,X,,,,,,NA00,,,,,,,,,,,,2017,,,US00,,0,,0,0,0,,0,2,,,,,,,,,B,,,,0,,,,,0,0,0,,,,,0,,0,0,0,,,,,0,,,,0,0,0,,,,,,,,,,,,,,,,,,,,,,,,,,,,,,,,,,,,,,,,,,,,,,,,,,,,,,,,,,,,,,,,,,,,,,,,,,,,,,,,,,,,,,,,,,,,
375,5000002998,2017,1,1,0,0,0,551,,ANGOLAN AMETHYST,DL00,RM00,,,,,,,,,0,0,,H,USD,9497.72,0,9497.72,,,,4,G,4,G,4,G,,,,,0,,,0,X,,,,,,NA00,,,,,,,,,,,,2017,,,US00,,0,,0,0,0,,0,2,,,,,,,,,B,,,,0,,,,,0,0,0,,,,,0,,0,0,0,,,,,0,,,,0,0,0,,,,,,,,,,,,,,,,,,,,,,,,,,,,,,,,,,,,,,,,,,,,,,,,,,,,,,,,,,,,,,,,,,,,,,,,,,,,,,,,,,,,,,,,,,,,
375,5000002999,2017,1,1,0,0,0,551,,ANGOLAN AMETHYST,DL00,RM00,,,,,,,,,0,0,,H,USD,16621.02,0,16621.02,,,,7,G,7,G,7,G,,,,,0,,,0,X,,,,,,NA00,,,,,,,,,,,,2017,,,US00,,0,,0,0,0,,0,2,,,,,,,,,B,,,,0,,,,,0,0,0,,,,,0,,0,0,0,,,,,0,,,,0,0,0,,,,,,,,,,,,,,,,,,,,,,,,,,,,,,,,,,,,,,,,,,,,,,,,,,,,,,,,,,,,,,,,,,,,,,,,,,,,,,,,,,,,,,,,,,,,
375,5000003000,2017,1,1,0,0,0,551,,ANGOLAN AMETHYST,DL00,RM00,,,,,,,,,0,0,,H,USD,14246.58,0,14246.58,,,,6,G,6,G,6,G,,,,,0,,,0,X,,,,,,NA00,,,,,,,,,,,,2017,,,US00,,0,,0,0,0,,0,2,,,,,,,,,B,,,,0,,,,,0,0,0,,,,,0,,0,0,0,,,,,0,,,,0,0,0,,,,,,,,,,,,,,,,,,,,,,,,,,,,,,,,,,,,,,,,,,,,,,,,,,,,,,,,,,,,,,,,,,,,,,,,,,,,,,,,,,,,,,,,,,,,
375,5000003001,2017,1,1,0,0,0,551,,ANGOLAN AMETHYST,DL00,RM00,,,,,,,,,0,0,,H,USD,4748.86,0,4748.86,,,,2,G,2,G,2,G,,,,,0,,,0,X,,,,,,NA00,,,,,,,,,,,,2017,,,US00,,0,,0,0,0,,0,2,,,,,,,,,B,,,,0,,,,,0,0,0,,,,,0,,0,0,0,,,,,0,,,,0,0,0,,,,,,,,,,,,,,,,,,,,,,,,,,,,,,,,,,,,,,,,,,,,,,,,,,,,,,,,,,,,,,,,,,,,,,,,,,,,,,,,,,,,,,,,,,,,
375,5000003002,2017,1,1,0,0,0,551,,AUSTRALIAN AMETHYST,DL00,RM00,,,,,,,,,0,0,,H,USD,19073.57,0,19073.57,,,,2,G,2,G,2,G,,,,,0,,,0,X,,,,,,NA00,,,,,,,,,,,,2017,,,US00,,0,,0,0,0,,0,2,,,,,,,,,B,,,,0,,,,,0,0,0,,,,,0,,0,0,0,,,,,0,,,,0,0,0,,,,,,,,,,,,,,,,,,,,,,,,,,,,,,,,,,,,,,,,,,,,,,,,,,,,,,,,,,,,,,,,,,,,,,,,,,,,,,,,,,,,,,,,,,,,
375,5000003003,2017,1,1,0,0,0,551,,AUSTRALIAN AMETHYST,DL00,RM00,,,,,,,,,0,0,,H,USD,38147.14,0,38147.14,,,,4,G,4,G,4,G,,,,,0,,,0,X,,,,,,NA00,,,,,,,,,,,,2017,,,US00,,0,,0,0,0,,0,2,,,,,,,,,B,,,,0,,,,,0,0,0,,,,,0,,0,0,0,,,,,0,,,,0,0,0,,,,,,,,,,,,,,,,,,,,,,,,,,,,,,,,,,,,,,,,,,,,,,,,,,,,,,,,,,,,,,,,,,,,,,,,,,,,,,,,,,,,,,,,,,,,
375,5000003004,2017,1,1,0,0,0,551,,BLUEPAINT,DL00,RM00,,,,,,,,,0,0,,H,USD,30134.32,0,30134.32,,,,741,L,741,L,741,L,,,,,0,,,0,X,,,,,,NA00,,,,,,,,,,,,2017,,,US00,,0,,0,0,0,,0,2,,,,,,,,,B,,,,0,,,,,0,0,0,,,,,0,,0,0,0,,,,,0,,,,0,0,0,,,,,,,,,,,,,,,,,,,,,,,,,,,,,,,,,,,,,,,,,,,,,,,,,,,,,,,,,,,,,,,,,,,,,,,,,,,,,,,,,,,,,,,,,,,,
375,5000003005,2017,1,1,0,0,0,551,,BOLT1000,DL00,RM00,,,,,,,,,0,0,,H,USD,28.60,0,28.60,,,,31,EA,31,EA,31,EA,,,,,0,,,0,X,,,,,,NA00,,,,,,,,,,,,2017,,,US00,,0,,0,0,0,,0,2,,,,,,,,,B,,,,0,,,,,0,0,0,,,,,0,,0,0,0,,,,,0,,,,0,0,0,,,,,,,,,,,,,,,,,,,,,,,,,,,,,,,,,,,,,,,,,,,,,,,,,,,,,,,,,,,,,,,,,,,,,,,,,,,,,,,,,,,,,,,,,,,,
375,5000003006,2017,1,1,0,0,0,551,,BOTSWANA BLACK PE,DL00,RM00,,,,,,,,,0,0,,H,USD,2379412.14,0,2379412.14,,,,169,G,169,G,169,G,,,,,0,,,0,X,,,,,,NA00,,,,,,,,,,,,2017,,,US00,,0,,0,0,0,,0,2,,,,,,,,,B,,,,0,,,,,0,0,0,,,,,0,,0,0,0,,,,,0,,,,0,0,0,,,,,,,,,,,,,,,,,,,,,,,,,,,,,,,,,,,,,,,,,,,,,,,,,,,,,,,,,,,,,,,,,,,,,,,,,,,,,,,,,,,,,,,,,,,,
375,5000003007,2017,1,1,0,0,0,551,,BRITAIN BLACK PEAR,DL00,RM00,,,,,,,,,0,0,,H,USD,242718.45,0,242718.45,,,,4,G,4,G,4,G,,,,,0,,,0,X,,,,,,NA00,,,,,,,,,,,,2017,,,US00,,0,,0,0,0,,0,2,,,,,,,,,B,,,,0,,,,,0,0,0,,,,,0,,0,0,0,,,,,0,,,,0,0,0,,,,,,,,,,,,,,,,,,,,,,,,,,,,,,,,,,,,,,,,,,,,,,,,,,,,,,,,,,,,,,,,,,,,,,,,,,,,,,,,,,,,,,,,,,,,
375,5000003008,2017,1,1,0,0,0,551,,BRITAIN BLACK PEAR,DL00,RM00,,,,,,,,,0,0,,H,USD,121359.22,0,121359.22,,,,2,G,2,G,2,G,,,,,0,,,0,X,,,,,,NA00,,,,,,,,,,,,2017,,,US00,,0,,0,0,0,,0,2,,,,,,,,,B,,,,0,,,,,0,0,0,,,,,0,,0,0,0,,,,,0,,,,0,0,0,,,,,,,,,,,,,,,,,,,,,,,,,,,,,,,,,,,,,,,,,,,,,,,,,,,,,,,,,,,,,,,,,,,,,,,,,,,,,,,,,,,,,,,,,,,,
375,5000003009,2017,1,1,0,0,0,551,,BRITAIN BLACK PEAR,DL00,RM00,,,,,,,,,0,0,,H,USD,60679.61,0,60679.61,,,,1,G,1,G,1,G,,,,,0,,,0,X,,,,,,NA00,,,,,,,,,,,,2017,,,US00,,0,,0,0,0,,0,2,,,,,,,,,B,,,,0,,,,,0,0,0,,,,,0,,0,0,0,,,,,0,,,,0,0,0,,,,,,,,,,,,,,,,,,,,,,,,,,,,,,,,,,,,,,,,,,,,,,,,,,,,,,,,,,,,,,,,,,,,,,,,,,,,,,,,,,,,,,,,,,,,
375,5000003010,2017,1,1,0,0,0,551,,CANADIAN CRYSTAL,DL00,RM00,,,,,,,,,0,0,,H,USD,109289.62,0,109289.62,,,,4,G,4,G,4,G,,,,,0,,,0,X,,,,,,NA00,,,,,,,,,,,,2017,,,US00,,0,,0,0,0,,0,2,,,,,,,,,B,,,,0,,,,,0,0,0,,,,,0,,0,0,0,,,,,0,,,,0,0,0,,,,,,,,,,,,,,,,,,,,,,,,,,,,,,,,,,,,,,,,,,,,,,,,,,,,,,,,,,,,,,,,,,,,,,,,,,,,,,,,,,,,,,,,,,,,
375,5000003011,2017,1,1,0,0,0,551,,CANADIAN CRYSTAL,DL00,RM00,,,,,,,,,0,0,,H,USD,109289.62,0,109289.62,,,,4,G,4,G,4,G,,,,,0,,,0,X,,,,,,NA00,,,,,,,,,,,,2017,,,US00,,0,,0,0,0,,0,2,,,,,,,,,B,,,,0,,,,,0,0,0,,,,,0,,0,0,0,,,,,0,,,,0,0,0,,,,,,,,,,,,,,,,,,,,,,,,,,,,,,,,,,,,,,,,,,,,,,,,,,,,,,,,,,,,,,,,,,,,,,,,,,,,,,,,,,,,,,,,,,,,
375,5000003012,2017,1,1,0,0,0,551,,CANADIAN CRYSTAL,DL00,RM00,,,,,,,,,0,0,,H,USD,27322.40,0,27322.40,,,,1,G,1,G,1,G,,,,,0,,,0,X,,,,,,NA00,,,,,,,,,,,,2017,,,US00,,0,,0,0,0,,0,2,,,,,,,,,B,,,,0,,,,,0,0,0,,,,,0,,0,0,0,,,,,0,,,,0,0,0,,,,,,,,,,,,,,,,,,,,,,,,,,,,,,,,,,,,,,,,,,,,,,,,,,,,,,,,,,,,,,,,,,,,,,,,,,,,,,,,,,,,,,,,,,,,
375,5000003013,2017,1,1,0,0,0,551,,CARBONITE,DL00,RM00,,,,,,,,,0,0,,H,USD,362.90,0,362.90,,,,3,G,3,G,3,G,,,,,0,,,0,X,,,,,,NA00,,,,,,,,,,,,2017,,,US00,,0,,0,0,0,,0,2,,,,,,,,,B,,,,0,,,,,0,0,0,,,,,0,,0,0,0,,,,,0,,,,0,0,0,,,,,,,,,,,,,,,,,,,,,,,,,,,,,,,,,,,,,,,,,,,,,,,,,,,,,,,,,,,,,,,,,,,,,,,,,,,,,,,,,,,,,,,,,,,,
375,5000003014,2017,1,1,0,0,0,551,,CARBONITE,DL00,RM00,,,,,,,,,0,0,,H,USD,362.90,0,362.90,,,,3,G,3,G,3,G,,,,,0,,,0,X,,,,,,NA00,,,,,,,,,,,,2017,,,US00,,0,,0,0,0,,0,2,,,,,,,,,B,,,,0,,,,,0,0,0,,,,,0,,0,0,0,,,,,0,,,,0,0,0,,,,,,,,,,,,,,,,,,,,,,,,,,,,,,,,,,,,,,,,,,,,,,,,,,,,,,,,,,,,,,,,,,,,,,,,,,,,,,,,,,,,,,,,,,,,
375,5000003015,2017,1,1,0,0,0,551,,CHRONIUM,DL00,RM00,,,,,,,,,0,0,,H,USD,66.28,0,66.28,,,,131,LB,131,LB,131,LB,,,,,0,,,0,X,,,,,,NA00,,,,,,,,,,,,2017,,,US00,,0,,0,0,0,,0,2,,,,,,,,,B,,,,0,,,,,0,0,0,,,,,0,,0,0,0,,,,,0,,,,0,0,0,,,,,,,,,,,,,,,,,,,,,,,,,,,,,,,,,,,,,,,,,,,,,,,,,,,,,,,,,,,,,,,,,,,,,,,,,,,,,,,,,,,,,,,,,,,,
375,5000003016,2017,1,1,0,0,0,551,,CHRONIUM,DL00,RM00,,,,,,,,,0,0,,H,USD,4.55,0,4.55,,,,9,LB,9,LB,9,LB,,,,,0,,,0,X,,,,,,NA00,,,,,,,,,,,,2017,,,US00,,0,,0,0,0,,0,2,,,,,,,,,B,,,,0,,,,,0,0,0,,,,,0,,0,0,0,,,,,0,,,,0,0,0,,,,,,,,,,,,,,,,,,,,,,,,,,,,,,,,,,,,,,,,,,,,,,,,,,,,,,,,,,,,,,,,,,,,,,,,,,,,,,,,,,,,,,,,,,,,
375,5000003017,2017,1,1,0,0,0,551,,CHRONIUM,DL00,RM00,,,,,,,,,0,0,,H,USD,21.25,0,21.25,,,,42,LB,42,LB,42,LB,,,,,0,,,0,X,,,,,,NA00,,,,,,,,,,,,2017,,,US00,,0,,0,0,0,,0,2,,,,,,,,,B,,,,0,,,,,0,0,0,,,,,0,,0,0,0,,,,,0,,,,0,0,0,,,,,,,,,,,,,,,,,,,,,,,,,,,,,,,,,,,,,,,,,,,,,,,,,,,,,,,,,,,,,,,,,,,,,,,,,,,,,,,,,,,,,,,,,,,,
375,5000003018,2017,1,1,0,0,0,551,,CONCRETE,DL00,RM00,,,,,,,,,0,0,,H,USD,4031.86,0,4031.86,,,,46,YD3,46,YD3,46,YD3,,,,,0,,,0,X,,,,,,NA00,,,,,,,,,,,,2017,,,US00,,0,,0,0,0,,0,2,,,,,,,,,B,,,,0,,,,,0,0,0,,,,,0,,0,0,0,,,,,0,,,,0,0,0,,,,,,,,,,,,,,,,,,,,,,,,,,,,,,,,,,,,,,,,,,,,,,,,,,,,,,,,,,,,,,,,,,,,,,,,,,,,,,,,,,,,,,,,,,,,
375,5000003019,2017,1,1,0,0,0,551,,CONCRETE,DL00,RM00,,,,,,,,,0,0,,H,USD,613.54,0,613.54,,,,7,YD3,7,YD3,7,YD3,,,,,0,,,0,X,,,,,,NA00,,,,,,,,,,,,2017,,,US00,,0,,0,0,0,,0,2,,,,,,,,,B,,,,0,,,,,0,0,0,,,,,0,,0,0,0,,,,,0,,,,0,0,0,,,,,,,,,,,,,,,,,,,,,,,,,,,,,,,,,,,,,,,,,,,,,,,,,,,,,,,,,,,,,,,,,,,,,,,,,,,,,,,,,,,,,,,,,,,,
375,5000003020,2017,1,1,0,0,0,551,,CONCRETE,DL00,RM00,,,,,,,,,0,0,,H,USD,964.14,0,964.14,,,,11,YD3,11,YD3,11,YD3,,,,,0,,,0,X,,,,,,NA00,,,,,,,,,,,,2017,,,US00,,0,,0,0,0,,0,2,,,,,,,,,B,,,,0,,,,,0,0,0,,,,,0,,0,0,0,,,,,0,,,,0,0,0,,,,,,,,,,,,,,,,,,,,,,,,,,,,,,,,,,,,,,,,,,,,,,,,,,,,,,,,,,,,,,,,,,,,,,,,,,,,,,,,,,,,,,,,,,,,
375,5000003021,2017,1,1,0,0,0,551,,CONGOCRYSTAL,DL00,RM00,,,,,,,,,0,0,,H,USD,284823.90,0,284823.90,,,,33,G,33,G,33,G,,,,,0,,,0,X,,,,,,NA00,,,,,,,,,,,,2017,,,US00,,0,,0,0,0,,0,2,,,,,,,,,B,,,,0,,,,,0,0,0,,,,,0,,0,0,0,,,,,0,,,,0,0,0,,,,,,,,,,,,,,,,,,,,,,,,,,,,,,,,,,,,,,,,,,,,,,,,,,,,,,,,,,,,,,,,,,,,,,,,,,,,,,,,,,,,,,,,,,,,
375,5000003022,2017,1,1,0,0,0,551,,CONGOCRYSTAL,DL00,RM00,,,,,,,,,0,0,,H,USD,43155.14,0,43155.14,,,,5,G,5,G,5,G,,,,,0,,,0,X,,,,,,NA00,,,,,,,,,,,,2017,,,US00,,0,,0,0,0,,0,2,,,,,,,,,B,,,,0,,,,,0,0,0,,,,,0,,0,0,0,,,,,0,,,,0,0,0,,,,,,,,,,,,,,,,,,,,,,,,,,,,,,,,,,,,,,,,,,,,,,,,,,,,,,,,,,,,,,,,,,,,,,,,,,,,,,,,,,,,,,,,,,,,
375,5000003023,2017,1,1,0,0,0,551,,CONGOCRYSTAL,DL00,RM00,,,,,,,,,0,0,,H,USD,34524.11,0,34524.11,,,,4,G,4,G,4,G,,,,,0,,,0,X,,,,,,NA00,,,,,,,,,,,,2017,,,US00,,0,,0,0,0,,0,2,,,,,,,,,B,,,,0,,,,,0,0,0,,,,,0,,0,0,0,,,,,0,,,,0,0,0,,,,,,,,,,,,,,,,,,,,,,,,,,,,,,,,,,,,,,,,,,,,,,,,,,,,,,,,,,,,,,,,,,,,,,,,,,,,,,,,,,,,,,,,,,,,
375,5000003024,2017,1,1,0,0,0,551,,CONGOCRYSTAL,DL00,RM00,,,,,,,,,0,0,,H,USD,172620.54,0,172620.54,,,,20,G,20,G,20,G,,,,,0,,,0,X,,,,,,NA00,,,,,,,,,,,,2017,,,US00,,0,,0,0,0,,0,2,,,,,,,,,B,,,,0,,,,,0,0,0,,,,,0,,0,0,0,,,,,0,,,,0,0,0,,,,,,,,,,,,,,,,,,,,,,,,,,,,,,,,,,,,,,,,,,,,,,,,,,,,,,,,,,,,,,,,,,,,,,,,,,,,,,,,,,,,,,,,,,,,
375,5000003025,2017,1,1,0,0,0,551,,CONGOCRYSTAL,DL00,RM00,,,,,,,,,0,0,,H,USD,8631.03,0,8631.03,,,,1,G,1,G,1,G,,,,,0,,,0,X,,,,,,NA00,,,,,,,,,,,,2017,,,US00,,0,,0,0,0,,0,2,,,,,,,,,B,,,,0,,,,,0,0,0,,,,,0,,0,0,0,,,,,0,,,,0,0,0,,,,,,,,,,,,,,,,,,,,,,,,,,,,,,,,,,,,,,,,,,,,,,,,,,,,,,,,,,,,,,,,,,,,,,,,,,,,,,,,,,,,,,,,,,,,
375,5000003026,2017,1,1,0,0,0,551,,DIAMOND,DL00,RM00,,,,,,,,,0,0,,H,USD,361.78,0,361.78,,,,33,LB,33,LB,33,LB,,,,,0,,,0,X,,,,,,NA00,,,,,,,,,,,,2017,,,US00,,0,,0,0,0,,0,2,,,,,,,,,B,,,,0,,,,,0,0,0,,,,,0,,0,0,0,,,,,0,,,,0,0,0,,,,,,,,,,,,,,,,,,,,,,,,,,,,,,,,,,,,,,,,,,,,,,,,,,,,,,,,,,,,,,,,,,,,,,,,,,,,,,,,,,,,,,,,,,,,
375,5000003027,2017,1,1,0,0,0,551,,DIAMOND,DL00,RM00,,,,,,,,,0,0,,H,USD,54.81,0,54.81,,,,5,LB,5,LB,5,LB,,,,,0,,,0,X,,,,,,NA00,,,,,,,,,,,,2017,,,US00,,0,,0,0,0,,0,2,,,,,,,,,B,,,,0,,,,,0,0,0,,,,,0,,0,0,0,,,,,0,,,,0,0,0,,,,,,,,,,,,,,,,,,,,,,,,,,,,,,,,,,,,,,,,,,,,,,,,,,,,,,,,,,,,,,,,,,,,,,,,,,,,,,,,,,,,,,,,,,,,
375,5000003028,2017,1,1,0,0,0,551,,DIAMOND,DL00,RM00,,,,,,,,,0,0,,H,USD,515.26,0,515.26,,,,47,LB,47,LB,47,LB,,,,,0,,,0,X,,,,,,NA00,,,,,,,,,,,,2017,,,US00,,0,,0,0,0,,0,2,,,,,,,,,B,,,,0,,,,,0,0,0,,,,,0,,0,0,0,,,,,0,,,,0,0,0,,,,,,,,,,,,,,,,,,,,,,,,,,,,,,,,,,,,,,,,,,,,,,,,,,,,,,,,,,,,,,,,,,,,,,,,,,,,,,,,,,,,,,,,,,,,
375,5000003029,2017,1,1,0,0,0,551,,DIAMOND,DL00,RM00,,,,,,,,,0,0,,H,USD,98.67,0,98.67,,,,9,LB,9,LB,9,LB,,,,,0,,,0,X,,,,,,NA00,,,,,,,,,,,,2017,,,US00,,0,,0,0,0,,0,2,,,,,,,,,B,,,,0,,,,,0,0,0,,,,,0,,0,0,0,,,,,0,,,,0,0,0,,,,,,,,,,,,,,,,,,,,,,,,,,,,,,,,,,,,,,,,,,,,,,,,,,,,,,,,,,,,,,,,,,,,,,,,,,,,,,,,,,,,,,,,,,,,
375,5000003030,2017,1,1,0,0,0,551,,DIAMOND,DL00,RM00,,,,,,,,,0,0,,H,USD,10.96,0,10.96,,,,1,LB,1,LB,1,LB,,,,,0,,,0,X,,,,,,NA00,,,,,,,,,,,,2017,,,US00,,0,,0,0,0,,0,2,,,,,,,,,B,,,,0,,,,,0,0,0,,,,,0,,0,0,0,,,,,0,,,,0,0,0,,,,,,,,,,,,,,,,,,,,,,,,,,,,,,,,,,,,,,,,,,,,,,,,,,,,,,,,,,,,,,,,,,,,,,,,,,,,,,,,,,,,,,,,,,,,
375,5000003031,2017,1,1,0,0,0,551,,DIAMOND,DL00,RM00,,,,,,,,,0,0,,H,USD,32.89,0,32.89,,,,3,LB,3,LB,3,LB,,,,,0,,,0,X,,,,,,NA00,,,,,,,,,,,,2017,,,US00,,0,,0,0,0,,0,2,,,,,,,,,B,,,,0,,,,,0,0,0,,,,,0,,0,0,0,,,,,0,,,,0,0,0,,,,,,,,,,,,,,,,,,,,,,,,,,,,,,,,,,,,,,,,,,,,,,,,,,,,,,,,,,,,,,,,,,,,,,,,,,,,,,,,,,,,,,,,,,,,
375,5000003032,2017,1,1,0,0,0,551,,DIAMOND,DL00,RM00,,,,,,,,,0,0,,H,USD,43.85,0,43.85,,,,4,LB,4,LB,4,LB,,,,,0,,,0,X,,,,,,NA00,,,,,,,,,,,,2017,,,US00,,0,,0,0,0,,0,2,,,,,,,,,B,,,,0,,,,,0,0,0,,,,,0,,0,0,0,,,,,0,,,,0,0,0,,,,,,,,,,,,,,,,,,,,,,,,,,,,,,,,,,,,,,,,,,,,,,,,,,,,,,,,,,,,,,,,,,,,,,,,,,,,,,,,,,,,,,,,,,,,
375,5000003033,2017,1,1,0,0,0,551,,DIAMOND,DL00,RM00,,,,,,,,,0,0,,H,USD,21.93,0,21.93,,,,2,LB,2,LB,2,LB,,,,,0,,,0,X,,,,,,NA00,,,,,,,,,,,,2017,,,US00,,0,,0,0,0,,0,2,,,,,,,,,B,,,,0,,,,,0,0,0,,,,,0,,0,0,0,,,,,0,,,,0,0,0,,,,,,,,,,,,,,,,,,,,,,,,,,,,,,,,,,,,,,,,,,,,,,,,,,,,,,,,,,,,,,,,,,,,,,,,,,,,,,,,,,,,,,,,,,,,
375,5000003034,2017,1,1,0,0,0,551,,DIAMOND,DL00,RM00,,,,,,,,,0,0,,H,USD,252.15,0,252.15,,,,23,LB,23,LB,23,LB,,,,,0,,,0,X,,,,,,NA00,,,,,,,,,,,,2017,,,US00,,0,,0,0,0,,0,2,,,,,,,,,B,,,,0,,,,,0,0,0,,,,,0,,0,0,0,,,,,0,,,,0,0,0,,,,,,,,,,,,,,,,,,,,,,,,,,,,,,,,,,,,,,,,,,,,,,,,,,,,,,,,,,,,,,,,,,,,,,,,,,,,,,,,,,,,,,,,,,,,
375,5000003035,2017,1,1,0,0,0,551,,DIAMOND,DL00,RM00,,,,,,,,,0,0,,H,USD,537.18,0,537.18,,,,49,LB,49,LB,49,LB,,,,,0,,,0,X,,,,,,NA00,,,,,,,,,,,,2017,,,US00,,0,,0,0,0,,0,2,,,,,,,,,B,,,,0,,,,,0,0,0,,,,,0,,0,0,0,,,,,0,,,,0,0,0,,,,,,,,,,,,,,,,,,,,,,,,,,,,,,,,,,,,,,,,,,,,,,,,,,,,,,,,,,,,,,,,,,,,,,,,,,,,,,,,,,,,,,,,,,,,
375,5000003036,2017,1,1,0,0,0,551,,DIAMOND,DL00,RM00,,,,,,,,,0,0,,H,USD,504.29,0,504.29,,,,46,LB,46,LB,46,LB,,,,,0,,,0,X,,,,,,NA00,,,,,,,,,,,,2017,,,US00,,0,,0,0,0,,0,2,,,,,,,,,B,,,,0,,,,,0,0,0,,,,,0,,0,0,0,,,,,0,,,,0,0,0,,,,,,,,,,,,,,,,,,,,,,,,,,,,,,,,,,,,,,,,,,,,,,,,,,,,,,,,,,,,,,,,,,,,,,,,,,,,,,,,,,,,,,,,,,,,
375,5000003037,2017,1,1,0,0,0,551,,DIAMOND,DL00,RM00,,,,,,,,,0,0,,H,USD,87.70,0,87.70,,,,8,LB,8,LB,8,LB,,,,,0,,,0,X,,,,,,NA00,,,,,,,,,,,,2017,,,US00,,0,,0,0,0,,0,2,,,,,,,,,B,,,,0,,,,,0,0,0,,,,,0,,0,0,0,,,,,0,,,,0,0,0,,,,,,,,,,,,,,,,,,,,,,,,,,,,,,,,,,,,,,,,,,,,,,,,,,,,,,,,,,,,,,,,,,,,,,,,,,,,,,,,,,,,,,,,,,,,
375,5000003038,2017,1,1,0,0,0,551,,GOLD,DL00,RM00,,,,,,,,,0,0,,H,USD,15955.89,0,15955.89,,,,61,G,61,G,61,G,,,,,0,,,0,X,,,,,,NA00,,,,,,,,,,,,2017,,,US00,,0,,0,0,0,,0,2,,,,,,,,,B,,,,0,,,,,0,0,0,,,,,0,,0,0,0,,,,,0,,,,0,0,0,,,,,,,,,,,,,,,,,,,,,,,,,,,,,,,,,,,,,,,,,,,,,,,,,,,,,,,,,,,,,,,,,,,,,,,,,,,,,,,,,,,,,,,,,,,,
375,5000003039,2017,1,1,0,0,0,551,,GOLD,DL00,RM00,,,,,,,,,0,0,,H,USD,523.14,0,523.14,,,,2,G,2,G,2,G,,,,,0,,,0,X,,,,,,NA00,,,,,,,,,,,,2017,,,US00,,0,,0,0,0,,0,2,,,,,,,,,B,,,,0,,,,,0,0,0,,,,,0,,0,0,0,,,,,0,,,,0,0,0,,,,,,,,,,,,,,,,,,,,,,,,,,,,,,,,,,,,,,,,,,,,,,,,,,,,,,,,,,,,,,,,,,,,,,,,,,,,,,,,,,,,,,,,,,,,
375,5000003040,2017,1,1,0,0,0,551,,GOLD,DL00,RM00,,,,,,,,,0,0,,H,USD,20925.76,0,20925.76,,,,80,G,80,G,80,G,,,,,0,,,0,X,,,,,,NA00,,,,,,,,,,,,2017,,,US00,,0,,0,0,0,,0,2,,,,,,,,,B,,,,0,,,,,0,0,0,,,,,0,,0,0,0,,,,,0,,,,0,0,0,,,,,,,,,,,,,,,,,,,,,,,,,,,,,,,,,,,,,,,,,,,,,,,,,,,,,,,,,,,,,,,,,,,,,,,,,,,,,,,,,,,,,,,,,,,,
375,5000003041,2017,1,1,0,0,0,551,,HEXNT,DL00,RM00,,,,,,,,,0,0,,H,USD,2297.28,0,2297.28,,,,1870,LB,1870,LB,1870,LB,,,,,0,,,0,X,,,,,,NA00,,,,,,,,,,,,2017,,,US00,,0,,0,0,0,,0,2,,,,,,,,,B,,,,0,,,,,0,0,0,,,,,0,,0,0,0,,,,,0,,,,0,0,0,,,,,,,,,,,,,,,,,,,,,,,,,,,,,,,,,,,,,,,,,,,,,,,,,,,,,,,,,,,,,,,,,,,,,,,,,,,,,,,,,,,,,,,,,,,,
375,5000003042,2017,1,1,0,0,0,551,,ICAN HEADMASK,DL00,RM00,,,,,,,,,0,0,,H,USD,7944.39,0,7944.39,,,,8,EA,8,EA,8,EA,,,,,0,,,0,X,,,,,,NA00,,,,,,,,,,,,2017,,,US00,,0,,0,0,0,,0,2,,,,,,,,,B,,,,0,,,,,0,0,0,,,,,0,,0,0,0,,,,,0,,,,0,0,0,,,,,,,,,,,,,,,,,,,,,,,,,,,,,,,,,,,,,,,,,,,,,,,,,,,,,,,,,,,,,,,,,,,,,,,,,,,,,,,,,,,,,,,,,,,,
375,5000003043,2017,1,1,0,0,0,551,,IRON,DL00,RM00,,,,,,,,,0,0,,H,USD,85.88,0,85.88,,,,184,LB,184,LB,184,LB,,,,,0,,,0,X,,,,,,NA00,,,,,,,,,,,,2017,,,US00,,0,,0,0,0,,0,2,,,,,,,,,B,,,,0,,,,,0,0,0,,,,,0,,0,0,0,,,,,0,,,,0,0,0,,,,,,,,,,,,,,,,,,,,,,,,,,,,,,,,,,,,,,,,,,,,,,,,,,,,,,,,,,,,,,,,,,,,,,,,,,,,,,,,,,,,,,,,,,,,
375,5000003044,2017,1,1,0,0,0,551,,IRON,DL00,RM00,,,,,,,,,0,0,,H,USD,37.81,0,37.81,,,,81,LB,81,LB,81,LB,,,,,0,,,0,X,,,,,,NA00,,,,,,,,,,,,2017,,,US00,,0,,0,0,0,,0,2,,,,,,,,,B,,,,0,,,,,0,0,0,,,,,0,,0,0,0,,,,,0,,,,0,0,0,,,,,,,,,,,,,,,,,,,,,,,,,,,,,,,,,,,,,,,,,,,,,,,,,,,,,,,,,,,,,,,,,,,,,,,,,,,,,,,,,,,,,,,,,,,,
375,5000003045,2017,1,1,0,0,0,551,,IRON,DL00,RM00,,,,,,,,,0,0,,H,USD,3.27,0,3.27,,,,7,LB,7,LB,7,LB,,,,,0,,,0,X,,,,,,NA00,,,,,,,,,,,,2017,,,US00,,0,,0,0,0,,0,2,,,,,,,,,B,,,,0,,,,,0,0,0,,,,,0,,0,0,0,,,,,0,,,,0,0,0,,,,,,,,,,,,,,,,,,,,,,,,,,,,,,,,,,,,,,,,,,,,,,,,,,,,,,,,,,,,,,,,,,,,,,,,,,,,,,,,,,,,,,,,,,,,
375,5000003046,2017,1,1,0,0,0,551,,IRON,DL00,RM00,,,,,,,,,0,0,,H,USD,0.47,0,0.47,,,,1,LB,1,LB,1,LB,,,,,0,,,0,X,,,,,,NA00,,,,,,,,,,,,2017,,,US00,,0,,0,0,0,,0,2,,,,,,,,,B,,,,0,,,,,0,0,0,,,,,0,,0,0,0,,,,,0,,,,0,0,0,,,,,,,,,,,,,,,,,,,,,,,,,,,,,,,,,,,,,,,,,,,,,,,,,,,,,,,,,,,,,,,,,,,,,,,,,,,,,,,,,,,,,,,,,,,,
375,5000003047,2017,1,1,0,0,0,551,,IRON,DL00,RM00,,,,,,,,,0,0,,H,USD,226.36,0,226.36,,,,485,LB,485,LB,485,LB,,,,,0,,,0,X,,,,,,NA00,,,,,,,,,,,,2017,,,US00,,0,,0,0,0,,0,2,,,,,,,,,B,,,,0,,,,,0,0,0,,,,,0,,0,0,0,,,,,0,,,,0,0,0,,,,,,,,,,,,,,,,,,,,,,,,,,,,,,,,,,,,,,,,,,,,,,,,,,,,,,,,,,,,,,,,,,,,,,,,,,,,,,,,,,,,,,,,,,,,
375,5000003048,2017,1,1,0,0,0,551,,IRON,DL00,RM00,,,,,,,,,0,0,,H,USD,147.49,0,147.49,,,,316,LB,316,LB,316,LB,,,,,0,,,0,X,,,,,,NA00,,,,,,,,,,,,2017,,,US00,,0,,0,0,0,,0,2,,,,,,,,,B,,,,0,,,,,0,0,0,,,,,0,,0,0,0,,,,,0,,,,0,0,0,,,,,,,,,,,,,,,,,,,,,,,,,,,,,,,,,,,,,,,,,,,,,,,,,,,,,,,,,,,,,,,,,,,,,,,,,,,,,,,,,,,,,,,,,,,,
375,5000003049,2017,1,1,0,0,0,551,,IRON,DL00,RM00,,,,,,,,,0,0,,H,USD,33.60,0,33.60,,,,72,LB,72,LB,72,LB,,,,,0,,,0,X,,,,,,NA00,,,,,,,,,,,,2017,,,US00,,0,,0,0,0,,0,2,,,,,,,,,B,,,,0,,,,,0,0,0,,,,,0,,0,0,0,,,,,0,,,,0,0,0,,,,,,,,,,,,,,,,,,,,,,,,,,,,,,,,,,,,,,,,,,,,,,,,,,,,,,,,,,,,,,,,,,,,,,,,,,,,,,,,,,,,,,,,,,,,
375,5000003050,2017,1,1,0,0,0,551,,IRON,DL00,RM00,,,,,,,,,0,0,,H,USD,50.41,0,50.41,,,,108,LB,108,LB,108,LB,,,,,0,,,0,X,,,,,,NA00,,,,,,,,,,,,2017,,,US00,,0,,0,0,0,,0,2,,,,,,,,,B,,,,0,,,,,0,0,0,,,,,0,,0,0,0,,,,,0,,,,0,0,0,,,,,,,,,,,,,,,,,,,,,,,,,,,,,,,,,,,,,,,,,,,,,,,,,,,,,,,,,,,,,,,,,,,,,,,,,,,,,,,,,,,,,,,,,,,,
375,5000003051,2017,1,1,0,0,0,551,,IRON,DL00,RM00,,,,,,,,,0,0,,H,USD,28.47,0,28.47,,,,61,LB,61,LB,61,LB,,,,,0,,,0,X,,,,,,NA00,,,,,,,,,,,,2017,,,US00,,0,,0,0,0,,0,2,,,,,,,,,B,,,,0,,,,,0,0,0,,,,,0,,0,0,0,,,,,0,,,,0,0,0,,,,,,,,,,,,,,,,,,,,,,,,,,,,,,,,,,,,,,,,,,,,,,,,,,,,,,,,,,,,,,,,,,,,,,,,,,,,,,,,,,,,,,,,,,,,
375,5000003052,2017,1,1,0,0,0,551,,IRON,DL00,RM00,,,,,,,,,0,0,,H,USD,102.68,0,102.68,,,,220,LB,220,LB,220,LB,,,,,0,,,0,X,,,,,,NA00,,,,,,,,,,,,2017,,,US00,,0,,0,0,0,,0,2,,,,,,,,,B,,,,0,,,,,0,0,0,,,,,0,,0,0,0,,,,,0,,,,0,0,0,,,,,,,,,,,,,,,,,,,,,,,,,,,,,,,,,,,,,,,,,,,,,,,,,,,,,,,,,,,,,,,,,,,,,,,,,,,,,,,,,,,,,,,,,,,,
375,5000003053,2017,1,1,0,0,0,551,,IRON,DL00,RM00,,,,,,,,,0,0,,H,USD,7.00,0,7.00,,,,15,LB,15,LB,15,LB,,,,,0,,,0,X,,,,,,NA00,,,,,,,,,,,,2017,,,US00,,0,,0,0,0,,0,2,,,,,,,,,B,,,,0,,,,,0,0,0,,,,,0,,0,0,0,,,,,0,,,,0,0,0,,,,,,,,,,,,,,,,,,,,,,,,,,,,,,,,,,,,,,,,,,,,,,,,,,,,,,,,,,,,,,,,,,,,,,,,,,,,,,,,,,,,,,,,,,,,
375,5000003054,2017,1,1,0,0,0,551,,IRON,DL00,RM00,,,,,,,,,0,0,,H,USD,136.29,0,136.29,,,,292,LB,292,LB,292,LB,,,,,0,,,0,X,,,,,,NA00,,,,,,,,,,,,2017,,,US00,,0,,0,0,0,,0,2,,,,,,,,,B,,,,0,,,,,0,0,0,,,,,0,,0,0,0,,,,,0,,,,0,0,0,,,,,,,,,,,,,,,,,,,,,,,,,,,,,,,,,,,,,,,,,,,,,,,,,,,,,,,,,,,,,,,,,,,,,,,,,,,,,,,,,,,,,,,,,,,,
375,5000003055,2017,1,1,0,0,0,551,,KRYPTONITE,DL00,RM00,,,,,,,,,0,0,,H,USD,157492.60,0,157492.60,,,,6277,LB,6277,LB,6277,LB,,,,,0,,,0,X,,,,,,NA00,,,,,,,,,,,,2017,,,US00,,0,,0,0,0,,0,2,,,,,,,,,B,,,,0,,,,,0,0,0,,,,,0,,0,0,0,,,,,0,,,,0,0,0,,,,,,,,,,,,,,,,,,,,,,,,,,,,,,,,,,,,,,,,,,,,,,,,,,,,,,,,,,,,,,,,,,,,,,,,,,,,,,,,,,,,,,,,,,,,
375,5000003056,2017,1,1,0,0,0,551,,KRYPTONITE,DL00,RM00,,,,,,,,,0,0,,H,USD,23835.90,0,23835.90,,,,950,LB,950,LB,950,LB,,,,,0,,,0,X,,,,,,NA00,,,,,,,,,,,,2017,,,US00,,0,,0,0,0,,0,2,,,,,,,,,B,,,,0,,,,,0,0,0,,,,,0,,0,0,0,,,,,0,,,,0,0,0,,,,,,,,,,,,,,,,,,,,,,,,,,,,,,,,,,,,,,,,,,,,,,,,,,,,,,,,,,,,,,,,,,,,,,,,,,,,,,,,,,,,,,,,,,,,
375,5000003057,2017,1,1,0,0,0,551,,MAGICDUST,DL00,RM00,,,,,,,,,0,0,,H,USD,491.93,0,491.93,,,,39,LB,39,LB,39,LB,,,,,0,,,0,X,,,,,,NA00,,,,,,,,,,,,2017,,,US00,,0,,0,0,0,,0,2,,,,,,,,,B,,,,0,,,,,0,0,0,,,,,0,,0,0,0,,,,,0,,,,0,0,0,,,,,,,,,,,,,,,,,,,,,,,,,,,,,,,,,,,,,,,,,,,,,,,,,,,,,,,,,,,,,,,,,,,,,,,,,,,,,,,,,,,,,,,,,,,,
375,5000003058,2017,1,1,0,0,0,551,,MAGICDUST,DL00,RM00,,,,,,,,,0,0,,H,USD,189.20,0,189.20,,,,15,LB,15,LB,15,LB,,,,,0,,,0,X,,,,,,NA00,,,,,,,,,,,,2017,,,US00,,0,,0,0,0,,0,2,,,,,,,,,B,,,,0,,,,,0,0,0,,,,,0,,0,0,0,,,,,0,,,,0,0,0,,,,,,,,,,,,,,,,,,,,,,,,,,,,,,,,,,,,,,,,,,,,,,,,,,,,,,,,,,,,,,,,,,,,,,,,,,,,,,,,,,,,,,,,,,,,
375,5000003059,2017,1,1,0,0,0,551,,MAGICDUST,DL00,RM00,,,,,,,,,0,0,,H,USD,327.95,0,327.95,,,,26,LB,26,LB,26,LB,,,,,0,,,0,X,,,,,,NA00,,,,,,,,,,,,2017,,,US00,,0,,0,0,0,,0,2,,,,,,,,,B,,,,0,,,,,0,0,0,,,,,0,,0,0,0,,,,,0,,,,0,0,0,,,,,,,,,,,,,,,,,,,,,,,,,,,,,,,,,,,,,,,,,,,,,,,,,,,,,,,,,,,,,,,,,,,,,,,,,,,,,,,,,,,,,,,,,,,,
375,5000003060,2017,1,1,0,0,0,551,,MAGICDUST,DL00,RM00,,,,,,,,,0,0,,H,USD,290.11,0,290.11,,,,23,LB,23,LB,23,LB,,,,,0,,,0,X,,,,,,NA00,,,,,,,,,,,,2017,,,US00,,0,,0,0,0,,0,2,,,,,,,,,B,,,,0,,,,,0,0,0,,,,,0,,0,0,0,,,,,0,,,,0,0,0,,,,,,,,,,,,,,,,,,,,,,,,,,,,,,,,,,,,,,,,,,,,,,,,,,,,,,,,,,,,,,,,,,,,,,,,,,,,,,,,,,,,,,,,,,,,
375,5000003061,2017,1,1,0,0,0,551,,MAGICDUST,DL00,RM00,,,,,,,,,0,0,,H,USD,239.66,0,239.66,,,,19,LB,19,LB,19,LB,,,,,0,,,0,X,,,,,,NA00,,,,,,,,,,,,2017,,,US00,,0,,0,0,0,,0,2,,,,,,,,,B,,,,0,,,,,0,0,0,,,,,0,,0,0,0,,,,,0,,,,0,0,0,,,,,,,,,,,,,,,,,,,,,,,,,,,,,,,,,,,,,,,,,,,,,,,,,,,,,,,,,,,,,,,,,,,,,,,,,,,,,,,,,,,,,,,,,,,,
375,5000003062,2017,1,1,0,0,0,551,,MAGICDUST,DL00,RM00,,,,,,,,,0,0,,H,USD,264.88,0,264.88,,,,21,LB,21,LB,21,LB,,,,,0,,,0,X,,,,,,NA00,,,,,,,,,,,,2017,,,US00,,0,,0,0,0,,0,2,,,,,,,,,B,,,,0,,,,,0,0,0,,,,,0,,0,0,0,,,,,0,,,,0,0,0,,,,,,,,,,,,,,,,,,,,,,,,,,,,,,,,,,,,,,,,,,,,,,,,,,,,,,,,,,,,,,,,,,,,,,,,,,,,,,,,,,,,,,,,,,,,
375,5000003063,2017,1,1,0,0,0,551,,MAGICDUST,DL00,RM00,,,,,,,,,0,0,,H,USD,201.82,0,201.82,,,,16,LB,16,LB,16,LB,,,,,0,,,0,X,,,,,,NA00,,,,,,,,,,,,2017,,,US00,,0,,0,0,0,,0,2,,,,,,,,,B,,,,0,,,,,0,0,0,,,,,0,,0,0,0,,,,,0,,,,0,0,0,,,,,,,,,,,,,,,,,,,,,,,,,,,,,,,,,,,,,,,,,,,,,,,,,,,,,,,,,,,,,,,,,,,,,,,,,,,,,,,,,,,,,,,,,,,,
375,5000003064,2017,1,1,0,0,0,551,,MAGICDUST,DL00,RM00,,,,,,,,,0,0,,H,USD,302.72,0,302.72,,,,24,LB,24,LB,24,LB,,,,,0,,,0,X,,,,,,NA00,,,,,,,,,,,,2017,,,US00,,0,,0,0,0,,0,2,,,,,,,,,B,,,,0,,,,,0,0,0,,,,,0,,0,0,0,,,,,0,,,,0,0,0,,,,,,,,,,,,,,,,,,,,,,,,,,,,,,,,,,,,,,,,,,,,,,,,,,,,,,,,,,,,,,,,,,,,,,,,,,,,,,,,,,,,,,,,,,,,
375,5000003065,2017,1,1,0,0,0,551,,MAGICDUST,DL00,RM00,,,,,,,,,0,0,,H,USD,201.82,0,201.82,,,,16,LB,16,LB,16,LB,,,,,0,,,0,X,,,,,,NA00,,,,,,,,,,,,2017,,,US00,,0,,0,0,0,,0,2,,,,,,,,,B,,,,0,,,,,0,0,0,,,,,0,,0,0,0,,,,,0,,,,0,0,0,,,,,,,,,,,,,,,,,,,,,,,,,,,,,,,,,,,,,,,,,,,,,,,,,,,,,,,,,,,,,,,,,,,,,,,,,,,,,,,,,,,,,,,,,,,,
375,5000003066,2017,1,1,0,0,0,551,,ORANGE,DL00,RM00,,,,,,,,,0,0,,H,USD,77978.97,0,77978.97,,,,267,TO,267,TO,267,TO,,,,,0,,,0,X,,,,,,NA00,,,,,,,,,,,,2017,,,US00,,0,,0,0,0,,0,2,,,,,,,,,B,,,,0,,,,,0,0,0,,,,,0,,0,0,0,,,,,0,,,,0,0,0,,,,,,,,,,,,,,,,,,,,,,,,,,,,,,,,,,,,,,,,,,,,,,,,,,,,,,,,,,,,,,,,,,,,,,,,,,,,,,,,,,,,,,,,,,,,
375,5000003067,2017,1,1,0,0,0,551,,ORANGE,DL00,RM00,,,,,,,,,0,0,,H,USD,12850.47,0,12850.47,,,,44,TO,44,TO,44,TO,,,,,0,,,0,X,,,,,,NA00,,,,,,,,,,,,2017,,,US00,,0,,0,0,0,,0,2,,,,,,,,,B,,,,0,,,,,0,0,0,,,,,0,,0,0,0,,,,,0,,,,0,0,0,,,,,,,,,,,,,,,,,,,,,,,,,,,,,,,,,,,,,,,,,,,,,,,,,,,,,,,,,,,,,,,,,,,,,,,,,,,,,,,,,,,,,,,,,,,,
375,5000003068,2017,1,1,0,0,0,551,,ORANGE,DL00,RM00,,,,,,,,,0,0,,H,USD,15186.92,0,15186.92,,,,52,TO,52,TO,52,TO,,,,,0,,,0,X,,,,,,NA00,,,,,,,,,,,,2017,,,US00,,0,,0,0,0,,0,2,,,,,,,,,B,,,,0,,,,,0,0,0,,,,,0,,0,0,0,,,,,0,,,,0,0,0,,,,,,,,,,,,,,,,,,,,,,,,,,,,,,,,,,,,,,,,,,,,,,,,,,,,,,,,,,,,,,,,,,,,,,,,,,,,,,,,,,,,,,,,,,,,
375,5000003069,2017,1,1,0,0,0,551,,ORANGE,DL00,RM00,,,,,,,,,0,0,,H,USD,148364.49,0,148364.49,,,,508,TO,508,TO,508,TO,,,,,0,,,0,X,,,,,,NA00,,,,,,,,,,,,2017,,,US00,,0,,0,0,0,,0,2,,,,,,,,,B,,,,0,,,,,0,0,0,,,,,0,,0,0,0,,,,,0,,,,0,0,0,,,,,,,,,,,,,,,,,,,,,,,,,,,,,,,,,,,,,,,,,,,,,,,,,,,,,,,,,,,,,,,,,,,,,,,,,,,,,,,,,,,,,,,,,,,,
375,5000003070,2017,1,1,0,0,0,551,,ORANGE,DL00,RM00,,,,,,,,,0,0,,H,USD,35630.84,0,35630.84,,,,122,TO,122,TO,122,TO,,,,,0,,,0,X,,,,,,NA00,,,,,,,,,,,,2017,,,US00,,0,,0,0,0,,0,2,,,,,,,,,B,,,,0,,,,,0,0,0,,,,,0,,0,0,0,,,,,0,,,,0,0,0,,,,,,,,,,,,,,,,,,,,,,,,,,,,,,,,,,,,,,,,,,,,,,,,,,,,,,,,,,,,,,,,,,,,,,,,,,,,,,,,,,,,,,,,,,,,
375,5000003071,2017,1,1,0,0,0,551,,ORANGE,DL00,RM00,,,,,,,,,0,0,,H,USD,52278.04,0,52278.04,,,,179,TO,179,TO,179,TO,,,,,0,,,0,X,,,,,,NA00,,,,,,,,,,,,2017,,,US00,,0,,0,0,0,,0,2,,,,,,,,,B,,,,0,,,,,0,0,0,,,,,0,,0,0,0,,,,,0,,,,0,0,0,,,,,,,,,,,,,,,,,,,,,,,,,,,,,,,,,,,,,,,,,,,,,,,,,,,,,,,,,,,,,,,,,,,,,,,,,,,,,,,,,,,,,,,,,,,,
375,5000003072,2017,1,1,0,0,0,551,,ORANGE,DL00,RM00,,,,,,,,,0,0,,H,USD,100175.23,0,100175.23,,,,343,TO,343,TO,343,TO,,,,,0,,,0,X,,,,,,NA00,,,,,,,,,,,,2017,,,US00,,0,,0,0,0,,0,2,,,,,,,,,B,,,,0,,,,,0,0,0,,,,,0,,0,0,0,,,,,0,,,,0,0,0,,,,,,,,,,,,,,,,,,,,,,,,,,,,,,,,,,,,,,,,,,,,,,,,,,,,,,,,,,,,,,,,,,,,,,,,,,,,,,,,,,,,,,,,,,,,
375,5000003073,2017,1,1,0,0,0,551,,ORANGE,DL00,RM00,,,,,,,,,0,0,,H,USD,584.11,0,584.11,,,,2,TO,2,TO,2,TO,,,,,0,,,0,X,,,,,,NA00,,,,,,,,,,,,2017,,,US00,,0,,0,0,0,,0,2,,,,,,,,,B,,,,0,,,,,0,0,0,,,,,0,,0,0,0,,,,,0,,,,0,0,0,,,,,,,,,,,,,,,,,,,,,,,,,,,,,,,,,,,,,,,,,,,,,,,,,,,,,,,,,,,,,,,,,,,,,,,,,,,,,,,,,,,,,,,,,,,,
375,5000003074,2017,1,1,0,0,0,551,,ORANGE,DL00,RM00,,,,,,,,,0,0,,H,USD,10514.02,0,10514.02,,,,36,TO,36,TO,36,TO,,,,,0,,,0,X,,,,,,NA00,,,,,,,,,,,,2017,,,US00,,0,,0,0,0,,0,2,,,,,,,,,B,,,,0,,,,,0,0,0,,,,,0,,0,0,0,,,,,0,,,,0,0,0,,,,,,,,,,,,,,,,,,,,,,,,,,,,,,,,,,,,,,,,,,,,,,,,,,,,,,,,,,,,,,,,,,,,,,,,,,,,,,,,,,,,,,,,,,,,
375,5000003075,2017,1,1,0,0,0,551,,ORANGE,DL00,RM00,,,,,,,,,0,0,,H,USD,39135.51,0,39135.51,,,,134,TO,134,TO,134,TO,,,,,0,,,0,X,,,,,,NA00,,,,,,,,,,,,2017,,,US00,,0,,0,0,0,,0,2,,,,,,,,,B,,,,0,,,,,0,0,0,,,,,0,,0,0,0,,,,,0,,,,0,0,0,,,,,,,,,,,,,,,,,,,,,,,,,,,,,,,,,,,,,,,,,,,,,,,,,,,,,,,,,,,,,,,,,,,,,,,,,,,,,,,,,,,,,,,,,,,,
375,5000003076,2017,1,1,0,0,0,551,,ORANGE,DL00,RM00,,,,,,,,,0,0,,H,USD,21320.09,0,21320.09,,,,73,TO,73,TO,73,TO,,,,,0,,,0,X,,,,,,NA00,,,,,,,,,,,,2017,,,US00,,0,,0,0,0,,0,2,,,,,,,,,B,,,,0,,,,,0,0,0,,,,,0,,0,0,0,,,,,0,,,,0,0,0,,,,,,,,,,,,,,,,,,,,,,,,,,,,,,,,,,,,,,,,,,,,,,,,,,,,,,,,,,,,,,,,,,,,,,,,,,,,,,,,,,,,,,,,,,,,
375,5000003077,2017,1,1,0,0,0,551,,ORANGE,DL00,RM00,,,,,,,,,0,0,,H,USD,292.06,0,292.06,,,,1,TO,1,TO,1,TO,,,,,0,,,0,X,,,,,,NA00,,,,,,,,,,,,2017,,,US00,,0,,0,0,0,,0,2,,,,,,,,,B,,,,0,,,,,0,0,0,,,,,0,,0,0,0,,,,,0,,,,0,0,0,,,,,,,,,,,,,,,,,,,,,,,,,,,,,,,,,,,,,,,,,,,,,,,,,,,,,,,,,,,,,,,,,,,,,,,,,,,,,,,,,,,,,,,,,,,,
375,5000003078,2017,1,1,0,0,0,551,,ORANGE,DL00,RM00,,,,,,,,,0,0,,H,USD,79731.31,0,79731.31,,,,273,TO,273,TO,273,TO,,,,,0,,,0,X,,,,,,NA00,,,,,,,,,,,,2017,,,US00,,0,,0,0,0,,0,2,,,,,,,,,B,,,,0,,,,,0,0,0,,,,,0,,0,0,0,,,,,0,,,,0,0,0,,,,,,,,,,,,,,,,,,,,,,,,,,,,,,,,,,,,,,,,,,,,,,,,,,,,,,,,,,,,,,,,,,,,,,,,,,,,,,,,,,,,,,,,,,,,
375,5000003079,2017,1,1,0,0,0,551,,ORANGE,DL00,RM00,,,,,,,,,0,0,,H,USD,34462.62,0,34462.62,,,,118,TO,118,TO,118,TO,,,,,0,,,0,X,,,,,,NA00,,,,,,,,,,,,2017,,,US00,,0,,0,0,0,,0,2,,,,,,,,,B,,,,0,,,,,0,0,0,,,,,0,,0,0,0,,,,,0,,,,0,0,0,,,,,,,,,,,,,,,,,,,,,,,,,,,,,,,,,,,,,,,,,,,,,,,,,,,,,,,,,,,,,,,,,,,,,,,,,,,,,,,,,,,,,,,,,,,,
375,5000003080,2017,1,1,0,0,0,551,,PALLADIUM,DL00,RM00,,,,,,,,,0,0,,H,USD,46.84,0,46.84,,,,2,G,2,G,2,G,,,,,0,,,0,X,,,,,,NA00,,,,,,,,,,,,2017,,,US00,,0,,0,0,0,,0,2,,,,,,,,,B,,,,0,,,,,0,0,0,,,,,0,,0,0,0,,,,,0,,,,0,0,0,,,,,,,,,,,,,,,,,,,,,,,,,,,,,,,,,,,,,,,,,,,,,,,,,,,,,,,,,,,,,,,,,,,,,,,,,,,,,,,,,,,,,,,,,,,,
375,5000003081,2017,1,1,0,0,0,551,,PALLADIUM,DL00,RM00,,,,,,,,,0,0,,H,USD,23.42,0,23.42,,,,1,G,1,G,1,G,,,,,0,,,0,X,,,,,,NA00,,,,,,,,,,,,2017,,,US00,,0,,0,0,0,,0,2,,,,,,,,,B,,,,0,,,,,0,0,0,,,,,0,,0,0,0,,,,,0,,,,0,0,0,,,,,,,,,,,,,,,,,,,,,,,,,,,,,,,,,,,,,,,,,,,,,,,,,,,,,,,,,,,,,,,,,,,,,,,,,,,,,,,,,,,,,,,,,,,,
375,5000003082,2017,1,1,0,0,0,551,,PALLADIUM,DL00,RM00,,,,,,,,,0,0,,H,USD,23.42,0,23.42,,,,1,G,1,G,1,G,,,,,0,,,0,X,,,,,,NA00,,,,,,,,,,,,2017,,,US00,,0,,0,0,0,,0,2,,,,,,,,,B,,,,0,,,,,0,0,0,,,,,0,,0,0,0,,,,,0,,,,0,0,0,,,,,,,,,,,,,,,,,,,,,,,,,,,,,,,,,,,,,,,,,,,,,,,,,,,,,,,,,,,,,,,,,,,,,,,,,,,,,,,,,,,,,,,,,,,,
375,5000003083,2017,1,1,0,0,0,551,,PALLADIUM,DL00,RM00,,,,,,,,,0,0,,H,USD,46.84,0,46.84,,,,2,G,2,G,2,G,,,,,0,,,0,X,,,,,,NA00,,,,,,,,,,,,2017,,,US00,,0,,0,0,0,,0,2,,,,,,,,,B,,,,0,,,,,0,0,0,,,,,0,,0,0,0,,,,,0,,,,0,0,0,,,,,,,,,,,,,,,,,,,,,,,,,,,,,,,,,,,,,,,,,,,,,,,,,,,,,,,,,,,,,,,,,,,,,,,,,,,,,,,,,,,,,,,,,,,,
375,5000003084,2017,1,1,0,0,0,551,,PALLADIUM,DL00,RM00,,,,,,,,,0,0,,H,USD,46.84,0,46.84,,,,2,G,2,G,2,G,,,,,0,,,0,X,,,,,,NA00,,,,,,,,,,,,2017,,,US00,,0,,0,0,0,,0,2,,,,,,,,,B,,,,0,,,,,0,0,0,,,,,0,,0,0,0,,,,,0,,,,0,0,0,,,,,,,,,,,,,,,,,,,,,,,,,,,,,,,,,,,,,,,,,,,,,,,,,,,,,,,,,,,,,,,,,,,,,,,,,,,,,,,,,,,,,,,,,,,,
375,5000003085,2017,1,1,0,0,0,551,,PAPER,DL00,RM00,,,,,,,,,0,0,,H,USD,0.25,0,0.25,,,,141,LB,141,LB,141,LB,,,,,0,,,0,X,,,,,,NA00,,,,,,,,,,,,2017,,,US00,,0,,0,0,0,,0,2,,,,,,,,,B,,,,0,,,,,0,0,0,,,,,0,,0,0,0,,,,,0,,,,0,0,0,,,,,,,,,,,,,,,,,,,,,,,,,,,,,,,,,,,,,,,,,,,,,,,,,,,,,,,,,,,,,,,,,,,,,,,,,,,,,,,,,,,,,,,,,,,,
375,5000003086,2017,1,1,0,0,0,551,,PAPER,DL00,RM00,,,,,,,,,0,0,,H,USD,0.41,0,0.41,,,,227,LB,227,LB,227,LB,,,,,0,,,0,X,,,,,,NA00,,,,,,,,,,,,2017,,,US00,,0,,0,0,0,,0,2,,,,,,,,,B,,,,0,,,,,0,0,0,,,,,0,,0,0,0,,,,,0,,,,0,0,0,,,,,,,,,,,,,,,,,,,,,,,,,,,,,,,,,,,,,,,,,,,,,,,,,,,,,,,,,,,,,,,,,,,,,,,,,,,,,,,,,,,,,,,,,,,,
375,5000003087,2017,1,1,0,0,0,551,,PAPER,DL00,RM00,,,,,,,,,0,0,,H,USD,0.66,0,0.66,,,,368,LB,368,LB,368,LB,,,,,0,,,0,X,,,,,,NA00,,,,,,,,,,,,2017,,,US00,,0,,0,0,0,,0,2,,,,,,,,,B,,,,0,,,,,0,0,0,,,,,0,,0,0,0,,,,,0,,,,0,0,0,,,,,,,,,,,,,,,,,,,,,,,,,,,,,,,,,,,,,,,,,,,,,,,,,,,,,,,,,,,,,,,,,,,,,,,,,,,,,,,,,,,,,,,,,,,,
375,5000003088,2017,1,1,0,0,0,551,,ROMANIAN RUBY,DL00,RM00,,,,,,,,,0,0,,H,USD,20747.41,0,20747.41,,,,4,G,4,G,4,G,,,,,0,,,0,X,,,,,,NA00,,,,,,,,,,,,2017,,,US00,,0,,0,0,0,,0,2,,,,,,,,,B,,,,0,,,,,0,0,0,,,,,0,,0,0,0,,,,,0,,,,0,0,0,,,,,,,,,,,,,,,,,,,,,,,,,,,,,,,,,,,,,,,,,,,,,,,,,,,,,,,,,,,,,,,,,,,,,,,,,,,,,,,,,,,,,,,,,,,,
375,5000003089,2017,1,1,0,0,0,551,,ROMANIAN RUBY,DL00,RM00,,,,,,,,,0,0,,H,USD,25934.26,0,25934.26,,,,5,G,5,G,5,G,,,,,0,,,0,X,,,,,,NA00,,,,,,,,,,,,2017,,,US00,,0,,0,0,0,,0,2,,,,,,,,,B,,,,0,,,,,0,0,0,,,,,0,,0,0,0,,,,,0,,,,0,0,0,,,,,,,,,,,,,,,,,,,,,,,,,,,,,,,,,,,,,,,,,,,,,,,,,,,,,,,,,,,,,,,,,,,,,,,,,,,,,,,,,,,,,,,,,,,,
375,5000003090,2017,1,1,0,0,0,551,,ROSE ESSENTIAL OIL,DL00,RM00,,,,,,,,,0,0,,H,USD,3.27,0,3.27,,,,1,L,1,L,1,L,,,,,0,,,0,X,,,,,,NA00,,,,,,,,,,,,2017,,,US00,,0,,0,0,0,,0,2,,,,,,,,,B,,,,0,,,,,0,0,0,,,,,0,,0,0,0,,,,,0,,,,0,0,0,,,,,,,,,,,,,,,,,,,,,,,,,,,,,,,,,,,,,,,,,,,,,,,,,,,,,,,,,,,,,,,,,,,,,,,,,,,,,,,,,,,,,,,,,,,,
375,5000003091,2017,1,1,0,0,0,551,,ROSE ESSENTIAL OIL,DL00,RM00,,,,,,,,,0,0,,H,USD,6.53,0,6.53,,,,2,L,2,L,2,L,,,,,0,,,0,X,,,,,,NA00,,,,,,,,,,,,2017,,,US00,,0,,0,0,0,,0,2,,,,,,,,,B,,,,0,,,,,0,0,0,,,,,0,,0,0,0,,,,,0,,,,0,0,0,,,,,,,,,,,,,,,,,,,,,,,,,,,,,,,,,,,,,,,,,,,,,,,,,,,,,,,,,,,,,,,,,,,,,,,,,,,,,,,,,,,,,,,,,,,,
375,5000003092,2017,1,1,0,0,0,551,,ROSE ESSENTIAL OIL,DL00,RM00,,,,,,,,,0,0,,H,USD,3.27,0,3.27,,,,1,L,1,L,1,L,,,,,0,,,0,X,,,,,,NA00,,,,,,,,,,,,2017,,,US00,,0,,0,0,0,,0,2,,,,,,,,,B,,,,0,,,,,0,0,0,,,,,0,,0,0,0,,,,,0,,,,0,0,0,,,,,,,,,,,,,,,,,,,,,,,,,,,,,,,,,,,,,,,,,,,,,,,,,,,,,,,,,,,,,,,,,,,,,,,,,,,,,,,,,,,,,,,,,,,,
375,5000003093,2017,1,1,0,0,0,551,,ROSE ESSENTIAL OIL,DL00,RM00,,,,,,,,,0,0,,H,USD,6.53,0,6.53,,,,2,L,2,L,2,L,,,,,0,,,0,X,,,,,,NA00,,,,,,,,,,,,2017,,,US00,,0,,0,0,0,,0,2,,,,,,,,,B,,,,0,,,,,0,0,0,,,,,0,,0,0,0,,,,,0,,,,0,0,0,,,,,,,,,,,,,,,,,,,,,,,,,,,,,,,,,,,,,,,,,,,,,,,,,,,,,,,,,,,,,,,,,,,,,,,,,,,,,,,,,,,,,,,,,,,,
375,5000003094,2017,1,1,0,0,0,551,,ROSE ESSENTIAL OIL,DL00,RM00,,,,,,,,,0,0,,H,USD,3.27,0,3.27,,,,1,L,1,L,1,L,,,,,0,,,0,X,,,,,,NA00,,,,,,,,,,,,2017,,,US00,,0,,0,0,0,,0,2,,,,,,,,,B,,,,0,,,,,0,0,0,,,,,0,,0,0,0,,,,,0,,,,0,0,0,,,,,,,,,,,,,,,,,,,,,,,,,,,,,,,,,,,,,,,,,,,,,,,,,,,,,,,,,,,,,,,,,,,,,,,,,,,,,,,,,,,,,,,,,,,,
375,5000003095,2017,1,1,0,0,0,551,,ROSE ESSENTIAL OIL,DL00,RM00,,,,,,,,,0,0,,H,USD,9.80,0,9.80,,,,3,L,3,L,3,L,,,,,0,,,0,X,,,,,,NA00,,,,,,,,,,,,2017,,,US00,,0,,0,0,0,,0,2,,,,,,,,,B,,,,0,,,,,0,0,0,,,,,0,,0,0,0,,,,,0,,,,0,0,0,,,,,,,,,,,,,,,,,,,,,,,,,,,,,,,,,,,,,,,,,,,,,,,,,,,,,,,,,,,,,,,,,,,,,,,,,,,,,,,,,,,,,,,,,,,,
375,5000003096,2017,1,1,0,0,0,551,,ROSE ESSENTIAL OIL,DL00,RM00,,,,,,,,,0,0,,H,USD,3.27,0,3.27,,,,1,L,1,L,1,L,,,,,0,,,0,X,,,,,,NA00,,,,,,,,,,,,2017,,,US00,,0,,0,0,0,,0,2,,,,,,,,,B,,,,0,,,,,0,0,0,,,,,0,,0,0,0,,,,,0,,,,0,0,0,,,,,,,,,,,,,,,,,,,,,,,,,,,,,,,,,,,,,,,,,,,,,,,,,,,,,,,,,,,,,,,,,,,,,,,,,,,,,,,,,,,,,,,,,,,,
375,5000003097,2017,1,1,0,0,0,551,,RUBY,DL00,RM00,,,,,,,,,0,0,,H,USD,289.80,0,289.80,,,,5,G,5,G,5,G,,,,,0,,,0,X,,,,,,NA00,,,,,,,,,,,,2017,,,US00,,0,,0,0,0,,0,2,,,,,,,,,B,,,,0,,,,,0,0,0,,,,,0,,0,0,0,,,,,0,,,,0,0,0,,,,,,,,,,,,,,,,,,,,,,,,,,,,,,,,,,,,,,,,,,,,,,,,,,,,,,,,,,,,,,,,,,,,,,,,,,,,,,,,,,,,,,,,,,,,
375,5000003098,2017,1,1,0,0,0,551,,RUBY,DL00,RM00,,,,,,,,,0,0,,H,USD,2955.95,0,2955.95,,,,51,G,51,G,51,G,,,,,0,,,0,X,,,,,,NA00,,,,,,,,,,,,2017,,,US00,,0,,0,0,0,,0,2,,,,,,,,,B,,,,0,,,,,0,0,0,,,,,0,,0,0,0,,,,,0,,,,0,0,0,,,,,,,,,,,,,,,,,,,,,,,,,,,,,,,,,,,,,,,,,,,,,,,,,,,,,,,,,,,,,,,,,,,,,,,,,,,,,,,,,,,,,,,,,,,,
375,5000003099,2017,1,1,0,0,0,551,,RUBY,DL00,RM00,,,,,,,,,0,0,,H,USD,753.48,0,753.48,,,,13,G,13,G,13,G,,,,,0,,,0,X,,,,,,NA00,,,,,,,,,,,,2017,,,US00,,0,,0,0,0,,0,2,,,,,,,,,B,,,,0,,,,,0,0,0,,,,,0,,0,0,0,,,,,0,,,,0,0,0,,,,,,,,,,,,,,,,,,,,,,,,,,,,,,,,,,,,,,,,,,,,,,,,,,,,,,,,,,,,,,,,,,,,,,,,,,,,,,,,,,,,,,,,,,,,
375,5000003100,2017,1,1,0,0,0,551,,RUSSIAN RUBY,DL00,RM00,,,,,,,,,0,0,,H,USD,29126.60,0,29126.60,,,,8,G,8,G,8,G,,,,,0,,,0,X,,,,,,NA00,,,,,,,,,,,,2017,,,US00,,0,,0,0,0,,0,2,,,,,,,,,B,,,,0,,,,,0,0,0,,,,,0,,0,0,0,,,,,0,,,,0,0,0,,,,,,,,,,,,,,,,,,,,,,,,,,,,,,,,,,,,,,,,,,,,,,,,,,,,,,,,,,,,,,,,,,,,,,,,,,,,,,,,,,,,,,,,,,,,
375,5000003101,2017,1,1,0,0,0,551,,RUSSIAN RUBY,DL00,RM00,,,,,,,,,0,0,,H,USD,14563.30,0,14563.30,,,,4,G,4,G,4,G,,,,,0,,,0,X,,,,,,NA00,,,,,,,,,,,,2017,,,US00,,0,,0,0,0,,0,2,,,,,,,,,B,,,,0,,,,,0,0,0,,,,,0,,0,0,0,,,,,0,,,,0,0,0,,,,,,,,,,,,,,,,,,,,,,,,,,,,,,,,,,,,,,,,,,,,,,,,,,,,,,,,,,,,,,,,,,,,,,,,,,,,,,,,,,,,,,,,,,,,
375,5000003102,2017,1,1,0,0,0,551,,RUSSIAN RUBY,DL00,RM00,,,,,,,,,0,0,,H,USD,72816.49,0,72816.49,,,,20,G,20,G,20,G,,,,,0,,,0,X,,,,,,NA00,,,,,,,,,,,,2017,,,US00,,0,,0,0,0,,0,2,,,,,,,,,B,,,,0,,,,,0,0,0,,,,,0,,0,0,0,,,,,0,,,,0,0,0,,,,,,,,,,,,,,,,,,,,,,,,,,,,,,,,,,,,,,,,,,,,,,,,,,,,,,,,,,,,,,,,,,,,,,,,,,,,,,,,,,,,,,,,,,,,
375,5000003103,2017,1,1,0,0,0,551,,SA SAPPHIRE,DL00,RM00,,,,,,,,,0,0,,H,USD,15459.25,0,15459.25,,,,3,G,3,G,3,G,,,,,0,,,0,X,,,,,,NA00,,,,,,,,,,,,2017,,,US00,,0,,0,0,0,,0,2,,,,,,,,,B,,,,0,,,,,0,0,0,,,,,0,,0,0,0,,,,,0,,,,0,0,0,,,,,,,,,,,,,,,,,,,,,,,,,,,,,,,,,,,,,,,,,,,,,,,,,,,,,,,,,,,,,,,,,,,,,,,,,,,,,,,,,,,,,,,,,,,,
375,5000003104,2017,1,1,0,0,0,551,,SA SAPPHIRE,DL00,RM00,,,,,,,,,0,0,,H,USD,5153.08,0,5153.08,,,,1,G,1,G,1,G,,,,,0,,,0,X,,,,,,NA00,,,,,,,,,,,,2017,,,US00,,0,,0,0,0,,0,2,,,,,,,,,B,,,,0,,,,,0,0,0,,,,,0,,0,0,0,,,,,0,,,,0,0,0,,,,,,,,,,,,,,,,,,,,,,,,,,,,,,,,,,,,,,,,,,,,,,,,,,,,,,,,,,,,,,,,,,,,,,,,,,,,,,,,,,,,,,,,,,,,
375,5000003105,2017,1,1,0,0,0,551,,SA SAPPHIRE,DL00,RM00,,,,,,,,,0,0,,H,USD,15459.25,0,15459.25,,,,3,G,3,G,3,G,,,,,0,,,0,X,,,,,,NA00,,,,,,,,,,,,2017,,,US00,,0,,0,0,0,,0,2,,,,,,,,,B,,,,0,,,,,0,0,0,,,,,0,,0,0,0,,,,,0,,,,0,0,0,,,,,,,,,,,,,,,,,,,,,,,,,,,,,,,,,,,,,,,,,,,,,,,,,,,,,,,,,,,,,,,,,,,,,,,,,,,,,,,,,,,,,,,,,,,,
375,5000003106,2017,1,1,0,0,0,551,,SA SAPPHIRE,DL00,RM00,,,,,,,,,0,0,,H,USD,5153.08,0,5153.08,,,,1,G,1,G,1,G,,,,,0,,,0,X,,,,,,NA00,,,,,,,,,,,,2017,,,US00,,0,,0,0,0,,0,2,,,,,,,,,B,,,,0,,,,,0,0,0,,,,,0,,0,0,0,,,,,0,,,,0,0,0,,,,,,,,,,,,,,,,,,,,,,,,,,,,,,,,,,,,,,,,,,,,,,,,,,,,,,,,,,,,,,,,,,,,,,,,,,,,,,,,,,,,,,,,,,,,
375,5000003107,2017,1,1,0,0,0,551,,SA SAPPHIRE,DL00,RM00,,,,,,,,,0,0,,H,USD,5153.08,0,5153.08,,,,1,G,1,G,1,G,,,,,0,,,0,X,,,,,,NA00,,,,,,,,,,,,2017,,,US00,,0,,0,0,0,,0,2,,,,,,,,,B,,,,0,,,,,0,0,0,,,,,0,,0,0,0,,,,,0,,,,0,0,0,,,,,,,,,,,,,,,,,,,,,,,,,,,,,,,,,,,,,,,,,,,,,,,,,,,,,,,,,,,,,,,,,,,,,,,,,,,,,,,,,,,,,,,,,,,,
375,5000003108,2017,1,1,0,0,0,551,,SA SAPPHIRE,DL00,RM00,,,,,,,,,0,0,,H,USD,5153.08,0,5153.08,,,,1,G,1,G,1,G,,,,,0,,,0,X,,,,,,NA00,,,,,,,,,,,,2017,,,US00,,0,,0,0,0,,0,2,,,,,,,,,B,,,,0,,,,,0,0,0,,,,,0,,0,0,0,,,,,0,,,,0,0,0,,,,,,,,,,,,,,,,,,,,,,,,,,,,,,,,,,,,,,,,,,,,,,,,,,,,,,,,,,,,,,,,,,,,,,,,,,,,,,,,,,,,,,,,,,,,
375,5000003109,2017,1,1,0,0,0,551,,SA SAPPHIRE,DL00,RM00,,,,,,,,,0,0,,H,USD,10306.17,0,10306.17,,,,2,G,2,G,2,G,,,,,0,,,0,X,,,,,,NA00,,,,,,,,,,,,2017,,,US00,,0,,0,0,0,,0,2,,,,,,,,,B,,,,0,,,,,0,0,0,,,,,0,,0,0,0,,,,,0,,,,0,0,0,,,,,,,,,,,,,,,,,,,,,,,,,,,,,,,,,,,,,,,,,,,,,,,,,,,,,,,,,,,,,,,,,,,,,,,,,,,,,,,,,,,,,,,,,,,,
375,5000003110,2017,1,1,0,0,0,551,,SILVER,DL00,RM00,,,,,,,,,0,0,,H,USD,321.36,0,321.36,,,,34,LB,34,LB,34,LB,,,,,0,,,0,X,,,,,,NA00,,,,,,,,,,,,2017,,,US00,,0,,0,0,0,,0,2,,,,,,,,,B,,,,0,,,,,0,0,0,,,,,0,,0,0,0,,,,,0,,,,0,0,0,,,,,,,,,,,,,,,,,,,,,,,,,,,,,,,,,,,,,,,,,,,,,,,,,,,,,,,,,,,,,,,,,,,,,,,,,,,,,,,,,,,,,,,,,,,,
375,5000003111,2017,1,1,0,0,0,551,,SILVER,DL00,RM00,,,,,,,,,0,0,,H,USD,179.58,0,179.58,,,,19,LB,19,LB,19,LB,,,,,0,,,0,X,,,,,,NA00,,,,,,,,,,,,2017,,,US00,,0,,0,0,0,,0,2,,,,,,,,,B,,,,0,,,,,0,0,0,,,,,0,,0,0,0,,,,,0,,,,0,0,0,,,,,,,,,,,,,,,,,,,,,,,,,,,,,,,,,,,,,,,,,,,,,,,,,,,,,,,,,,,,,,,,,,,,,,,,,,,,,,,,,,,,,,,,,,,,
375,5000003112,2017,1,1,0,0,0,551,,SILVER,DL00,RM00,,,,,,,,,0,0,,H,USD,236.29,0,236.29,,,,25,LB,25,LB,25,LB,,,,,0,,,0,X,,,,,,NA00,,,,,,,,,,,,2017,,,US00,,0,,0,0,0,,0,2,,,,,,,,,B,,,,0,,,,,0,0,0,,,,,0,,0,0,0,,,,,0,,,,0,0,0,,,,,,,,,,,,,,,,,,,,,,,,,,,,,,,,,,,,,,,,,,,,,,,,,,,,,,,,,,,,,,,,,,,,,,,,,,,,,,,,,,,,,,,,,,,,
375,5000003113,2017,1,1,0,0,0,551,,SILVER,DL00,RM00,,,,,,,,,0,0,,H,USD,189.04,0,189.04,,,,20,LB,20,LB,20,LB,,,,,0,,,0,X,,,,,,NA00,,,,,,,,,,,,2017,,,US00,,0,,0,0,0,,0,2,,,,,,,,,B,,,,0,,,,,0,0,0,,,,,0,,0,0,0,,,,,0,,,,0,0,0,,,,,,,,,,,,,,,,,,,,,,,,,,,,,,,,,,,,,,,,,,,,,,,,,,,,,,,,,,,,,,,,,,,,,,,,,,,,,,,,,,,,,,,,,,,,
375,5000003114,2017,1,1,0,0,0,551,,SILVER,DL00,RM00,,,,,,,,,0,0,,H,USD,56.71,0,56.71,,,,6,LB,6,LB,6,LB,,,,,0,,,0,X,,,,,,NA00,,,,,,,,,,,,2017,,,US00,,0,,0,0,0,,0,2,,,,,,,,,B,,,,0,,,,,0,0,0,,,,,0,,0,0,0,,,,,0,,,,0,0,0,,,,,,,,,,,,,,,,,,,,,,,,,,,,,,,,,,,,,,,,,,,,,,,,,,,,,,,,,,,,,,,,,,,,,,,,,,,,,,,,,,,,,,,,,,,,
375,5000003115,2017,1,1,0,0,0,551,,SILVER,DL00,RM00,,,,,,,,,0,0,,H,USD,132.33,0,132.33,,,,14,LB,14,LB,14,LB,,,,,0,,,0,X,,,,,,NA00,,,,,,,,,,,,2017,,,US00,,0,,0,0,0,,0,2,,,,,,,,,B,,,,0,,,,,0,0,0,,,,,0,,0,0,0,,,,,0,,,,0,0,0,,,,,,,,,,,,,,,,,,,,,,,,,,,,,,,,,,,,,,,,,,,,,,,,,,,,,,,,,,,,,,,,,,,,,,,,,,,,,,,,,,,,,,,,,,,,
375,5000003116,2017,1,1,0,0,0,551,,SILVER,DL00,RM00,,,,,,,,,0,0,,H,USD,37.81,0,37.81,,,,4,LB,4,LB,4,LB,,,,,0,,,0,X,,,,,,NA00,,,,,,,,,,,,2017,,,US00,,0,,0,0,0,,0,2,,,,,,,,,B,,,,0,,,,,0,0,0,,,,,0,,0,0,0,,,,,0,,,,0,0,0,,,,,,,,,,,,,,,,,,,,,,,,,,,,,,,,,,,,,,,,,,,,,,,,,,,,,,,,,,,,,,,,,,,,,,,,,,,,,,,,,,,,,,,,,,,,
375,5000003117,2017,1,1,0,0,0,551,,SILVER,DL00,RM00,,,,,,,,,0,0,,H,USD,274.10,0,274.10,,,,29,LB,29,LB,29,LB,,,,,0,,,0,X,,,,,,NA00,,,,,,,,,,,,2017,,,US00,,0,,0,0,0,,0,2,,,,,,,,,B,,,,0,,,,,0,0,0,,,,,0,,0,0,0,,,,,0,,,,0,0,0,,,,,,,,,,,,,,,,,,,,,,,,,,,,,,,,,,,,,,,,,,,,,,,,,,,,,,,,,,,,,,,,,,,,,,,,,,,,,,,,,,,,,,,,,,,,
375,5000003118,2017,1,1,0,0,0,551,,SILVER,DL00,RM00,,,,,,,,,0,0,,H,USD,793.95,0,793.95,,,,84,LB,84,LB,84,LB,,,,,0,,,0,X,,,,,,NA00,,,,,,,,,,,,2017,,,US00,,0,,0,0,0,,0,2,,,,,,,,,B,,,,0,,,,,0,0,0,,,,,0,,0,0,0,,,,,0,,,,0,0,0,,,,,,,,,,,,,,,,,,,,,,,,,,,,,,,,,,,,,,,,,,,,,,,,,,,,,,,,,,,,,,,,,,,,,,,,,,,,,,,,,,,,,,,,,,,,
375,5000003119,2017,1,1,0,0,0,551,,SWISS SAPPHIRE,DL00,RM00,,,,,,,,,0,0,,H,USD,14880.95,0,14880.95,,,,1,G,1,G,1,G,,,,,0,,,0,X,,,,,,NA00,,,,,,,,,,,,2017,,,US00,,0,,0,0,0,,0,2,,,,,,,,,B,,,,0,,,,,0,0,0,,,,,0,,0,0,0,,,,,0,,,,0,0,0,,,,,,,,,,,,,,,,,,,,,,,,,,,,,,,,,,,,,,,,,,,,,,,,,,,,,,,,,,,,,,,,,,,,,,,,,,,,,,,,,,,,,,,,,,,,
375,5000003120,2017,1,1,0,0,0,551,,SWISS SAPPHIRE,DL00,RM00,,,,,,,,,0,0,,H,USD,14880.95,0,14880.95,,,,1,G,1,G,1,G,,,,,0,,,0,X,,,,,,NA00,,,,,,,,,,,,2017,,,US00,,0,,0,0,0,,0,2,,,,,,,,,B,,,,0,,,,,0,0,0,,,,,0,,0,0,0,,,,,0,,,,0,0,0,,,,,,,,,,,,,,,,,,,,,,,,,,,,,,,,,,,,,,,,,,,,,,,,,,,,,,,,,,,,,,,,,,,,,,,,,,,,,,,,,,,,,,,,,,,,
375,5000003121,2017,1,1,0,0,0,551,,SWISS SAPPHIRE,DL00,RM00,,,,,,,,,0,0,,H,USD,29761.90,0,29761.90,,,,2,G,2,G,2,G,,,,,0,,,0,X,,,,,,NA00,,,,,,,,,,,,2017,,,US00,,0,,0,0,0,,0,2,,,,,,,,,B,,,,0,,,,,0,0,0,,,,,0,,0,0,0,,,,,0,,,,0,0,0,,,,,,,,,,,,,,,,,,,,,,,,,,,,,,,,,,,,,,,,,,,,,,,,,,,,,,,,,,,,,,,,,,,,,,,,,,,,,,,,,,,,,,,,,,,,
375,5000003122,2017,1,1,0,0,0,551,,SWISS SAPPHIRE,DL00,RM00,,,,,,,,,0,0,,H,USD,14880.95,0,14880.95,,,,1,G,1,G,1,G,,,,,0,,,0,X,,,,,,NA00,,,,,,,,,,,,2017,,,US00,,0,,0,0,0,,0,2,,,,,,,,,B,,,,0,,,,,0,0,0,,,,,0,,0,0,0,,,,,0,,,,0,0,0,,,,,,,,,,,,,,,,,,,,,,,,,,,,,,,,,,,,,,,,,,,,,,,,,,,,,,,,,,,,,,,,,,,,,,,,,,,,,,,,,,,,,,,,,,,,
375,5000003123,2017,1,1,0,0,0,551,,SWISS SAPPHIRE,DL00,RM00,,,,,,,,,0,0,,H,USD,29761.90,0,29761.90,,,,2,G,2,G,2,G,,,,,0,,,0,X,,,,,,NA00,,,,,,,,,,,,2017,,,US00,,0,,0,0,0,,0,2,,,,,,,,,B,,,,0,,,,,0,0,0,,,,,0,,0,0,0,,,,,0,,,,0,0,0,,,,,,,,,,,,,,,,,,,,,,,,,,,,,,,,,,,,,,,,,,,,,,,,,,,,,,,,,,,,,,,,,,,,,,,,,,,,,,,,,,,,,,,,,,,,
375,5000003124,2017,1,1,0,0,0,551,,TEST,DL00,RM00,,,,,,,,,0,0,,H,USD,169.01,0,169.01,,,,14,LB,14,LB,14,LB,,,,,0,,,0,X,,,,,,NA00,,,,,,,,,,,,2017,,,US00,,0,,0,0,0,,0,2,,,,,,,,,B,,,,0,,,,,0,0,0,,,,,0,,0,0,0,,,,,0,,,,0,0,0,,,,,,,,,,,,,,,,,,,,,,,,,,,,,,,,,,,,,,,,,,,,,,,,,,,,,,,,,,,,,,,,,,,,,,,,,,,,,,,,,,,,,,,,,,,,
375,5000003125,2017,1,1,0,0,0,551,,TEST,DL00,RM00,,,,,,,,,0,0,,H,USD,84.50,0,84.50,,,,7,LB,7,LB,7,LB,,,,,0,,,0,X,,,,,,NA00,,,,,,,,,,,,2017,,,US00,,0,,0,0,0,,0,2,,,,,,,,,B,,,,0,,,,,0,0,0,,,,,0,,0,0,0,,,,,0,,,,0,0,0,,,,,,,,,,,,,,,,,,,,,,,,,,,,,,,,,,,,,,,,,,,,,,,,,,,,,,,,,,,,,,,,,,,,,,,,,,,,,,,,,,,,,,,,,,,,
375,5000003126,2017,1,1,0,0,0,551,,TEST,DL00,RM00,,,,,,,,,0,0,,H,USD,12.07,0,12.07,,,,1,LB,1,LB,1,LB,,,,,0,,,0,X,,,,,,NA00,,,,,,,,,,,,2017,,,US00,,0,,0,0,0,,0,2,,,,,,,,,B,,,,0,,,,,0,0,0,,,,,0,,0,0,0,,,,,0,,,,0,0,0,,,,,,,,,,,,,,,,,,,,,,,,,,,,,,,,,,,,,,,,,,,,,,,,,,,,,,,,,,,,,,,,,,,,,,,,,,,,,,,,,,,,,,,,,,,,
375,5000003127,2017,1,1,0,0,0,551,,TEST,DL00,RM00,,,,,,,,,0,0,,H,USD,120.72,0,120.72,,,,10,LB,10,LB,10,LB,,,,,0,,,0,X,,,,,,NA00,,,,,,,,,,,,2017,,,US00,,0,,0,0,0,,0,2,,,,,,,,,B,,,,0,,,,,0,0,0,,,,,0,,0,0,0,,,,,0,,,,0,0,0,,,,,,,,,,,,,,,,,,,,,,,,,,,,,,,,,,,,,,,,,,,,,,,,,,,,,,,,,,,,,,,,,,,,,,,,,,,,,,,,,,,,,,,,,,,,
375,5000003128,2017,1,1,0,0,0,551,,TEST,DL00,RM00,,,,,,,,,0,0,,H,USD,120.72,0,120.72,,,,10,LB,10,LB,10,LB,,,,,0,,,0,X,,,,,,NA00,,,,,,,,,,,,2017,,,US00,,0,,0,0,0,,0,2,,,,,,,,,B,,,,0,,,,,0,0,0,,,,,0,,0,0,0,,,,,0,,,,0,0,0,,,,,,,,,,,,,,,,,,,,,,,,,,,,,,,,,,,,,,,,,,,,,,,,,,,,,,,,,,,,,,,,,,,,,,,,,,,,,,,,,,,,,,,,,,,,
375,5000003129,2017,1,1,0,0,0,551,,TEST,DL00,RM00,,,,,,,,,0,0,,H,USD,338.01,0,338.01,,,,28,LB,28,LB,28,LB,,,,,0,,,0,X,,,,,,NA00,,,,,,,,,,,,2017,,,US00,,0,,0,0,0,,0,2,,,,,,,,,B,,,,0,,,,,0,0,0,,,,,0,,0,0,0,,,,,0,,,,0,0,0,,,,,,,,,,,,,,,,,,,,,,,,,,,,,,,,,,,,,,,,,,,,,,,,,,,,,,,,,,,,,,,,,,,,,,,,,,,,,,,,,,,,,,,,,,,,
375,5000003130,2017,1,1,0,0,0,551,,TEST,DL00,RM00,,,,,,,,,0,0,,H,USD,108.65,0,108.65,,,,9,LB,9,LB,9,LB,,,,,0,,,0,X,,,,,,NA00,,,,,,,,,,,,2017,,,US00,,0,,0,0,0,,0,2,,,,,,,,,B,,,,0,,,,,0,0,0,,,,,0,,0,0,0,,,,,0,,,,0,0,0,,,,,,,,,,,,,,,,,,,,,,,,,,,,,,,,,,,,,,,,,,,,,,,,,,,,,,,,,,,,,,,,,,,,,,,,,,,,,,,,,,,,,,,,,,,,
375,5000003131,2017,1,1,0,0,0,551,,TEST,DL00,RM00,,,,,,,,,0,0,,H,USD,277.65,0,277.65,,,,23,LB,23,LB,23,LB,,,,,0,,,0,X,,,,,,NA00,,,,,,,,,,,,2017,,,US00,,0,,0,0,0,,0,2,,,,,,,,,B,,,,0,,,,,0,0,0,,,,,0,,0,0,0,,,,,0,,,,0,0,0,,,,,,,,,,,,,,,,,,,,,,,,,,,,,,,,,,,,,,,,,,,,,,,,,,,,,,,,,,,,,,,,,,,,,,,,,,,,,,,,,,,,,,,,,,,,
375,5000003132,2017,1,1,0,0,0,551,,TEST,DL00,RM00,,,,,,,,,0,0,,H,USD,265.58,0,265.58,,,,22,LB,22,LB,22,LB,,,,,0,,,0,X,,,,,,NA00,,,,,,,,,,,,2017,,,US00,,0,,0,0,0,,0,2,,,,,,,,,B,,,,0,,,,,0,0,0,,,,,0,,0,0,0,,,,,0,,,,0,0,0,,,,,,,,,,,,,,,,,,,,,,,,,,,,,,,,,,,,,,,,,,,,,,,,,,,,,,,,,,,,,,,,,,,,,,,,,,,,,,,,,,,,,,,,,,,,
375,5000003133,2017,1,1,0,0,0,551,,TEST,DL00,RM00,,,,,,,,,0,0,,H,USD,579.45,0,579.45,,,,48,LB,48,LB,48,LB,,,,,0,,,0,X,,,,,,NA00,,,,,,,,,,,,2017,,,US00,,0,,0,0,0,,0,2,,,,,,,,,B,,,,0,,,,,0,0,0,,,,,0,,0,0,0,,,,,0,,,,0,0,0,,,,,,,,,,,,,,,,,,,,,,,,,,,,,,,,,,,,,,,,,,,,,,,,,,,,,,,,,,,,,,,,,,,,,,,,,,,,,,,,,,,,,,,,,,,,
375,5000003134,2017,1,1,0,0,0,551,,WALLET,DL00,RM00,,,,,,,,,0,0,,H,USD,2.46,0,2.46,,,,108,LB,108,LB,108,LB,,,,,0,,,0,X,,,,,,NA00,,,,,,,,,,,,2017,,,US00,,0,,0,0,0,,0,2,,,,,,,,,B,,,,0,,,,,0,0,0,,,,,0,,0,0,0,,,,,0,,,,0,0,0,,,,,,,,,,,,,,,,,,,,,,,,,,,,,,,,,,,,,,,,,,,,,,,,,,,,,,,,,,,,,,,,,,,,,,,,,,,,,,,,,,,,,,,,,,,,
375,5000003135,2017,1,1,0,0,0,551,,WALLET,DL00,RM00,,,,,,,,,0,0,,H,USD,2.42,0,2.42,,,,106,LB,106,LB,106,LB,,,,,0,,,0,X,,,,,,NA00,,,,,,,,,,,,2017,,,US00,,0,,0,0,0,,0,2,,,,,,,,,B,,,,0,,,,,0,0,0,,,,,0,,0,0,0,,,,,0,,,,0,0,0,,,,,,,,,,,,,,,,,,,,,,,,,,,,,,,,,,,,,,,,,,,,,,,,,,,,,,,,,,,,,,,,,,,,,,,,,,,,,,,,,,,,,,,,,,,,
375,5000003136,2017,1,1,0,0,0,551,,WALLET,DL00,RM00,,,,,,,,,0,0,,H,USD,1.98,0,1.98,,,,87,LB,87,LB,87,LB,,,,,0,,,0,X,,,,,,NA00,,,,,,,,,,,,2017,,,US00,,0,,0,0,0,,0,2,,,,,,,,,B,,,,0,,,,,0,0,0,,,,,0,,0,0,0,,,,,0,,,,0,0,0,,,,,,,,,,,,,,,,,,,,,,,,,,,,,,,,,,,,,,,,,,,,,,,,,,,,,,,,,,,,,,,,,,,,,,,,,,,,,,,,,,,,,,,,,,,,
375,5000003137,2017,1,1,0,0,0,551,,ZTESTHEXNT,DL00,RM00,,,,,,,,,0,0,,H,USD,260.04,0,260.04,,,,47,LB,47,LB,47,LB,,,,,0,,,0,X,,,,,,NA00,,,,,,,,,,,,2017,,,US00,,0,,0,0,0,,0,2,,,,,,,,,B,,,,0,,,,,0,0,0,,,,,0,,0,0,0,,,,,0,,,,0,0,0,,,,,,,,,,,,,,,,,,,,,,,,,,,,,,,,,,,,,,,,,,,,,,,,,,,,,,,,,,,,,,,,,,,,,,,,,,,,,,,,,,,,,,,,,,,,
375,5000003138,2017,1,1,0,0,0,551,,ZTESTHEXNT,DL00,RM00,,,,,,,,,0,0,,H,USD,2622.50,0,2622.50,,,,474,LB,474,LB,474,LB,,,,,0,,,0,X,,,,,,NA00,,,,,,,,,,,,2017,,,US00,,0,,0,0,0,,0,2,,,,,,,,,B,,,,0,,,,,0,0,0,,,,,0,,0,0,0,,,,,0,,,,0,0,0,,,,,,,,,,,,,,,,,,,,,,,,,,,,,,,,,,,,,,,,,,,,,,,,,,,,,,,,,,,,,,,,,,,,,,,,,,,,,,,,,,,,,,,,,,,,
375,5000003139,2017,1,1,0,0,0,551,,ZTESTHEXNT,DL00,RM00,,,,,,,,,0,0,,H,USD,5449.71,0,5449.71,,,,985,LB,985,LB,985,LB,,,,,0,,,0,X,,,,,,NA00,,,,,,,,,,,,2017,,,US00,,0,,0,0,0,,0,2,,,,,,,,,B,,,,0,,,,,0,0,0,,,,,0,,0,0,0,,,,,0,,,,0,0,0,,,,,,,,,,,,,,,,,,,,,,,,,,,,,,,,,,,,,,,,,,,,,,,,,,,,,,,,,,,,,,,,,,,,,,,,,,,,,,,,,,,,,,,,,,,,
375,5000003140,2017,1,1,0,0,0,551,,ZTESTHEXNT,DL00,RM00,,,,,,,,,0,0,,H,USD,3552.00,0,3552.00,,,,642,LB,642,LB,642,LB,,,,,0,,,0,X,,,,,,NA00,,,,,,,,,,,,2017,,,US00,,0,,0,0,0,,0,2,,,,,,,,,B,,,,0,,,,,0,0,0,,,,,0,,0,0,0,,,,,0,,,,0,0,0,,,,,,,,,,,,,,,,,,,,,,,,,,,,,,,,,,,,,,,,,,,,,,,,,,,,,,,,,,,,,,,,,,,,,,,,,,,,,,,,,,,,,,,,,,,,
375,5000003141,2017,1,1,0,0,0,551,,ZTESTHEXNT,DL00,RM00,,,,,,,,,0,0,,H,USD,1798.13,0,1798.13,,,,325,LB,325,LB,325,LB,,,,,0,,,0,X,,,,,,NA00,,,,,,,,,,,,2017,,,US00,,0,,0,0,0,,0,2,,,,,,,,,B,,,,0,,,,,0,0,0,,,,,0,,0,0,0,,,,,0,,,,0,0,0,,,,,,,,,,,,,,,,,,,,,,,,,,,,,,,,,,,,,,,,,,,,,,,,,,,,,,,,,,,,,,,,,,,,,,,,,,,,,,,,,,,,,,,,,,,,
375,5000003142,2017,1,1,0,0,0,551,,ZTESTHEXNT,DL00,RM00,,,,,,,,,0,0,,H,USD,177.05,0,177.05,,,,32,LB,32,LB,32,LB,,,,,0,,,0,X,,,,,,NA00,,,,,,,,,,,,2017,,,US00,,0,,0,0,0,,0,2,,,,,,,,,B,,,,0,,,,,0,0,0,,,,,0,,0,0,0,,,,,0,,,,0,0,0,,,,,,,,,,,,,,,,,,,,,,,,,,,,,,,,,,,,,,,,,,,,,,,,,,,,,,,,,,,,,,,,,,,,,,,,,,,,,,,,,,,,,,,,,,,,
375,5000003143,2017,1,1,0,0,0,551,,ZTESTHEXNT,DL00,RM00,,,,,,,,,0,0,,H,USD,1178.47,0,1178.47,,,,213,LB,213,LB,213,LB,,,,,0,,,0,X,,,,,,NA00,,,,,,,,,,,,2017,,,US00,,0,,0,0,0,,0,2,,,,,,,,,B,,,,0,,,,,0,0,0,,,,,0,,0,0,0,,,,,0,,,,0,0,0,,,,,,,,,,,,,,,,,,,,,,,,,,,,,,,,,,,,,,,,,,,,,,,,,,,,,,,,,,,,,,,,,,,,,,,,,,,,,,,,,,,,,,,,,,,,
375,5000003144,2017,1,1,0,0,0,551,,ZTESTHEXNT,DL00,RM00,,,,,,,,,0,0,,H,USD,232.37,0,232.37,,,,42,LB,42,LB,42,LB,,,,,0,,,0,X,,,,,,NA00,,,,,,,,,,,,2017,,,US00,,0,,0,0,0,,0,2,,,,,,,,,B,,,,0,,,,,0,0,0,,,,,0,,0,0,0,,,,,0,,,,0,0,0,,,,,,,,,,,,,,,,,,,,,,,,,,,,,,,,,,,,,,,,,,,,,,,,,,,,,,,,,,,,,,,,,,,,,,,,,,,,,,,,,,,,,,,,,,,,
375,5000003145,2017,1,1,0,0,0,551,,ZTESTHEXNT,DL00,RM00,,,,,,,,,0,0,,H,USD,1737.27,0,1737.27,,,,314,LB,314,LB,314,LB,,,,,0,,,0,X,,,,,,NA00,,,,,,,,,,,,2017,,,US00,,0,,0,0,0,,0,2,,,,,,,,,B,,,,0,,,,,0,0,0,,,,,0,,0,0,0,,,,,0,,,,0,0,0,,,,,,,,,,,,,,,,,,,,,,,,,,,,,,,,,,,,,,,,,,,,,,,,,,,,,,,,,,,,,,,,,,,,,,,,,,,,,,,,,,,,,,,,,,,,
375,5000003146,2017,1,1,0,0,0,551,,ZTESTHEXNT,DL00,RM00,,,,,,,,,0,0,,H,USD,1222.73,0,1222.73,,,,221,LB,221,LB,221,LB,,,,,0,,,0,X,,,,,,NA00,,,,,,,,,,,,2017,,,US00,,0,,0,0,0,,0,2,,,,,,,,,B,,,,0,,,,,0,0,0,,,,,0,,0,0,0,,,,,0,,,,0,0,0,,,,,,,,,,,,,,,,,,,,,,,,,,,,,,,,,,,,,,,,,,,,,,,,,,,,,,,,,,,,,,,,,,,,,,,,,,,,,,,,,,,,,,,,,,,,
375,5000003147,2017,1,1,0,0,0,551,,ZTESTHEXNT,DL00,RM00,,,,,,,,,0,0,,H,USD,896.30,0,896.30,,,,162,LB,162,LB,162,LB,,,,,0,,,0,X,,,,,,NA00,,,,,,,,,,,,2017,,,US00,,0,,0,0,0,,0,2,,,,,,,,,B,,,,0,,,,,0,0,0,,,,,0,,0,0,0,,,,,0,,,,0,0,0,,,,,,,,,,,,,,,,,,,,,,,,,,,,,,,,,,,,,,,,,,,,,,,,,,,,,,,,,,,,,,,,,,,,,,,,,,,,,,,,,,,,,,,,,,,,
375,5000003148,2017,1,1,0,0,0,551,,ZTESTHEXNT,DL00,RM00,,,,,,,,,0,0,,H,USD,1709.61,0,1709.61,,,,309,LB,309,LB,309,LB,,,,,0,,,0,X,,,,,,NA00,,,,,,,,,,,,2017,,,US00,,0,,0,0,0,,0,2,,,,,,,,,B,,,,0,,,,,0,0,0,,,,,0,,0,0,0,,,,,0,,,,0,0,0,,,,,,,,,,,,,,,,,,,,,,,,,,,,,,,,,,,,,,,,,,,,,,,,,,,,,,,,,,,,,,,,,,,,,,,,,,,,,,,,,,,,,,,,,,,,
375,5000003149,2017,1,1,0,0,0,551,,ZTESTHEXNT,DL00,RM00,,,,,,,,,0,0,,H,USD,979.29,0,979.29,,,,177,LB,177,LB,177,LB,,,,,0,,,0,X,,,,,,NA00,,,,,,,,,,,,2017,,,US00,,0,,0,0,0,,0,2,,,,,,,,,B,,,,0,,,,,0,0,0,,,,,0,,0,0,0,,,,,0,,,,0,0,0,,,,,,,,,,,,,,,,,,,,,,,,,,,,,,,,,,,,,,,,,,,,,,,,,,,,,,,,,,,,,,,,,,,,,,,,,,,,,,,,,,,,,,,,,,,,
375,5000003150,2017,1,1,0,0,0,551,,ZTESTHEXNT,DL00,RM00,,,,,,,,,0,0,,H,USD,354.09,0,354.09,,,,64,LB,64,LB,64,LB,,,,,0,,,0,X,,,,,,NA00,,,,,,,,,,,,2017,,,US00,,0,,0,0,0,,0,2,,,,,,,,,B,,,,0,,,,,0,0,0,,,,,0,,0,0,0,,,,,0,,,,0,0,0,,,,,,,,,,,,,,,,,,,,,,,,,,,,,,,,,,,,,,,,,,,,,,,,,,,,,,,,,,,,,,,,,,,,,,,,,,,,,,,,,,,,,,,,,,,,
375,5000003151,2017,1,1,0,0,0,551,,ADAMANTIUM,MI00,RM00,,,,,,,,,0,0,,H,USD,8890.79,0,8890.79,,,,34,LB,34,LB,34,LB,,,,,0,,,0,X,,,,,,NA00,,,,,,,,,,,,2017,,,US00,,0,,0,0,0,,0,2,,,,,,,,,B,,,,0,,,,,0,0,0,,,,,0,,0,0,0,,,,,0,,,,0,0,0,,,,,,,,,,,,,,,,,,,,,,,,,,,,,,,,,,,,,,,,,,,,,,,,,,,,,,,,,,,,,,,,,,,,,,,,,,,,,,,,,,,,,,,,,,,,
375,5000003152,2017,1,1,0,0,0,551,,ADAMANTIUM,MI00,RM00,,,,,,,,,0,0,,H,USD,19612.03,0,19612.03,,,,75,LB,75,LB,75,LB,,,,,0,,,0,X,,,,,,NA00,,,,,,,,,,,,2017,,,US00,,0,,0,0,0,,0,2,,,,,,,,,B,,,,0,,,,,0,0,0,,,,,0,,0,0,0,,,,,0,,,,0,0,0,,,,,,,,,,,,,,,,,,,,,,,,,,,,,,,,,,,,,,,,,,,,,,,,,,,,,,,,,,,,,,,,,,,,,,,,,,,,,,,,,,,,,,,,,,,,
375,5000003153,2017,1,1,0,0,0,551,,ADAMANTIUM,MI00,RM00,,,,,,,,,0,0,,H,USD,68249.88,0,68249.88,,,,261,LB,261,LB,261,LB,,,,,0,,,0,X,,,,,,NA00,,,,,,,,,,,,2017,,,US00,,0,,0,0,0,,0,2,,,,,,,,,B,,,,0,,,,,0,0,0,,,,,0,,0,0,0,,,,,0,,,,0,0,0,,,,,,,,,,,,,,,,,,,,,,,,,,,,,,,,,,,,,,,,,,,,,,,,,,,,,,,,,,,,,,,,,,,,,,,,,,,,,,,,,,,,,,,,,,,,
375,5000003154,2017,1,1,0,0,0,551,,ADAMANTIUM,MI00,RM00,,,,,,,,,0,0,,H,USD,8367.80,0,8367.80,,,,32,LB,32,LB,32,LB,,,,,0,,,0,X,,,,,,NA00,,,,,,,,,,,,2017,,,US00,,0,,0,0,0,,0,2,,,,,,,,,B,,,,0,,,,,0,0,0,,,,,0,,0,0,0,,,,,0,,,,0,0,0,,,,,,,,,,,,,,,,,,,,,,,,,,,,,,,,,,,,,,,,,,,,,,,,,,,,,,,,,,,,,,,,,,,,,,,,,,,,,,,,,,,,,,,,,,,,
375,5000003155,2017,1,1,0,0,0,551,,ADAMANTIUM,MI00,RM00,,,,,,,,,0,0,,H,USD,3922.41,0,3922.41,,,,15,LB,15,LB,15,LB,,,,,0,,,0,X,,,,,,NA00,,,,,,,,,,,,2017,,,US00,,0,,0,0,0,,0,2,,,,,,,,,B,,,,0,,,,,0,0,0,,,,,0,,0,0,0,,,,,0,,,,0,0,0,,,,,,,,,,,,,,,,,,,,,,,,,,,,,,,,,,,,,,,,,,,,,,,,,,,,,,,,,,,,,,,,,,,,,,,,,,,,,,,,,,,,,,,,,,,,
375,5000003156,2017,1,1,0,0,0,551,,ADAMANTIUM,MI00,RM00,,,,,,,,,0,0,,H,USD,784.48,0,784.48,,,,3,LB,3,LB,3,LB,,,,,0,,,0,X,,,,,,NA00,,,,,,,,,,,,2017,,,US00,,0,,0,0,0,,0,2,,,,,,,,,B,,,,0,,,,,0,0,0,,,,,0,,0,0,0,,,,,0,,,,0,0,0,,,,,,,,,,,,,,,,,,,,,,,,,,,,,,,,,,,,,,,,,,,,,,,,,,,,,,,,,,,,,,,,,,,,,,,,,,,,,,,,,,,,,,,,,,,,
375,5000003157,2017,1,1,0,0,0,551,,ANGOLAN AMETHYST,MI00,RM00,,,,,,,,,0,0,,H,USD,6140.40,0,6140.40,,,,2,G,2,G,2,G,,,,,0,,,0,X,,,,,,NA00,,,,,,,,,,,,2017,,,US00,,0,,0,0,0,,0,2,,,,,,,,,B,,,,0,,,,,0,0,0,,,,,0,,0,0,0,,,,,0,,,,0,0,0,,,,,,,,,,,,,,,,,,,,,,,,,,,,,,,,,,,,,,,,,,,,,,,,,,,,,,,,,,,,,,,,,,,,,,,,,,,,,,,,,,,,,,,,,,,,
375,5000003158,2017,1,1,0,0,0,551,,ANGOLAN AMETHYST,MI00,RM00,,,,,,,,,0,0,,H,USD,36842.39,0,36842.39,,,,12,G,12,G,12,G,,,,,0,,,0,X,,,,,,NA00,,,,,,,,,,,,2017,,,US00,,0,,0,0,0,,0,2,,,,,,,,,B,,,,0,,,,,0,0,0,,,,,0,,0,0,0,,,,,0,,,,0,0,0,,,,,,,,,,,,,,,,,,,,,,,,,,,,,,,,,,,,,,,,,,,,,,,,,,,,,,,,,,,,,,,,,,,,,,,,,,,,,,,,,,,,,,,,,,,,
375,5000003159,2017,1,1,0,0,0,551,,ANGOLAN AMETHYST,MI00,RM00,,,,,,,,,0,0,,H,USD,9210.60,0,9210.60,,,,3,G,3,G,3,G,,,,,0,,,0,X,,,,,,NA00,,,,,,,,,,,,2017,,,US00,,0,,0,0,0,,0,2,,,,,,,,,B,,,,0,,,,,0,0,0,,,,,0,,0,0,0,,,,,0,,,,0,0,0,,,,,,,,,,,,,,,,,,,,,,,,,,,,,,,,,,,,,,,,,,,,,,,,,,,,,,,,,,,,,,,,,,,,,,,,,,,,,,,,,,,,,,,,,,,,
375,5000003160,2017,1,1,0,0,0,551,,ANGOLAN AMETHYST,MI00,RM00,,,,,,,,,0,0,,H,USD,18421.20,0,18421.20,,,,6,G,6,G,6,G,,,,,0,,,0,X,,,,,,NA00,,,,,,,,,,,,2017,,,US00,,0,,0,0,0,,0,2,,,,,,,,,B,,,,0,,,,,0,0,0,,,,,0,,0,0,0,,,,,0,,,,0,0,0,,,,,,,,,,,,,,,,,,,,,,,,,,,,,,,,,,,,,,,,,,,,,,,,,,,,,,,,,,,,,,,,,,,,,,,,,,,,,,,,,,,,,,,,,,,,
375,5000003161,2017,1,1,0,0,0,551,,ANGOLAN AMETHYST,MI00,RM00,,,,,,,,,0,0,,H,USD,6140.40,0,6140.40,,,,2,G,2,G,2,G,,,,,0,,,0,X,,,,,,NA00,,,,,,,,,,,,2017,,,US00,,0,,0,0,0,,0,2,,,,,,,,,B,,,,0,,,,,0,0,0,,,,,0,,0,0,0,,,,,0,,,,0,0,0,,,,,,,,,,,,,,,,,,,,,,,,,,,,,,,,,,,,,,,,,,,,,,,,,,,,,,,,,,,,,,,,,,,,,,,,,,,,,,,,,,,,,,,,,,,,
375,5000003162,2017,1,1,0,0,0,551,,ANGOLAN AMETHYST,MI00,RM00,,,,,,,,,0,0,,H,USD,15351.00,0,15351.00,,,,5,G,5,G,5,G,,,,,0,,,0,X,,,,,,NA00,,,,,,,,,,,,2017,,,US00,,0,,0,0,0,,0,2,,,,,,,,,B,,,,0,,,,,0,0,0,,,,,0,,0,0,0,,,,,0,,,,0,0,0,,,,,,,,,,,,,,,,,,,,,,,,,,,,,,,,,,,,,,,,,,,,,,,,,,,,,,,,,,,,,,,,,,,,,,,,,,,,,,,,,,,,,,,,,,,,
375,5000003163,2017,1,1,0,0,0,551,,ANGOLAN AMETHYST,MI00,RM00,,,,,,,,,0,0,,H,USD,15351.00,0,15351.00,,,,5,G,5,G,5,G,,,,,0,,,0,X,,,,,,NA00,,,,,,,,,,,,2017,,,US00,,0,,0,0,0,,0,2,,,,,,,,,B,,,,0,,,,,0,0,0,,,,,0,,0,0,0,,,,,0,,,,0,0,0,,,,,,,,,,,,,,,,,,,,,,,,,,,,,,,,,,,,,,,,,,,,,,,,,,,,,,,,,,,,,,,,,,,,,,,,,,,,,,,,,,,,,,,,,,,,
375,5000003164,2017,1,1,0,0,0,551,,ANGOLAN AMETHYST,MI00,RM00,,,,,,,,,0,0,,H,USD,6140.40,0,6140.40,,,,2,G,2,G,2,G,,,,,0,,,0,X,,,,,,NA00,,,,,,,,,,,,2017,,,US00,,0,,0,0,0,,0,2,,,,,,,,,B,,,,0,,,,,0,0,0,,,,,0,,0,0,0,,,,,0,,,,0,0,0,,,,,,,,,,,,,,,,,,,,,,,,,,,,,,,,,,,,,,,,,,,,,,,,,,,,,,,,,,,,,,,,,,,,,,,,,,,,,,,,,,,,,,,,,,,,
375,5000003165,2017,1,1,0,0,0,551,,ANGOLAN AMETHYST,MI00,RM00,,,,,,,,,0,0,,H,USD,55263.59,0,55263.59,,,,18,G,18,G,18,G,,,,,0,,,0,X,,,,,,NA00,,,,,,,,,,,,2017,,,US00,,0,,0,0,0,,0,2,,,,,,,,,B,,,,0,,,,,0,0,0,,,,,0,,0,0,0,,,,,0,,,,0,0,0,,,,,,,,,,,,,,,,,,,,,,,,,,,,,,,,,,,,,,,,,,,,,,,,,,,,,,,,,,,,,,,,,,,,,,,,,,,,,,,,,,,,,,,,,,,,
375,5000003166,2017,1,1,0,0,0,551,,ANGOLAN AMETHYST,MI00,RM00,,,,,,,,,0,0,,H,USD,3070.20,0,3070.20,,,,1,G,1,G,1,G,,,,,0,,,0,X,,,,,,NA00,,,,,,,,,,,,2017,,,US00,,0,,0,0,0,,0,2,,,,,,,,,B,,,,0,,,,,0,0,0,,,,,0,,0,0,0,,,,,0,,,,0,0,0,,,,,,,,,,,,,,,,,,,,,,,,,,,,,,,,,,,,,,,,,,,,,,,,,,,,,,,,,,,,,,,,,,,,,,,,,,,,,,,,,,,,,,,,,,,,
375,5000003167,2017,1,1,0,0,0,551,,ANGOLAN AMETHYST,MI00,RM00,,,,,,,,,0,0,,H,USD,15351.00,0,15351.00,,,,5,G,5,G,5,G,,,,,0,,,0,X,,,,,,NA00,,,,,,,,,,,,2017,,,US00,,0,,0,0,0,,0,2,,,,,,,,,B,,,,0,,,,,0,0,0,,,,,0,,0,0,0,,,,,0,,,,0,0,0,,,,,,,,,,,,,,,,,,,,,,,,,,,,,,,,,,,,,,,,,,,,,,,,,,,,,,,,,,,,,,,,,,,,,,,,,,,,,,,,,,,,,,,,,,,,
375,5000003168,2017,1,1,0,0,0,551,,ANGOLAN AMETHYST,MI00,RM00,,,,,,,,,0,0,,H,USD,21491.39,0,21491.39,,,,7,G,7,G,7,G,,,,,0,,,0,X,,,,,,NA00,,,,,,,,,,,,2017,,,US00,,0,,0,0,0,,0,2,,,,,,,,,B,,,,0,,,,,0,0,0,,,,,0,,0,0,0,,,,,0,,,,0,0,0,,,,,,,,,,,,,,,,,,,,,,,,,,,,,,,,,,,,,,,,,,,,,,,,,,,,,,,,,,,,,,,,,,,,,,,,,,,,,,,,,,,,,,,,,,,,
375,5000003169,2017,1,1,0,0,0,551,,AUSTRALIAN AMETHYST,MI00,RM00,,,,,,,,,0,0,,H,USD,7201.65,0,7201.65,,,,1,G,1,G,1,G,,,,,0,,,0,X,,,,,,NA00,,,,,,,,,,,,2017,,,US00,,0,,0,0,0,,0,2,,,,,,,,,B,,,,0,,,,,0,0,0,,,,,0,,0,0,0,,,,,0,,,,0,0,0,,,,,,,,,,,,,,,,,,,,,,,,,,,,,,,,,,,,,,,,,,,,,,,,,,,,,,,,,,,,,,,,,,,,,,,,,,,,,,,,,,,,,,,,,,,,
375,5000003170,2017,1,1,0,0,0,551,,AUSTRALIAN AMETHYST,MI00,RM00,,,,,,,,,0,0,,H,USD,7201.65,0,7201.65,,,,1,G,1,G,1,G,,,,,0,,,0,X,,,,,,NA00,,,,,,,,,,,,2017,,,US00,,0,,0,0,0,,0,2,,,,,,,,,B,,,,0,,,,,0,0,0,,,,,0,,0,0,0,,,,,0,,,,0,0,0,,,,,,,,,,,,,,,,,,,,,,,,,,,,,,,,,,,,,,,,,,,,,,,,,,,,,,,,,,,,,,,,,,,,,,,,,,,,,,,,,,,,,,,,,,,,
375,5000003171,2017,1,1,0,0,0,551,,AUSTRALIAN AMETHYST,MI00,RM00,,,,,,,,,0,0,,H,USD,7201.65,0,7201.65,,,,1,G,1,G,1,G,,,,,0,,,0,X,,,,,,NA00,,,,,,,,,,,,2017,,,US00,,0,,0,0,0,,0,2,,,,,,,,,B,,,,0,,,,,0,0,0,,,,,0,,0,0,0,,,,,0,,,,0,0,0,,,,,,,,,,,,,,,,,,,,,,,,,,,,,,,,,,,,,,,,,,,,,,,,,,,,,,,,,,,,,,,,,,,,,,,,,,,,,,,,,,,,,,,,,,,,
375,5000003172,2017,1,1,0,0,0,551,,BLUEPAINT,MI00,RM00,,,,,,,,,0,0,,H,USD,8579.45,0,8579.45,,,,142,L,142,L,142,L,,,,,0,,,0,X,,,,,,NA00,,,,,,,,,,,,2017,,,US00,,0,,0,0,0,,0,2,,,,,,,,,B,,,,0,,,,,0,0,0,,,,,0,,0,0,0,,,,,0,,,,0,0,0,,,,,,,,,,,,,,,,,,,,,,,,,,,,,,,,,,,,,,,,,,,,,,,,,,,,,,,,,,,,,,,,,,,,,,,,,,,,,,,,,,,,,,,,,,,,
375,5000003173,2017,1,1,0,0,0,551,,BLUEPAINT,MI00,RM00,,,,,,,,,0,0,,H,USD,2718.84,0,2718.84,,,,45,L,45,L,45,L,,,,,0,,,0,X,,,,,,NA00,,,,,,,,,,,,2017,,,US00,,0,,0,0,0,,0,2,,,,,,,,,B,,,,0,,,,,0,0,0,,,,,0,,0,0,0,,,,,0,,,,0,0,0,,,,,,,,,,,,,,,,,,,,,,,,,,,,,,,,,,,,,,,,,,,,,,,,,,,,,,,,,,,,,,,,,,,,,,,,,,,,,,,,,,,,,,,,,,,,
375,5000003174,2017,1,1,0,0,0,551,,BLUEPAINT,MI00,RM00,,,,,,,,,0,0,,H,USD,1812.56,0,1812.56,,,,30,L,30,L,30,L,,,,,0,,,0,X,,,,,,NA00,,,,,,,,,,,,2017,,,US00,,0,,0,0,0,,0,2,,,,,,,,,B,,,,0,,,,,0,0,0,,,,,0,,0,0,0,,,,,0,,,,0,0,0,,,,,,,,,,,,,,,,,,,,,,,,,,,,,,,,,,,,,,,,,,,,,,,,,,,,,,,,,,,,,,,,,,,,,,,,,,,,,,,,,,,,,,,,,,,,
375,5000003175,2017,1,1,0,0,0,551,,BLUEPAINT,MI00,RM00,,,,,,,,,0,0,,H,USD,241.67,0,241.67,,,,4,L,4,L,4,L,,,,,0,,,0,X,,,,,,NA00,,,,,,,,,,,,2017,,,US00,,0,,0,0,0,,0,2,,,,,,,,,B,,,,0,,,,,0,0,0,,,,,0,,0,0,0,,,,,0,,,,0,0,0,,,,,,,,,,,,,,,,,,,,,,,,,,,,,,,,,,,,,,,,,,,,,,,,,,,,,,,,,,,,,,,,,,,,,,,,,,,,,,,,,,,,,,,,,,,,
375,5000003176,2017,1,1,0,0,0,551,,BLUEPAINT,MI00,RM00,,,,,,,,,0,0,,H,USD,120.84,0,120.84,,,,2,L,2,L,2,L,,,,,0,,,0,X,,,,,,NA00,,,,,,,,,,,,2017,,,US00,,0,,0,0,0,,0,2,,,,,,,,,B,,,,0,,,,,0,0,0,,,,,0,,0,0,0,,,,,0,,,,0,0,0,,,,,,,,,,,,,,,,,,,,,,,,,,,,,,,,,,,,,,,,,,,,,,,,,,,,,,,,,,,,,,,,,,,,,,,,,,,,,,,,,,,,,,,,,,,,
375,5000003177,2017,1,1,0,0,0,551,,BLUEPAINT,MI00,RM00,,,,,,,,,0,0,,H,USD,7008.56,0,7008.56,,,,116,L,116,L,116,L,,,,,0,,,0,X,,,,,,NA00,,,,,,,,,,,,2017,,,US00,,0,,0,0,0,,0,2,,,,,,,,,B,,,,0,,,,,0,0,0,,,,,0,,0,0,0,,,,,0,,,,0,0,0,,,,,,,,,,,,,,,,,,,,,,,,,,,,,,,,,,,,,,,,,,,,,,,,,,,,,,,,,,,,,,,,,,,,,,,,,,,,,,,,,,,,,,,,,,,,
375,5000003178,2017,1,1,0,0,0,551,,BLUEPAINT,MI00,RM00,,,,,,,,,0,0,,H,USD,3987.63,0,3987.63,,,,66,L,66,L,66,L,,,,,0,,,0,X,,,,,,NA00,,,,,,,,,,,,2017,,,US00,,0,,0,0,0,,0,2,,,,,,,,,B,,,,0,,,,,0,0,0,,,,,0,,0,0,0,,,,,0,,,,0,0,0,,,,,,,,,,,,,,,,,,,,,,,,,,,,,,,,,,,,,,,,,,,,,,,,,,,,,,,,,,,,,,,,,,,,,,,,,,,,,,,,,,,,,,,,,,,,
375,5000003179,2017,1,1,0,0,0,551,,BLUEPAINT,MI00,RM00,,,,,,,,,0,0,,H,USD,2658.42,0,2658.42,,,,44,L,44,L,44,L,,,,,0,,,0,X,,,,,,NA00,,,,,,,,,,,,2017,,,US00,,0,,0,0,0,,0,2,,,,,,,,,B,,,,0,,,,,0,0,0,,,,,0,,0,0,0,,,,,0,,,,0,0,0,,,,,,,,,,,,,,,,,,,,,,,,,,,,,,,,,,,,,,,,,,,,,,,,,,,,,,,,,,,,,,,,,,,,,,,,,,,,,,,,,,,,,,,,,,,,
375,5000003180,2017,1,1,0,0,0,551,,BLUEPAINT,MI00,RM00,,,,,,,,,0,0,,H,USD,966.70,0,966.70,,,,16,L,16,L,16,L,,,,,0,,,0,X,,,,,,NA00,,,,,,,,,,,,2017,,,US00,,0,,0,0,0,,0,2,,,,,,,,,B,,,,0,,,,,0,0,0,,,,,0,,0,0,0,,,,,0,,,,0,0,0,,,,,,,,,,,,,,,,,,,,,,,,,,,,,,,,,,,,,,,,,,,,,,,,,,,,,,,,,,,,,,,,,,,,,,,,,,,,,,,,,,,,,,,,,,,,
375,5000003181,2017,1,1,0,0,0,551,,BLUEPAINT,MI00,RM00,,,,,,,,,0,0,,H,USD,1752.14,0,1752.14,,,,29,L,29,L,29,L,,,,,0,,,0,X,,,,,,NA00,,,,,,,,,,,,2017,,,US00,,0,,0,0,0,,0,2,,,,,,,,,B,,,,0,,,,,0,0,0,,,,,0,,0,0,0,,,,,0,,,,0,0,0,,,,,,,,,,,,,,,,,,,,,,,,,,,,,,,,,,,,,,,,,,,,,,,,,,,,,,,,,,,,,,,,,,,,,,,,,,,,,,,,,,,,,,,,,,,,
375,5000003182,2017,1,1,0,0,0,551,,BLUEPAINT,MI00,RM00,,,,,,,,,0,0,,H,USD,8035.68,0,8035.68,,,,133,L,133,L,133,L,,,,,0,,,0,X,,,,,,NA00,,,,,,,,,,,,2017,,,US00,,0,,0,0,0,,0,2,,,,,,,,,B,,,,0,,,,,0,0,0,,,,,0,,0,0,0,,,,,0,,,,0,0,0,,,,,,,,,,,,,,,,,,,,,,,,,,,,,,,,,,,,,,,,,,,,,,,,,,,,,,,,,,,,,,,,,,,,,,,,,,,,,,,,,,,,,,,,,,,,
375,5000003183,2017,1,1,0,0,0,551,,BLUEPAINT,MI00,RM00,,,,,,,,,0,0,,H,USD,5921.03,0,5921.03,,,,98,L,98,L,98,L,,,,,0,,,0,X,,,,,,NA00,,,,,,,,,,,,2017,,,US00,,0,,0,0,0,,0,2,,,,,,,,,B,,,,0,,,,,0,0,0,,,,,0,,0,0,0,,,,,0,,,,0,0,0,,,,,,,,,,,,,,,,,,,,,,,,,,,,,,,,,,,,,,,,,,,,,,,,,,,,,,,,,,,,,,,,,,,,,,,,,,,,,,,,,,,,,,,,,,,,
375,5000003184,2017,1,1,0,0,0,551,,BLUEPAINT,MI00,RM00,,,,,,,,,0,0,,H,USD,5135.59,0,5135.59,,,,85,L,85,L,85,L,,,,,0,,,0,X,,,,,,NA00,,,,,,,,,,,,2017,,,US00,,0,,0,0,0,,0,2,,,,,,,,,B,,,,0,,,,,0,0,0,,,,,0,,0,0,0,,,,,0,,,,0,0,0,,,,,,,,,,,,,,,,,,,,,,,,,,,,,,,,,,,,,,,,,,,,,,,,,,,,,,,,,,,,,,,,,,,,,,,,,,,,,,,,,,,,,,,,,,,,
375,5000003185,2017,1,1,0,0,0,551,,BLUEPAINT,MI00,RM00,,,,,,,,,0,0,,H,USD,2779.26,0,2779.26,,,,46,L,46,L,46,L,,,,,0,,,0,X,,,,,,NA00,,,,,,,,,,,,2017,,,US00,,0,,0,0,0,,0,2,,,,,,,,,B,,,,0,,,,,0,0,0,,,,,0,,0,0,0,,,,,0,,,,0,0,0,,,,,,,,,,,,,,,,,,,,,,,,,,,,,,,,,,,,,,,,,,,,,,,,,,,,,,,,,,,,,,,,,,,,,,,,,,,,,,,,,,,,,,,,,,,,
375,5000003186,2017,1,1,0,0,0,551,,BOLT1000,MI00,RM00,,,,,,,,,0,0,,H,USD,1.50,0,1.50,,,,1,EA,1,EA,1,EA,,,,,0,,,0,X,,,,,,NA00,,,,,,,,,,,,2017,,,US00,,0,,0,0,0,,0,2,,,,,,,,,B,,,,0,,,,,0,0,0,,,,,0,,0,0,0,,,,,0,,,,0,0,0,,,,,,,,,,,,,,,,,,,,,,,,,,,,,,,,,,,,,,,,,,,,,,,,,,,,,,,,,,,,,,,,,,,,,,,,,,,,,,,,,,,,,,,,,,,,
375,5000003187,2017,1,1,0,0,0,551,,BOLT1000,MI00,RM00,,,,,,,,,0,0,,H,USD,6.00,0,6.00,,,,4,EA,4,EA,4,EA,,,,,0,,,0,X,,,,,,NA00,,,,,,,,,,,,2017,,,US00,,0,,0,0,0,,0,2,,,,,,,,,B,,,,0,,,,,0,0,0,,,,,0,,0,0,0,,,,,0,,,,0,0,0,,,,,,,,,,,,,,,,,,,,,,,,,,,,,,,,,,,,,,,,,,,,,,,,,,,,,,,,,,,,,,,,,,,,,,,,,,,,,,,,,,,,,,,,,,,,
375,5000003188,2017,1,1,0,0,0,551,,BOLT1000,MI00,RM00,,,,,,,,,0,0,,H,USD,1.50,0,1.50,,,,1,EA,1,EA,1,EA,,,,,0,,,0,X,,,,,,NA00,,,,,,,,,,,,2017,,,US00,,0,,0,0,0,,0,2,,,,,,,,,B,,,,0,,,,,0,0,0,,,,,0,,0,0,0,,,,,0,,,,0,0,0,,,,,,,,,,,,,,,,,,,,,,,,,,,,,,,,,,,,,,,,,,,,,,,,,,,,,,,,,,,,,,,,,,,,,,,,,,,,,,,,,,,,,,,,,,,,
375,5000003189,2017,1,1,0,0,0,551,,BOLT1000,MI00,RM00,,,,,,,,,0,0,,H,USD,4.50,0,4.50,,,,3,EA,3,EA,3,EA,,,,,0,,,0,X,,,,,,NA00,,,,,,,,,,,,2017,,,US00,,0,,0,0,0,,0,2,,,,,,,,,B,,,,0,,,,,0,0,0,,,,,0,,0,0,0,,,,,0,,,,0,0,0,,,,,,,,,,,,,,,,,,,,,,,,,,,,,,,,,,,,,,,,,,,,,,,,,,,,,,,,,,,,,,,,,,,,,,,,,,,,,,,,,,,,,,,,,,,,
375,5000003190,2017,1,1,0,0,0,551,,BOLT1000,MI00,RM00,,,,,,,,,0,0,,H,USD,1.50,0,1.50,,,,1,EA,1,EA,1,EA,,,,,0,,,0,X,,,,,,NA00,,,,,,,,,,,,2017,,,US00,,0,,0,0,0,,0,2,,,,,,,,,B,,,,0,,,,,0,0,0,,,,,0,,0,0,0,,,,,0,,,,0,0,0,,,,,,,,,,,,,,,,,,,,,,,,,,,,,,,,,,,,,,,,,,,,,,,,,,,,,,,,,,,,,,,,,,,,,,,,,,,,,,,,,,,,,,,,,,,,
375,5000003191,2017,1,1,0,0,0,551,,BOTSWANA BLACK PE,MI00,RM00,,,,,,,,,0,0,,H,USD,232524.27,0,232524.27,,,,10,G,10,G,10,G,,,,,0,,,0,X,,,,,,NA00,,,,,,,,,,,,2017,,,US00,,0,,0,0,0,,0,2,,,,,,,,,B,,,,0,,,,,0,0,0,,,,,0,,0,0,0,,,,,0,,,,0,0,0,,,,,,,,,,,,,,,,,,,,,,,,,,,,,,,,,,,,,,,,,,,,,,,,,,,,,,,,,,,,,,,,,,,,,,,,,,,,,,,,,,,,,,,,,,,,
375,5000003192,2017,1,1,0,0,0,551,,BOTSWANA BLACK PE,MI00,RM00,,,,,,,,,0,0,,H,USD,69757.28,0,69757.28,,,,3,G,3,G,3,G,,,,,0,,,0,X,,,,,,NA00,,,,,,,,,,,,2017,,,US00,,0,,0,0,0,,0,2,,,,,,,,,B,,,,0,,,,,0,0,0,,,,,0,,0,0,0,,,,,0,,,,0,0,0,,,,,,,,,,,,,,,,,,,,,,,,,,,,,,,,,,,,,,,,,,,,,,,,,,,,,,,,,,,,,,,,,,,,,,,,,,,,,,,,,,,,,,,,,,,,
375,5000003193,2017,1,1,0,0,0,551,,BOTSWANA BLACK PE,MI00,RM00,,,,,,,,,0,0,,H,USD,23252.43,0,23252.43,,,,1,G,1,G,1,G,,,,,0,,,0,X,,,,,,NA00,,,,,,,,,,,,2017,,,US00,,0,,0,0,0,,0,2,,,,,,,,,B,,,,0,,,,,0,0,0,,,,,0,,0,0,0,,,,,0,,,,0,0,0,,,,,,,,,,,,,,,,,,,,,,,,,,,,,,,,,,,,,,,,,,,,,,,,,,,,,,,,,,,,,,,,,,,,,,,,,,,,,,,,,,,,,,,,,,,,
375,5000003194,2017,1,1,0,0,0,551,,BOTSWANA BLACK PE,MI00,RM00,,,,,,,,,0,0,,H,USD,116262.14,0,116262.14,,,,5,G,5,G,5,G,,,,,0,,,0,X,,,,,,NA00,,,,,,,,,,,,2017,,,US00,,0,,0,0,0,,0,2,,,,,,,,,B,,,,0,,,,,0,0,0,,,,,0,,0,0,0,,,,,0,,,,0,0,0,,,,,,,,,,,,,,,,,,,,,,,,,,,,,,,,,,,,,,,,,,,,,,,,,,,,,,,,,,,,,,,,,,,,,,,,,,,,,,,,,,,,,,,,,,,,
375,5000003195,2017,1,1,0,0,0,551,,BOTSWANA BLACK PE,MI00,RM00,,,,,,,,,0,0,,H,USD,46504.85,0,46504.85,,,,2,G,2,G,2,G,,,,,0,,,0,X,,,,,,NA00,,,,,,,,,,,,2017,,,US00,,0,,0,0,0,,0,2,,,,,,,,,B,,,,0,,,,,0,0,0,,,,,0,,0,0,0,,,,,0,,,,0,0,0,,,,,,,,,,,,,,,,,,,,,,,,,,,,,,,,,,,,,,,,,,,,,,,,,,,,,,,,,,,,,,,,,,,,,,,,,,,,,,,,,,,,,,,,,,,,
375,5000003196,2017,1,1,0,0,0,551,,BOTSWANA BLACK PE,MI00,RM00,,,,,,,,,0,0,,H,USD,23252.43,0,23252.43,,,,1,G,1,G,1,G,,,,,0,,,0,X,,,,,,NA00,,,,,,,,,,,,2017,,,US00,,0,,0,0,0,,0,2,,,,,,,,,B,,,,0,,,,,0,0,0,,,,,0,,0,0,0,,,,,0,,,,0,0,0,,,,,,,,,,,,,,,,,,,,,,,,,,,,,,,,,,,,,,,,,,,,,,,,,,,,,,,,,,,,,,,,,,,,,,,,,,,,,,,,,,,,,,,,,,,,
375,5000003197,2017,1,1,0,0,0,551,,BOTSWANA BLACK PE,MI00,RM00,,,,,,,,,0,0,,H,USD,46504.85,0,46504.85,,,,2,G,2,G,2,G,,,,,0,,,0,X,,,,,,NA00,,,,,,,,,,,,2017,,,US00,,0,,0,0,0,,0,2,,,,,,,,,B,,,,0,,,,,0,0,0,,,,,0,,0,0,0,,,,,0,,,,0,0,0,,,,,,,,,,,,,,,,,,,,,,,,,,,,,,,,,,,,,,,,,,,,,,,,,,,,,,,,,,,,,,,,,,,,,,,,,,,,,,,,,,,,,,,,,,,,
375,5000003198,2017,1,1,0,0,0,551,,BOTSWANA BLACK PE,MI00,RM00,,,,,,,,,0,0,,H,USD,69757.28,0,69757.28,,,,3,G,3,G,3,G,,,,,0,,,0,X,,,,,,NA00,,,,,,,,,,,,2017,,,US00,,0,,0,0,0,,0,2,,,,,,,,,B,,,,0,,,,,0,0,0,,,,,0,,0,0,0,,,,,0,,,,0,0,0,,,,,,,,,,,,,,,,,,,,,,,,,,,,,,,,,,,,,,,,,,,,,,,,,,,,,,,,,,,,,,,,,,,,,,,,,,,,,,,,,,,,,,,,,,,,
375,5000003199,2017,1,1,0,0,0,551,,BOTSWANA BLACK PE,MI00,RM00,,,,,,,,,0,0,,H,USD,69757.28,0,69757.28,,,,3,G,3,G,3,G,,,,,0,,,0,X,,,,,,NA00,,,,,,,,,,,,2017,,,US00,,0,,0,0,0,,0,2,,,,,,,,,B,,,,0,,,,,0,0,0,,,,,0,,0,0,0,,,,,0,,,,0,0,0,,,,,,,,,,,,,,,,,,,,,,,,,,,,,,,,,,,,,,,,,,,,,,,,,,,,,,,,,,,,,,,,,,,,,,,,,,,,,,,,,,,,,,,,,,,,
375,5000003200,2017,1,1,0,0,0,551,,CARBONITE,MI00,RM00,,,,,,,,,0,0,,H,USD,305.29,0,305.29,,,,3,G,3,G,3,G,,,,,0,,,0,X,,,,,,NA00,,,,,,,,,,,,2017,,,US00,,0,,0,0,0,,0,2,,,,,,,,,B,,,,0,,,,,0,0,0,,,,,0,,0,0,0,,,,,0,,,,0,0,0,,,,,,,,,,,,,,,,,,,,,,,,,,,,,,,,,,,,,,,,,,,,,,,,,,,,,,,,,,,,,,,,,,,,,,,,,,,,,,,,,,,,,,,,,,,,
375,5000003201,2017,1,1,0,0,0,551,,CARBONITE,MI00,RM00,,,,,,,,,0,0,,H,USD,305.29,0,305.29,,,,3,G,3,G,3,G,,,,,0,,,0,X,,,,,,NA00,,,,,,,,,,,,2017,,,US00,,0,,0,0,0,,0,2,,,,,,,,,B,,,,0,,,,,0,0,0,,,,,0,,0,0,0,,,,,0,,,,0,0,0,,,,,,,,,,,,,,,,,,,,,,,,,,,,,,,,,,,,,,,,,,,,,,,,,,,,,,,,,,,,,,,,,,,,,,,,,,,,,,,,,,,,,,,,,,,,
375,5000003202,2017,1,1,0,0,0,551,,CARBONITE,MI00,RM00,,,,,,,,,0,0,,H,USD,101.76,0,101.76,,,,1,G,1,G,1,G,,,,,0,,,0,X,,,,,,NA00,,,,,,,,,,,,2017,,,US00,,0,,0,0,0,,0,2,,,,,,,,,B,,,,0,,,,,0,0,0,,,,,0,,0,0,0,,,,,0,,,,0,0,0,,,,,,,,,,,,,,,,,,,,,,,,,,,,,,,,,,,,,,,,,,,,,,,,,,,,,,,,,,,,,,,,,,,,,,,,,,,,,,,,,,,,,,,,,,,,
375,5000003203,2017,1,1,0,0,0,551,,CARBONITE,MI00,RM00,,,,,,,,,0,0,,H,USD,101.76,0,101.76,,,,1,G,1,G,1,G,,,,,0,,,0,X,,,,,,NA00,,,,,,,,,,,,2017,,,US00,,0,,0,0,0,,0,2,,,,,,,,,B,,,,0,,,,,0,0,0,,,,,0,,0,0,0,,,,,0,,,,0,0,0,,,,,,,,,,,,,,,,,,,,,,,,,,,,,,,,,,,,,,,,,,,,,,,,,,,,,,,,,,,,,,,,,,,,,,,,,,,,,,,,,,,,,,,,,,,,
375,5000003204,2017,1,1,0,0,0,551,,CARBONITE,MI00,RM00,,,,,,,,,0,0,,H,USD,101.76,0,101.76,,,,1,G,1,G,1,G,,,,,0,,,0,X,,,,,,NA00,,,,,,,,,,,,2017,,,US00,,0,,0,0,0,,0,2,,,,,,,,,B,,,,0,,,,,0,0,0,,,,,0,,0,0,0,,,,,0,,,,0,0,0,,,,,,,,,,,,,,,,,,,,,,,,,,,,,,,,,,,,,,,,,,,,,,,,,,,,,,,,,,,,,,,,,,,,,,,,,,,,,,,,,,,,,,,,,,,,
375,5000003205,2017,1,1,0,0,0,551,,CARBONITE,MI00,RM00,,,,,,,,,0,0,,H,USD,203.53,0,203.53,,,,2,G,2,G,2,G,,,,,0,,,0,X,,,,,,NA00,,,,,,,,,,,,2017,,,US00,,0,,0,0,0,,0,2,,,,,,,,,B,,,,0,,,,,0,0,0,,,,,0,,0,0,0,,,,,0,,,,0,0,0,,,,,,,,,,,,,,,,,,,,,,,,,,,,,,,,,,,,,,,,,,,,,,,,,,,,,,,,,,,,,,,,,,,,,,,,,,,,,,,,,,,,,,,,,,,,
375,5000003206,2017,1,1,0,0,0,551,,CHRONIUM,MI00,RM00,,,,,,,,,0,0,,H,USD,49.94,0,49.94,,,,124,LB,124,LB,124,LB,,,,,0,,,0,X,,,,,,NA00,,,,,,,,,,,,2017,,,US00,,0,,0,0,0,,0,2,,,,,,,,,B,,,,0,,,,,0,0,0,,,,,0,,0,0,0,,,,,0,,,,0,0,0,,,,,,,,,,,,,,,,,,,,,,,,,,,,,,,,,,,,,,,,,,,,,,,,,,,,,,,,,,,,,,,,,,,,,,,,,,,,,,,,,,,,,,,,,,,,
375,5000003207,2017,1,1,0,0,0,551,,CHRONIUM,MI00,RM00,,,,,,,,,0,0,,H,USD,28.19,0,28.19,,,,70,LB,70,LB,70,LB,,,,,0,,,0,X,,,,,,NA00,,,,,,,,,,,,2017,,,US00,,0,,0,0,0,,0,2,,,,,,,,,B,,,,0,,,,,0,0,0,,,,,0,,0,0,0,,,,,0,,,,0,0,0,,,,,,,,,,,,,,,,,,,,,,,,,,,,,,,,,,,,,,,,,,,,,,,,,,,,,,,,,,,,,,,,,,,,,,,,,,,,,,,,,,,,,,,,,,,,
375,5000003208,2017,1,1,0,0,0,551,,CHRONIUM,MI00,RM00,,,,,,,,,0,0,,H,USD,80.15,0,80.15,,,,199,LB,199,LB,199,LB,,,,,0,,,0,X,,,,,,NA00,,,,,,,,,,,,2017,,,US00,,0,,0,0,0,,0,2,,,,,,,,,B,,,,0,,,,,0,0,0,,,,,0,,0,0,0,,,,,0,,,,0,0,0,,,,,,,,,,,,,,,,,,,,,,,,,,,,,,,,,,,,,,,,,,,,,,,,,,,,,,,,,,,,,,,,,,,,,,,,,,,,,,,,,,,,,,,,,,,,
375,5000003209,2017,1,1,0,0,0,551,,CONCRETE,MI00,RM00,,,,,,,,,0,0,,H,USD,92.31,0,92.31,,,,1,YD3,1,YD3,1,YD3,,,,,0,,,0,X,,,,,,NA00,,,,,,,,,,,,2017,,,US00,,0,,0,0,0,,0,2,,,,,,,,,B,,,,0,,,,,0,0,0,,,,,0,,0,0,0,,,,,0,,,,0,0,0,,,,,,,,,,,,,,,,,,,,,,,,,,,,,,,,,,,,,,,,,,,,,,,,,,,,,,,,,,,,,,,,,,,,,,,,,,,,,,,,,,,,,,,,,,,,
375,5000003210,2017,1,1,0,0,0,551,,CONGOCRYSTAL,MI00,RM00,,,,,,,,,0,0,,H,USD,15370.14,0,15370.14,,,,2,G,2,G,2,G,,,,,0,,,0,X,,,,,,NA00,,,,,,,,,,,,2017,,,US00,,0,,0,0,0,,0,2,,,,,,,,,B,,,,0,,,,,0,0,0,,,,,0,,0,0,0,,,,,0,,,,0,0,0,,,,,,,,,,,,,,,,,,,,,,,,,,,,,,,,,,,,,,,,,,,,,,,,,,,,,,,,,,,,,,,,,,,,,,,,,,,,,,,,,,,,,,,,,,,,
375,5000003211,2017,1,1,0,0,0,551,,CONGOCRYSTAL,MI00,RM00,,,,,,,,,0,0,,H,USD,7685.07,0,7685.07,,,,1,G,1,G,1,G,,,,,0,,,0,X,,,,,,NA00,,,,,,,,,,,,2017,,,US00,,0,,0,0,0,,0,2,,,,,,,,,B,,,,0,,,,,0,0,0,,,,,0,,0,0,0,,,,,0,,,,0,0,0,,,,,,,,,,,,,,,,,,,,,,,,,,,,,,,,,,,,,,,,,,,,,,,,,,,,,,,,,,,,,,,,,,,,,,,,,,,,,,,,,,,,,,,,,,,,
375,5000003212,2017,1,1,0,0,0,551,,CONGOCRYSTAL,MI00,RM00,,,,,,,,,0,0,,H,USD,7685.07,0,7685.07,,,,1,G,1,G,1,G,,,,,0,,,0,X,,,,,,NA00,,,,,,,,,,,,2017,,,US00,,0,,0,0,0,,0,2,,,,,,,,,B,,,,0,,,,,0,0,0,,,,,0,,0,0,0,,,,,0,,,,0,0,0,,,,,,,,,,,,,,,,,,,,,,,,,,,,,,,,,,,,,,,,,,,,,,,,,,,,,,,,,,,,,,,,,,,,,,,,,,,,,,,,,,,,,,,,,,,,
375,5000003213,2017,1,1,0,0,0,551,,CONGOCRYSTAL,MI00,RM00,,,,,,,,,0,0,,H,USD,23055.22,0,23055.22,,,,3,G,3,G,3,G,,,,,0,,,0,X,,,,,,NA00,,,,,,,,,,,,2017,,,US00,,0,,0,0,0,,0,2,,,,,,,,,B,,,,0,,,,,0,0,0,,,,,0,,0,0,0,,,,,0,,,,0,0,0,,,,,,,,,,,,,,,,,,,,,,,,,,,,,,,,,,,,,,,,,,,,,,,,,,,,,,,,,,,,,,,,,,,,,,,,,,,,,,,,,,,,,,,,,,,,
375,5000003214,2017,1,1,0,0,0,551,,CONGOCRYSTAL,MI00,RM00,,,,,,,,,0,0,,H,USD,38425.36,0,38425.36,,,,5,G,5,G,5,G,,,,,0,,,0,X,,,,,,NA00,,,,,,,,,,,,2017,,,US00,,0,,0,0,0,,0,2,,,,,,,,,B,,,,0,,,,,0,0,0,,,,,0,,0,0,0,,,,,0,,,,0,0,0,,,,,,,,,,,,,,,,,,,,,,,,,,,,,,,,,,,,,,,,,,,,,,,,,,,,,,,,,,,,,,,,,,,,,,,,,,,,,,,,,,,,,,,,,,,,
375,5000003215,2017,1,1,0,0,0,551,,CONGOCRYSTAL,MI00,RM00,,,,,,,,,0,0,,H,USD,7685.07,0,7685.07,,,,1,G,1,G,1,G,,,,,0,,,0,X,,,,,,NA00,,,,,,,,,,,,2017,,,US00,,0,,0,0,0,,0,2,,,,,,,,,B,,,,0,,,,,0,0,0,,,,,0,,0,0,0,,,,,0,,,,0,0,0,,,,,,,,,,,,,,,,,,,,,,,,,,,,,,,,,,,,,,,,,,,,,,,,,,,,,,,,,,,,,,,,,,,,,,,,,,,,,,,,,,,,,,,,,,,,
375,5000003216,2017,1,1,0,0,0,551,,CONGOCRYSTAL,MI00,RM00,,,,,,,,,0,0,,H,USD,15370.14,0,15370.14,,,,2,G,2,G,2,G,,,,,0,,,0,X,,,,,,NA00,,,,,,,,,,,,2017,,,US00,,0,,0,0,0,,0,2,,,,,,,,,B,,,,0,,,,,0,0,0,,,,,0,,0,0,0,,,,,0,,,,0,0,0,,,,,,,,,,,,,,,,,,,,,,,,,,,,,,,,,,,,,,,,,,,,,,,,,,,,,,,,,,,,,,,,,,,,,,,,,,,,,,,,,,,,,,,,,,,,
375,5000003217,2017,1,1,0,0,0,551,,CONGOCRYSTAL,MI00,RM00,,,,,,,,,0,0,,H,USD,30740.29,0,30740.29,,,,4,G,4,G,4,G,,,,,0,,,0,X,,,,,,NA00,,,,,,,,,,,,2017,,,US00,,0,,0,0,0,,0,2,,,,,,,,,B,,,,0,,,,,0,0,0,,,,,0,,0,0,0,,,,,0,,,,0,0,0,,,,,,,,,,,,,,,,,,,,,,,,,,,,,,,,,,,,,,,,,,,,,,,,,,,,,,,,,,,,,,,,,,,,,,,,,,,,,,,,,,,,,,,,,,,,
375,5000003218,2017,1,1,0,0,0,551,,CONGOCRYSTAL,MI00,RM00,,,,,,,,,0,0,,H,USD,30740.29,0,30740.29,,,,4,G,4,G,4,G,,,,,0,,,0,X,,,,,,NA00,,,,,,,,,,,,2017,,,US00,,0,,0,0,0,,0,2,,,,,,,,,B,,,,0,,,,,0,0,0,,,,,0,,0,0,0,,,,,0,,,,0,0,0,,,,,,,,,,,,,,,,,,,,,,,,,,,,,,,,,,,,,,,,,,,,,,,,,,,,,,,,,,,,,,,,,,,,,,,,,,,,,,,,,,,,,,,,,,,,
375,5000003219,2017,1,1,0,0,0,551,,DIAMOND,MI00,RM00,,,,,,,,,0,0,,H,USD,454.42,0,454.42,,,,37,LB,37,LB,37,LB,,,,,0,,,0,X,,,,,,NA00,,,,,,,,,,,,2017,,,US00,,0,,0,0,0,,0,2,,,,,,,,,B,,,,0,,,,,0,0,0,,,,,0,,0,0,0,,,,,0,,,,0,0,0,,,,,,,,,,,,,,,,,,,,,,,,,,,,,,,,,,,,,,,,,,,,,,,,,,,,,,,,,,,,,,,,,,,,,,,,,,,,,,,,,,,,,,,,,,,,
375,5000003220,2017,1,1,0,0,0,551,,DIAMOND,MI00,RM00,,,,,,,,,0,0,,H,USD,245.63,0,245.63,,,,20,LB,20,LB,20,LB,,,,,0,,,0,X,,,,,,NA00,,,,,,,,,,,,2017,,,US00,,0,,0,0,0,,0,2,,,,,,,,,B,,,,0,,,,,0,0,0,,,,,0,,0,0,0,,,,,0,,,,0,0,0,,,,,,,,,,,,,,,,,,,,,,,,,,,,,,,,,,,,,,,,,,,,,,,,,,,,,,,,,,,,,,,,,,,,,,,,,,,,,,,,,,,,,,,,,,,,
375,5000003221,2017,1,1,0,0,0,551,,DIAMOND,MI00,RM00,,,,,,,,,0,0,,H,USD,208.79,0,208.79,,,,17,LB,17,LB,17,LB,,,,,0,,,0,X,,,,,,NA00,,,,,,,,,,,,2017,,,US00,,0,,0,0,0,,0,2,,,,,,,,,B,,,,0,,,,,0,0,0,,,,,0,,0,0,0,,,,,0,,,,0,0,0,,,,,,,,,,,,,,,,,,,,,,,,,,,,,,,,,,,,,,,,,,,,,,,,,,,,,,,,,,,,,,,,,,,,,,,,,,,,,,,,,,,,,,,,,,,,
375,5000003222,2017,1,1,0,0,0,551,,DIAMOND,MI00,RM00,,,,,,,,,0,0,,H,USD,110.53,0,110.53,,,,9,LB,9,LB,9,LB,,,,,0,,,0,X,,,,,,NA00,,,,,,,,,,,,2017,,,US00,,0,,0,0,0,,0,2,,,,,,,,,B,,,,0,,,,,0,0,0,,,,,0,,0,0,0,,,,,0,,,,0,0,0,,,,,,,,,,,,,,,,,,,,,,,,,,,,,,,,,,,,,,,,,,,,,,,,,,,,,,,,,,,,,,,,,,,,,,,,,,,,,,,,,,,,,,,,,,,,
375,5000003223,2017,1,1,0,0,0,551,,DIAMOND,MI00,RM00,,,,,,,,,0,0,,H,USD,61.41,0,61.41,,,,5,LB,5,LB,5,LB,,,,,0,,,0,X,,,,,,NA00,,,,,,,,,,,,2017,,,US00,,0,,0,0,0,,0,2,,,,,,,,,B,,,,0,,,,,0,0,0,,,,,0,,0,0,0,,,,,0,,,,0,0,0,,,,,,,,,,,,,,,,,,,,,,,,,,,,,,,,,,,,,,,,,,,,,,,,,,,,,,,,,,,,,,,,,,,,,,,,,,,,,,,,,,,,,,,,,,,,
375,5000003224,2017,1,1,0,0,0,551,,GOLD,MI00,RM00,,,,,,,,,0,0,,H,USD,3171.04,0,3171.04,,,,14,G,14,G,14,G,,,,,0,,,0,X,,,,,,NA00,,,,,,,,,,,,2017,,,US00,,0,,0,0,0,,0,2,,,,,,,,,B,,,,0,,,,,0,0,0,,,,,0,,0,0,0,,,,,0,,,,0,0,0,,,,,,,,,,,,,,,,,,,,,,,,,,,,,,,,,,,,,,,,,,,,,,,,,,,,,,,,,,,,,,,,,,,,,,,,,,,,,,,,,,,,,,,,,,,,
375,5000003225,2017,1,1,0,0,0,551,,GOLD,MI00,RM00,,,,,,,,,0,0,,H,USD,8154.11,0,8154.11,,,,36,G,36,G,36,G,,,,,0,,,0,X,,,,,,NA00,,,,,,,,,,,,2017,,,US00,,0,,0,0,0,,0,2,,,,,,,,,B,,,,0,,,,,0,0,0,,,,,0,,0,0,0,,,,,0,,,,0,0,0,,,,,,,,,,,,,,,,,,,,,,,,,,,,,,,,,,,,,,,,,,,,,,,,,,,,,,,,,,,,,,,,,,,,,,,,,,,,,,,,,,,,,,,,,,,,
375,5000003226,2017,1,1,0,0,0,551,,GOLD,MI00,RM00,,,,,,,,,0,0,,H,USD,453.01,0,453.01,,,,2,G,2,G,2,G,,,,,0,,,0,X,,,,,,NA00,,,,,,,,,,,,2017,,,US00,,0,,0,0,0,,0,2,,,,,,,,,B,,,,0,,,,,0,0,0,,,,,0,,0,0,0,,,,,0,,,,0,0,0,,,,,,,,,,,,,,,,,,,,,,,,,,,,,,,,,,,,,,,,,,,,,,,,,,,,,,,,,,,,,,,,,,,,,,,,,,,,,,,,,,,,,,,,,,,,
375,5000003227,2017,1,1,0,0,0,551,,GOLD,MI00,RM00,,,,,,,,,0,0,,H,USD,4530.06,0,4530.06,,,,20,G,20,G,20,G,,,,,0,,,0,X,,,,,,NA00,,,,,,,,,,,,2017,,,US00,,0,,0,0,0,,0,2,,,,,,,,,B,,,,0,,,,,0,0,0,,,,,0,,0,0,0,,,,,0,,,,0,0,0,,,,,,,,,,,,,,,,,,,,,,,,,,,,,,,,,,,,,,,,,,,,,,,,,,,,,,,,,,,,,,,,,,,,,,,,,,,,,,,,,,,,,,,,,,,,
375,5000003228,2017,1,1,0,0,0,551,,GOLD,MI00,RM00,,,,,,,,,0,0,,H,USD,906.01,0,906.01,,,,4,G,4,G,4,G,,,,,0,,,0,X,,,,,,NA00,,,,,,,,,,,,2017,,,US00,,0,,0,0,0,,0,2,,,,,,,,,B,,,,0,,,,,0,0,0,,,,,0,,0,0,0,,,,,0,,,,0,0,0,,,,,,,,,,,,,,,,,,,,,,,,,,,,,,,,,,,,,,,,,,,,,,,,,,,,,,,,,,,,,,,,,,,,,,,,,,,,,,,,,,,,,,,,,,,,
375,5000003229,2017,1,1,0,0,0,551,,GOLD,MI00,RM00,,,,,,,,,0,0,,H,USD,679.51,0,679.51,,,,3,G,3,G,3,G,,,,,0,,,0,X,,,,,,NA00,,,,,,,,,,,,2017,,,US00,,0,,0,0,0,,0,2,,,,,,,,,B,,,,0,,,,,0,0,0,,,,,0,,0,0,0,,,,,0,,,,0,0,0,,,,,,,,,,,,,,,,,,,,,,,,,,,,,,,,,,,,,,,,,,,,,,,,,,,,,,,,,,,,,,,,,,,,,,,,,,,,,,,,,,,,,,,,,,,,
375,5000003230,2017,1,1,0,0,0,551,,GOLD,MI00,RM00,,,,,,,,,0,0,,H,USD,4756.56,0,4756.56,,,,21,G,21,G,21,G,,,,,0,,,0,X,,,,,,NA00,,,,,,,,,,,,2017,,,US00,,0,,0,0,0,,0,2,,,,,,,,,B,,,,0,,,,,0,0,0,,,,,0,,0,0,0,,,,,0,,,,0,0,0,,,,,,,,,,,,,,,,,,,,,,,,,,,,,,,,,,,,,,,,,,,,,,,,,,,,,,,,,,,,,,,,,,,,,,,,,,,,,,,,,,,,,,,,,,,,
375,5000003231,2017,1,1,0,0,0,551,,GOLD,MI00,RM00,,,,,,,,,0,0,,H,USD,4077.05,0,4077.05,,,,18,G,18,G,18,G,,,,,0,,,0,X,,,,,,NA00,,,,,,,,,,,,2017,,,US00,,0,,0,0,0,,0,2,,,,,,,,,B,,,,0,,,,,0,0,0,,,,,0,,0,0,0,,,,,0,,,,0,0,0,,,,,,,,,,,,,,,,,,,,,,,,,,,,,,,,,,,,,,,,,,,,,,,,,,,,,,,,,,,,,,,,,,,,,,,,,,,,,,,,,,,,,,,,,,,,
375,5000003232,2017,1,1,0,0,0,551,,GOLD,MI00,RM00,,,,,,,,,0,0,,H,USD,12004.66,0,12004.66,,,,53,G,53,G,53,G,,,,,0,,,0,X,,,,,,NA00,,,,,,,,,,,,2017,,,US00,,0,,0,0,0,,0,2,,,,,,,,,B,,,,0,,,,,0,0,0,,,,,0,,0,0,0,,,,,0,,,,0,0,0,,,,,,,,,,,,,,,,,,,,,,,,,,,,,,,,,,,,,,,,,,,,,,,,,,,,,,,,,,,,,,,,,,,,,,,,,,,,,,,,,,,,,,,,,,,,
375,5000003233,2017,1,1,0,0,0,551,,GOLD,MI00,RM00,,,,,,,,,0,0,,H,USD,906.01,0,906.01,,,,4,G,4,G,4,G,,,,,0,,,0,X,,,,,,NA00,,,,,,,,,,,,2017,,,US00,,0,,0,0,0,,0,2,,,,,,,,,B,,,,0,,,,,0,0,0,,,,,0,,0,0,0,,,,,0,,,,0,0,0,,,,,,,,,,,,,,,,,,,,,,,,,,,,,,,,,,,,,,,,,,,,,,,,,,,,,,,,,,,,,,,,,,,,,,,,,,,,,,,,,,,,,,,,,,,,
375,5000003234,2017,1,1,0,0,0,551,,GOLD,MI00,RM00,,,,,,,,,0,0,,H,USD,9513.13,0,9513.13,,,,42,G,42,G,42,G,,,,,0,,,0,X,,,,,,NA00,,,,,,,,,,,,2017,,,US00,,0,,0,0,0,,0,2,,,,,,,,,B,,,,0,,,,,0,0,0,,,,,0,,0,0,0,,,,,0,,,,0,0,0,,,,,,,,,,,,,,,,,,,,,,,,,,,,,,,,,,,,,,,,,,,,,,,,,,,,,,,,,,,,,,,,,,,,,,,,,,,,,,,,,,,,,,,,,,,,
375,5000003235,2017,1,1,0,0,0,551,,HEXNT,MI00,RM00,,,,,,,,,0,0,,H,USD,913.24,0,913.24,,,,786,LB,786,LB,786,LB,,,,,0,,,0,X,,,,,,NA00,,,,,,,,,,,,2017,,,US00,,0,,0,0,0,,0,2,,,,,,,,,B,,,,0,,,,,0,0,0,,,,,0,,0,0,0,,,,,0,,,,0,0,0,,,,,,,,,,,,,,,,,,,,,,,,,,,,,,,,,,,,,,,,,,,,,,,,,,,,,,,,,,,,,,,,,,,,,,,,,,,,,,,,,,,,,,,,,,,,
375,5000003236,2017,1,1,0,0,0,551,,HEXNT,MI00,RM00,,,,,,,,,0,0,,H,USD,1852.03,0,1852.03,,,,1594,LB,1594,LB,1594,LB,,,,,0,,,0,X,,,,,,NA00,,,,,,,,,,,,2017,,,US00,,0,,0,0,0,,0,2,,,,,,,,,B,,,,0,,,,,0,0,0,,,,,0,,0,0,0,,,,,0,,,,0,0,0,,,,,,,,,,,,,,,,,,,,,,,,,,,,,,,,,,,,,,,,,,,,,,,,,,,,,,,,,,,,,,,,,,,,,,,,,,,,,,,,,,,,,,,,,,,,
375,5000003237,2017,1,1,0,0,0,551,,HEXNT,MI00,RM00,,,,,,,,,0,0,,H,USD,1860.17,0,1860.17,,,,1601,LB,1601,LB,1601,LB,,,,,0,,,0,X,,,,,,NA00,,,,,,,,,,,,2017,,,US00,,0,,0,0,0,,0,2,,,,,,,,,B,,,,0,,,,,0,0,0,,,,,0,,0,0,0,,,,,0,,,,0,0,0,,,,,,,,,,,,,,,,,,,,,,,,,,,,,,,,,,,,,,,,,,,,,,,,,,,,,,,,,,,,,,,,,,,,,,,,,,,,,,,,,,,,,,,,,,,,
375,5000003238,2017,1,1,0,0,0,551,,HEXNT,MI00,RM00,,,,,,,,,0,0,,H,USD,486.83,0,486.83,,,,419,LB,419,LB,419,LB,,,,,0,,,0,X,,,,,,NA00,,,,,,,,,,,,2017,,,US00,,0,,0,0,0,,0,2,,,,,,,,,B,,,,0,,,,,0,0,0,,,,,0,,0,0,0,,,,,0,,,,0,0,0,,,,,,,,,,,,,,,,,,,,,,,,,,,,,,,,,,,,,,,,,,,,,,,,,,,,,,,,,,,,,,,,,,,,,,,,,,,,,,,,,,,,,,,,,,,,
375,5000003239,2017,1,1,0,0,0,551,,HEXNT,MI00,RM00,,,,,,,,,0,0,,H,USD,154.53,0,154.53,,,,133,LB,133,LB,133,LB,,,,,0,,,0,X,,,,,,NA00,,,,,,,,,,,,2017,,,US00,,0,,0,0,0,,0,2,,,,,,,,,B,,,,0,,,,,0,0,0,,,,,0,,0,0,0,,,,,0,,,,0,0,0,,,,,,,,,,,,,,,,,,,,,,,,,,,,,,,,,,,,,,,,,,,,,,,,,,,,,,,,,,,,,,,,,,,,,,,,,,,,,,,,,,,,,,,,,,,,
375,5000003240,2017,1,1,0,0,0,551,,HEXNT,MI00,RM00,,,,,,,,,0,0,,H,USD,1053.82,0,1053.82,,,,907,LB,907,LB,907,LB,,,,,0,,,0,X,,,,,,NA00,,,,,,,,,,,,2017,,,US00,,0,,0,0,0,,0,2,,,,,,,,,B,,,,0,,,,,0,0,0,,,,,0,,0,0,0,,,,,0,,,,0,0,0,,,,,,,,,,,,,,,,,,,,,,,,,,,,,,,,,,,,,,,,,,,,,,,,,,,,,,,,,,,,,,,,,,,,,,,,,,,,,,,,,,,,,,,,,,,,
375,5000003241,2017,1,1,0,0,0,551,,HEXNT,MI00,RM00,,,,,,,,,0,0,,H,USD,2876.81,0,2876.81,,,,2476,LB,2476,LB,2476,LB,,,,,0,,,0,X,,,,,,NA00,,,,,,,,,,,,2017,,,US00,,0,,0,0,0,,0,2,,,,,,,,,B,,,,0,,,,,0,0,0,,,,,0,,0,0,0,,,,,0,,,,0,0,0,,,,,,,,,,,,,,,,,,,,,,,,,,,,,,,,,,,,,,,,,,,,,,,,,,,,,,,,,,,,,,,,,,,,,,,,,,,,,,,,,,,,,,,,,,,,
375,5000003242,2017,1,1,0,0,0,551,,HEXNT,MI00,RM00,,,,,,,,,0,0,,H,USD,527.49,0,527.49,,,,454,LB,454,LB,454,LB,,,,,0,,,0,X,,,,,,NA00,,,,,,,,,,,,2017,,,US00,,0,,0,0,0,,0,2,,,,,,,,,B,,,,0,,,,,0,0,0,,,,,0,,0,0,0,,,,,0,,,,0,0,0,,,,,,,,,,,,,,,,,,,,,,,,,,,,,,,,,,,,,,,,,,,,,,,,,,,,,,,,,,,,,,,,,,,,,,,,,,,,,,,,,,,,,,,,,,,,
375,5000003243,2017,1,1,0,0,0,551,,HEXNT,MI00,RM00,,,,,,,,,0,0,,H,USD,2202.92,0,2202.92,,,,1896,LB,1896,LB,1896,LB,,,,,0,,,0,X,,,,,,NA00,,,,,,,,,,,,2017,,,US00,,0,,0,0,0,,0,2,,,,,,,,,B,,,,0,,,,,0,0,0,,,,,0,,0,0,0,,,,,0,,,,0,0,0,,,,,,,,,,,,,,,,,,,,,,,,,,,,,,,,,,,,,,,,,,,,,,,,,,,,,,,,,,,,,,,,,,,,,,,,,,,,,,,,,,,,,,,,,,,,
375,5000003244,2017,1,1,0,0,0,551,,HEXNT,MI00,RM00,,,,,,,,,0,0,,H,USD,858.63,0,858.63,,,,739,LB,739,LB,739,LB,,,,,0,,,0,X,,,,,,NA00,,,,,,,,,,,,2017,,,US00,,0,,0,0,0,,0,2,,,,,,,,,B,,,,0,,,,,0,0,0,,,,,0,,0,0,0,,,,,0,,,,0,0,0,,,,,,,,,,,,,,,,,,,,,,,,,,,,,,,,,,,,,,,,,,,,,,,,,,,,,,,,,,,,,,,,,,,,,,,,,,,,,,,,,,,,,,,,,,,,
375,5000003245,2017,1,1,0,0,0,551,,HEXNT,MI00,RM00,,,,,,,,,0,0,,H,USD,403.17,0,403.17,,,,347,LB,347,LB,347,LB,,,,,0,,,0,X,,,,,,NA00,,,,,,,,,,,,2017,,,US00,,0,,0,0,0,,0,2,,,,,,,,,B,,,,0,,,,,0,0,0,,,,,0,,0,0,0,,,,,0,,,,0,0,0,,,,,,,,,,,,,,,,,,,,,,,,,,,,,,,,,,,,,,,,,,,,,,,,,,,,,,,,,,,,,,,,,,,,,,,,,,,,,,,,,,,,,,,,,,,,
375,5000003246,2017,1,1,0,0,0,551,,HEXNT,MI00,RM00,,,,,,,,,0,0,,H,USD,166.15,0,166.15,,,,143,LB,143,LB,143,LB,,,,,0,,,0,X,,,,,,NA00,,,,,,,,,,,,2017,,,US00,,0,,0,0,0,,0,2,,,,,,,,,B,,,,0,,,,,0,0,0,,,,,0,,0,0,0,,,,,0,,,,0,0,0,,,,,,,,,,,,,,,,,,,,,,,,,,,,,,,,,,,,,,,,,,,,,,,,,,,,,,,,,,,,,,,,,,,,,,,,,,,,,,,,,,,,,,,,,,,,
375,5000003247,2017,1,1,0,0,0,551,,ICAN HEADMASK,MI00,RM00,,,,,,,,,0,0,,H,USD,3460.21,0,3460.21,,,,2,EA,2,EA,2,EA,,,,,0,,,0,X,,,,,,NA00,,,,,,,,,,,,2017,,,US00,,0,,0,0,0,,0,2,,,,,,,,,B,,,,0,,,,,0,0,0,,,,,0,,0,0,0,,,,,0,,,,0,0,0,,,,,,,,,,,,,,,,,,,,,,,,,,,,,,,,,,,,,,,,,,,,,,,,,,,,,,,,,,,,,,,,,,,,,,,,,,,,,,,,,,,,,,,,,,,,
375,5000003248,2017,1,1,0,0,0,551,,ICAN HEADMASK,MI00,RM00,,,,,,,,,0,0,,H,USD,8650.52,0,8650.52,,,,5,EA,5,EA,5,EA,,,,,0,,,0,X,,,,,,NA00,,,,,,,,,,,,2017,,,US00,,0,,0,0,0,,0,2,,,,,,,,,B,,,,0,,,,,0,0,0,,,,,0,,0,0,0,,,,,0,,,,0,0,0,,,,,,,,,,,,,,,,,,,,,,,,,,,,,,,,,,,,,,,,,,,,,,,,,,,,,,,,,,,,,,,,,,,,,,,,,,,,,,,,,,,,,,,,,,,,
375,5000003249,2017,1,1,0,0,0,551,,ICAN HEADMASK,MI00,RM00,,,,,,,,,0,0,,H,USD,1730.10,0,1730.10,,,,1,EA,1,EA,1,EA,,,,,0,,,0,X,,,,,,NA00,,,,,,,,,,,,2017,,,US00,,0,,0,0,0,,0,2,,,,,,,,,B,,,,0,,,,,0,0,0,,,,,0,,0,0,0,,,,,0,,,,0,0,0,,,,,,,,,,,,,,,,,,,,,,,,,,,,,,,,,,,,,,,,,,,,,,,,,,,,,,,,,,,,,,,,,,,,,,,,,,,,,,,,,,,,,,,,,,,,
375,5000003250,2017,1,1,0,0,0,551,,ICAN HEADMASK,MI00,RM00,,,,,,,,,0,0,,H,USD,3460.21,0,3460.21,,,,2,EA,2,EA,2,EA,,,,,0,,,0,X,,,,,,NA00,,,,,,,,,,,,2017,,,US00,,0,,0,0,0,,0,2,,,,,,,,,B,,,,0,,,,,0,0,0,,,,,0,,0,0,0,,,,,0,,,,0,0,0,,,,,,,,,,,,,,,,,,,,,,,,,,,,,,,,,,,,,,,,,,,,,,,,,,,,,,,,,,,,,,,,,,,,,,,,,,,,,,,,,,,,,,,,,,,,
375,5000003251,2017,1,1,0,0,0,551,,ICAN HEADMASK,MI00,RM00,,,,,,,,,0,0,,H,USD,3460.21,0,3460.21,,,,2,EA,2,EA,2,EA,,,,,0,,,0,X,,,,,,NA00,,,,,,,,,,,,2017,,,US00,,0,,0,0,0,,0,2,,,,,,,,,B,,,,0,,,,,0,0,0,,,,,0,,0,0,0,,,,,0,,,,0,0,0,,,,,,,,,,,,,,,,,,,,,,,,,,,,,,,,,,,,,,,,,,,,,,,,,,,,,,,,,,,,,,,,,,,,,,,,,,,,,,,,,,,,,,,,,,,,
375,5000003252,2017,1,1,0,0,0,551,,ICAN HEADMASK,MI00,RM00,,,,,,,,,0,0,,H,USD,5190.31,0,5190.31,,,,3,EA,3,EA,3,EA,,,,,0,,,0,X,,,,,,NA00,,,,,,,,,,,,2017,,,US00,,0,,0,0,0,,0,2,,,,,,,,,B,,,,0,,,,,0,0,0,,,,,0,,0,0,0,,,,,0,,,,0,0,0,,,,,,,,,,,,,,,,,,,,,,,,,,,,,,,,,,,,,,,,,,,,,,,,,,,,,,,,,,,,,,,,,,,,,,,,,,,,,,,,,,,,,,,,,,,,
375,5000003253,2017,1,1,0,0,0,551,,IRON,MI00,RM00,,,,,,,,,0,0,,H,USD,42.71,0,42.71,,,,97,LB,97,LB,97,LB,,,,,0,,,0,X,,,,,,NA00,,,,,,,,,,,,2017,,,US00,,0,,0,0,0,,0,2,,,,,,,,,B,,,,0,,,,,0,0,0,,,,,0,,0,0,0,,,,,0,,,,0,0,0,,,,,,,,,,,,,,,,,,,,,,,,,,,,,,,,,,,,,,,,,,,,,,,,,,,,,,,,,,,,,,,,,,,,,,,,,,,,,,,,,,,,,,,,,,,,
375,5000003254,2017,1,1,0,0,0,551,,IRON,MI00,RM00,,,,,,,,,0,0,,H,USD,6.60,0,6.60,,,,15,LB,15,LB,15,LB,,,,,0,,,0,X,,,,,,NA00,,,,,,,,,,,,2017,,,US00,,0,,0,0,0,,0,2,,,,,,,,,B,,,,0,,,,,0,0,0,,,,,0,,0,0,0,,,,,0,,,,0,0,0,,,,,,,,,,,,,,,,,,,,,,,,,,,,,,,,,,,,,,,,,,,,,,,,,,,,,,,,,,,,,,,,,,,,,,,,,,,,,,,,,,,,,,,,,,,,
375,5000003255,2017,1,1,0,0,0,551,,IRON,MI00,RM00,,,,,,,,,0,0,,H,USD,20.25,0,20.25,,,,46,LB,46,LB,46,LB,,,,,0,,,0,X,,,,,,NA00,,,,,,,,,,,,2017,,,US00,,0,,0,0,0,,0,2,,,,,,,,,B,,,,0,,,,,0,0,0,,,,,0,,0,0,0,,,,,0,,,,0,0,0,,,,,,,,,,,,,,,,,,,,,,,,,,,,,,,,,,,,,,,,,,,,,,,,,,,,,,,,,,,,,,,,,,,,,,,,,,,,,,,,,,,,,,,,,,,,
375,5000003256,2017,1,1,0,0,0,551,,IRON,MI00,RM00,,,,,,,,,0,0,,H,USD,1.32,0,1.32,,,,3,LB,3,LB,3,LB,,,,,0,,,0,X,,,,,,NA00,,,,,,,,,,,,2017,,,US00,,0,,0,0,0,,0,2,,,,,,,,,B,,,,0,,,,,0,0,0,,,,,0,,0,0,0,,,,,0,,,,0,0,0,,,,,,,,,,,,,,,,,,,,,,,,,,,,,,,,,,,,,,,,,,,,,,,,,,,,,,,,,,,,,,,,,,,,,,,,,,,,,,,,,,,,,,,,,,,,
375,5000003257,2017,1,1,0,0,0,551,,IRON,MI00,RM00,,,,,,,,,0,0,,H,USD,42.27,0,42.27,,,,96,LB,96,LB,96,LB,,,,,0,,,0,X,,,,,,NA00,,,,,,,,,,,,2017,,,US00,,0,,0,0,0,,0,2,,,,,,,,,B,,,,0,,,,,0,0,0,,,,,0,,0,0,0,,,,,0,,,,0,0,0,,,,,,,,,,,,,,,,,,,,,,,,,,,,,,,,,,,,,,,,,,,,,,,,,,,,,,,,,,,,,,,,,,,,,,,,,,,,,,,,,,,,,,,,,,,,
375,5000003258,2017,1,1,0,0,0,551,,IRON,MI00,RM00,,,,,,,,,0,0,,H,USD,3.96,0,3.96,,,,9,LB,9,LB,9,LB,,,,,0,,,0,X,,,,,,NA00,,,,,,,,,,,,2017,,,US00,,0,,0,0,0,,0,2,,,,,,,,,B,,,,0,,,,,0,0,0,,,,,0,,0,0,0,,,,,0,,,,0,0,0,,,,,,,,,,,,,,,,,,,,,,,,,,,,,,,,,,,,,,,,,,,,,,,,,,,,,,,,,,,,,,,,,,,,,,,,,,,,,,,,,,,,,,,,,,,,
375,5000003259,2017,1,1,0,0,0,551,,IRON,MI00,RM00,,,,,,,,,0,0,,H,USD,24.66,0,24.66,,,,56,LB,56,LB,56,LB,,,,,0,,,0,X,,,,,,NA00,,,,,,,,,,,,2017,,,US00,,0,,0,0,0,,0,2,,,,,,,,,B,,,,0,,,,,0,0,0,,,,,0,,0,0,0,,,,,0,,,,0,0,0,,,,,,,,,,,,,,,,,,,,,,,,,,,,,,,,,,,,,,,,,,,,,,,,,,,,,,,,,,,,,,,,,,,,,,,,,,,,,,,,,,,,,,,,,,,,
375,5000003260,2017,1,1,0,0,0,551,,IRON,MI00,RM00,,,,,,,,,0,0,,H,USD,46.23,0,46.23,,,,105,LB,105,LB,105,LB,,,,,0,,,0,X,,,,,,NA00,,,,,,,,,,,,2017,,,US00,,0,,0,0,0,,0,2,,,,,,,,,B,,,,0,,,,,0,0,0,,,,,0,,0,0,0,,,,,0,,,,0,0,0,,,,,,,,,,,,,,,,,,,,,,,,,,,,,,,,,,,,,,,,,,,,,,,,,,,,,,,,,,,,,,,,,,,,,,,,,,,,,,,,,,,,,,,,,,,,
375,5000003261,2017,1,1,0,0,0,551,,IRON,MI00,RM00,,,,,,,,,0,0,,H,USD,5.28,0,5.28,,,,12,LB,12,LB,12,LB,,,,,0,,,0,X,,,,,,NA00,,,,,,,,,,,,2017,,,US00,,0,,0,0,0,,0,2,,,,,,,,,B,,,,0,,,,,0,0,0,,,,,0,,0,0,0,,,,,0,,,,0,0,0,,,,,,,,,,,,,,,,,,,,,,,,,,,,,,,,,,,,,,,,,,,,,,,,,,,,,,,,,,,,,,,,,,,,,,,,,,,,,,,,,,,,,,,,,,,,
375,5000003262,2017,1,1,0,0,0,551,,IRON,MI00,RM00,,,,,,,,,0,0,,H,USD,22.90,0,22.90,,,,52,LB,52,LB,52,LB,,,,,0,,,0,X,,,,,,NA00,,,,,,,,,,,,2017,,,US00,,0,,0,0,0,,0,2,,,,,,,,,B,,,,0,,,,,0,0,0,,,,,0,,0,0,0,,,,,0,,,,0,0,0,,,,,,,,,,,,,,,,,,,,,,,,,,,,,,,,,,,,,,,,,,,,,,,,,,,,,,,,,,,,,,,,,,,,,,,,,,,,,,,,,,,,,,,,,,,,
375,5000003263,2017,1,1,0,0,0,551,,IRON,MI00,RM00,,,,,,,,,0,0,,H,USD,0.88,0,0.88,,,,2,LB,2,LB,2,LB,,,,,0,,,0,X,,,,,,NA00,,,,,,,,,,,,2017,,,US00,,0,,0,0,0,,0,2,,,,,,,,,B,,,,0,,,,,0,0,0,,,,,0,,0,0,0,,,,,0,,,,0,0,0,,,,,,,,,,,,,,,,,,,,,,,,,,,,,,,,,,,,,,,,,,,,,,,,,,,,,,,,,,,,,,,,,,,,,,,,,,,,,,,,,,,,,,,,,,,,
375,5000003264,2017,1,1,0,0,0,551,,IRON,MI00,RM00,,,,,,,,,0,0,,H,USD,8.81,0,8.81,,,,20,LB,20,LB,20,LB,,,,,0,,,0,X,,,,,,NA00,,,,,,,,,,,,2017,,,US00,,0,,0,0,0,,0,2,,,,,,,,,B,,,,0,,,,,0,0,0,,,,,0,,0,0,0,,,,,0,,,,0,0,0,,,,,,,,,,,,,,,,,,,,,,,,,,,,,,,,,,,,,,,,,,,,,,,,,,,,,,,,,,,,,,,,,,,,,,,,,,,,,,,,,,,,,,,,,,,,
375,5000003265,2017,1,1,0,0,0,551,,KRYPTONITE,MI00,RM00,,,,,,,,,0,0,,H,USD,110504.94,0,110504.94,,,,4793,LB,4793,LB,4793,LB,,,,,0,,,0,X,,,,,,NA00,,,,,,,,,,,,2017,,,US00,,0,,0,0,0,,0,2,,,,,,,,,B,,,,0,,,,,0,0,0,,,,,0,,0,0,0,,,,,0,,,,0,0,0,,,,,,,,,,,,,,,,,,,,,,,,,,,,,,,,,,,,,,,,,,,,,,,,,,,,,,,,,,,,,,,,,,,,,,,,,,,,,,,,,,,,,,,,,,,,
375,5000003266,2017,1,1,0,0,0,551,,KRYPTONITE,MI00,RM00,,,,,,,,,0,0,,H,USD,57039.27,0,57039.27,,,,2474,LB,2474,LB,2474,LB,,,,,0,,,0,X,,,,,,NA00,,,,,,,,,,,,2017,,,US00,,0,,0,0,0,,0,2,,,,,,,,,B,,,,0,,,,,0,0,0,,,,,0,,0,0,0,,,,,0,,,,0,0,0,,,,,,,,,,,,,,,,,,,,,,,,,,,,,,,,,,,,,,,,,,,,,,,,,,,,,,,,,,,,,,,,,,,,,,,,,,,,,,,,,,,,,,,,,,,,
375,5000003267,2017,1,1,0,0,0,551,,KRYPTONITE,MI00,RM00,,,,,,,,,0,0,,H,USD,19089.94,0,19089.94,,,,828,LB,828,LB,828,LB,,,,,0,,,0,X,,,,,,NA00,,,,,,,,,,,,2017,,,US00,,0,,0,0,0,,0,2,,,,,,,,,B,,,,0,,,,,0,0,0,,,,,0,,0,0,0,,,,,0,,,,0,0,0,,,,,,,,,,,,,,,,,,,,,,,,,,,,,,,,,,,,,,,,,,,,,,,,,,,,,,,,,,,,,,,,,,,,,,,,,,,,,,,,,,,,,,,,,,,,
375,5000003268,2017,1,1,0,0,0,551,,KRYPTONITE,MI00,RM00,,,,,,,,,0,0,,H,USD,3550.54,0,3550.54,,,,154,LB,154,LB,154,LB,,,,,0,,,0,X,,,,,,NA00,,,,,,,,,,,,2017,,,US00,,0,,0,0,0,,0,2,,,,,,,,,B,,,,0,,,,,0,0,0,,,,,0,,0,0,0,,,,,0,,,,0,0,0,,,,,,,,,,,,,,,,,,,,,,,,,,,,,,,,,,,,,,,,,,,,,,,,,,,,,,,,,,,,,,,,,,,,,,,,,,,,,,,,,,,,,,,,,,,,
375,5000003269,2017,1,1,0,0,0,551,,KRYPTONITE,MI00,RM00,,,,,,,,,0,0,,H,USD,49776.79,0,49776.79,,,,2159,LB,2159,LB,2159,LB,,,,,0,,,0,X,,,,,,NA00,,,,,,,,,,,,2017,,,US00,,0,,0,0,0,,0,2,,,,,,,,,B,,,,0,,,,,0,0,0,,,,,0,,0,0,0,,,,,0,,,,0,0,0,,,,,,,,,,,,,,,,,,,,,,,,,,,,,,,,,,,,,,,,,,,,,,,,,,,,,,,,,,,,,,,,,,,,,,,,,,,,,,,,,,,,,,,,,,,,
375,5000003270,2017,1,1,0,0,0,551,,KRYPTONITE,MI00,RM00,,,,,,,,,0,0,,H,USD,170725.86,0,170725.86,,,,7405,LB,7405,LB,7405,LB,,,,,0,,,0,X,,,,,,NA00,,,,,,,,,,,,2017,,,US00,,0,,0,0,0,,0,2,,,,,,,,,B,,,,0,,,,,0,0,0,,,,,0,,0,0,0,,,,,0,,,,0,0,0,,,,,,,,,,,,,,,,,,,,,,,,,,,,,,,,,,,,,,,,,,,,,,,,,,,,,,,,,,,,,,,,,,,,,,,,,,,,,,,,,,,,,,,,,,,,
375,5000003271,2017,1,1,0,0,0,551,,KRYPTONITE,MI00,RM00,,,,,,,,,0,0,,H,USD,48808.46,0,48808.46,,,,2117,LB,2117,LB,2117,LB,,,,,0,,,0,X,,,,,,NA00,,,,,,,,,,,,2017,,,US00,,0,,0,0,0,,0,2,,,,,,,,,B,,,,0,,,,,0,0,0,,,,,0,,0,0,0,,,,,0,,,,0,0,0,,,,,,,,,,,,,,,,,,,,,,,,,,,,,,,,,,,,,,,,,,,,,,,,,,,,,,,,,,,,,,,,,,,,,,,,,,,,,,,,,,,,,,,,,,,,
375,5000003272,2017,1,1,0,0,0,551,,KRYPTONITE,MI00,RM00,,,,,,,,,0,0,,H,USD,75691.15,0,75691.15,,,,3283,LB,3283,LB,3283,LB,,,,,0,,,0,X,,,,,,NA00,,,,,,,,,,,,2017,,,US00,,0,,0,0,0,,0,2,,,,,,,,,B,,,,0,,,,,0,0,0,,,,,0,,0,0,0,,,,,0,,,,0,0,0,,,,,,,,,,,,,,,,,,,,,,,,,,,,,,,,,,,,,,,,,,,,,,,,,,,,,,,,,,,,,,,,,,,,,,,,,,,,,,,,,,,,,,,,,,,,
375,5000003273,2017,1,1,0,0,0,551,,KRYPTONITE,MI00,RM00,,,,,,,,,0,0,,H,USD,142667.34,0,142667.34,,,,6188,LB,6188,LB,6188,LB,,,,,0,,,0,X,,,,,,NA00,,,,,,,,,,,,2017,,,US00,,0,,0,0,0,,0,2,,,,,,,,,B,,,,0,,,,,0,0,0,,,,,0,,0,0,0,,,,,0,,,,0,0,0,,,,,,,,,,,,,,,,,,,,,,,,,,,,,,,,,,,,,,,,,,,,,,,,,,,,,,,,,,,,,,,,,,,,,,,,,,,,,,,,,,,,,,,,,,,,
375,5000003274,2017,1,1,0,0,0,551,,KRYPTONITE,MI00,RM00,,,,,,,,,0,0,,H,USD,14156.07,0,14156.07,,,,614,LB,614,LB,614,LB,,,,,0,,,0,X,,,,,,NA00,,,,,,,,,,,,2017,,,US00,,0,,0,0,0,,0,2,,,,,,,,,B,,,,0,,,,,0,0,0,,,,,0,,0,0,0,,,,,0,,,,0,0,0,,,,,,,,,,,,,,,,,,,,,,,,,,,,,,,,,,,,,,,,,,,,,,,,,,,,,,,,,,,,,,,,,,,,,,,,,,,,,,,,,,,,,,,,,,,,
375,5000003275,2017,1,1,0,0,0,551,,KRYPTONITE,MI00,RM00,,,,,,,,,0,0,,H,USD,220940.70,0,220940.70,,,,9583,LB,9583,LB,9583,LB,,,,,0,,,0,X,,,,,,NA00,,,,,,,,,,,,2017,,,US00,,0,,0,0,0,,0,2,,,,,,,,,B,,,,0,,,,,0,0,0,,,,,0,,0,0,0,,,,,0,,,,0,0,0,,,,,,,,,,,,,,,,,,,,,,,,,,,,,,,,,,,,,,,,,,,,,,,,,,,,,,,,,,,,,,,,,,,,,,,,,,,,,,,,,,,,,,,,,,,,
375,5000003276,2017,1,1,0,0,0,551,,KRYPTONITE,MI00,RM00,,,,,,,,,0,0,,H,USD,65685.07,0,65685.07,,,,2849,LB,2849,LB,2849,LB,,,,,0,,,0,X,,,,,,NA00,,,,,,,,,,,,2017,,,US00,,0,,0,0,0,,0,2,,,,,,,,,B,,,,0,,,,,0,0,0,,,,,0,,0,0,0,,,,,0,,,,0,0,0,,,,,,,,,,,,,,,,,,,,,,,,,,,,,,,,,,,,,,,,,,,,,,,,,,,,,,,,,,,,,,,,,,,,,,,,,,,,,,,,,,,,,,,,,,,,
375,5000003277,2017,1,1,0,0,0,551,,MAGICDUST,MI00,RM00,,,,,,,,,0,0,,H,USD,5576.23,0,5576.23,,,,373,LB,373,LB,373,LB,,,,,0,,,0,X,,,,,,NA00,,,,,,,,,,,,2017,,,US00,,0,,0,0,0,,0,2,,,,,,,,,B,,,,0,,,,,0,0,0,,,,,0,,0,0,0,,,,,0,,,,0,0,0,,,,,,,,,,,,,,,,,,,,,,,,,,,,,,,,,,,,,,,,,,,,,,,,,,,,,,,,,,,,,,,,,,,,,,,,,,,,,,,,,,,,,,,,,,,,
375,5000003278,2017,1,1,0,0,0,551,,ORANGE,MI00,RM00,,,,,,,,,0,0,,H,USD,12552.30,0,12552.30,,,,47,TO,47,TO,47,TO,,,,,0,,,0,X,,,,,,NA00,,,,,,,,,,,,2017,,,US00,,0,,0,0,0,,0,2,,,,,,,,,B,,,,0,,,,,0,0,0,,,,,0,,0,0,0,,,,,0,,,,0,0,0,,,,,,,,,,,,,,,,,,,,,,,,,,,,,,,,,,,,,,,,,,,,,,,,,,,,,,,,,,,,,,,,,,,,,,,,,,,,,,,,,,,,,,,,,,,,
375,5000003279,2017,1,1,0,0,0,551,,ORANGE,MI00,RM00,,,,,,,,,0,0,,H,USD,36588.62,0,36588.62,,,,137,TO,137,TO,137,TO,,,,,0,,,0,X,,,,,,NA00,,,,,,,,,,,,2017,,,US00,,0,,0,0,0,,0,2,,,,,,,,,B,,,,0,,,,,0,0,0,,,,,0,,0,0,0,,,,,0,,,,0,0,0,,,,,,,,,,,,,,,,,,,,,,,,,,,,,,,,,,,,,,,,,,,,,,,,,,,,,,,,,,,,,,,,,,,,,,,,,,,,,,,,,,,,,,,,,,,,
375,5000003280,2017,1,1,0,0,0,551,,ORANGE,MI00,RM00,,,,,,,,,0,0,,H,USD,4807.26,0,4807.26,,,,18,TO,18,TO,18,TO,,,,,0,,,0,X,,,,,,NA00,,,,,,,,,,,,2017,,,US00,,0,,0,0,0,,0,2,,,,,,,,,B,,,,0,,,,,0,0,0,,,,,0,,0,0,0,,,,,0,,,,0,0,0,,,,,,,,,,,,,,,,,,,,,,,,,,,,,,,,,,,,,,,,,,,,,,,,,,,,,,,,,,,,,,,,,,,,,,,,,,,,,,,,,,,,,,,,,,,,
375,5000003281,2017,1,1,0,0,0,551,,ORANGE,MI00,RM00,,,,,,,,,0,0,,H,USD,26707.02,0,26707.02,,,,100,TO,100,TO,100,TO,,,,,0,,,0,X,,,,,,NA00,,,,,,,,,,,,2017,,,US00,,0,,0,0,0,,0,2,,,,,,,,,B,,,,0,,,,,0,0,0,,,,,0,,0,0,0,,,,,0,,,,0,0,0,,,,,,,,,,,,,,,,,,,,,,,,,,,,,,,,,,,,,,,,,,,,,,,,,,,,,,,,,,,,,,,,,,,,,,,,,,,,,,,,,,,,,,,,,,,,
375,5000003282,2017,1,1,0,0,0,551,,ORANGE,MI00,RM00,,,,,,,,,0,0,,H,USD,9881.60,0,9881.60,,,,37,TO,37,TO,37,TO,,,,,0,,,0,X,,,,,,NA00,,,,,,,,,,,,2017,,,US00,,0,,0,0,0,,0,2,,,,,,,,,B,,,,0,,,,,0,0,0,,,,,0,,0,0,0,,,,,0,,,,0,0,0,,,,,,,,,,,,,,,,,,,,,,,,,,,,,,,,,,,,,,,,,,,,,,,,,,,,,,,,,,,,,,,,,,,,,,,,,,,,,,,,,,,,,,,,,,,,
375,5000003283,2017,1,1,0,0,0,551,,ORANGE,MI00,RM00,,,,,,,,,0,0,,H,USD,83058.84,0,83058.84,,,,311,TO,311,TO,311,TO,,,,,0,,,0,X,,,,,,NA00,,,,,,,,,,,,2017,,,US00,,0,,0,0,0,,0,2,,,,,,,,,B,,,,0,,,,,0,0,0,,,,,0,,0,0,0,,,,,0,,,,0,0,0,,,,,,,,,,,,,,,,,,,,,,,,,,,,,,,,,,,,,,,,,,,,,,,,,,,,,,,,,,,,,,,,,,,,,,,,,,,,,,,,,,,,,,,,,,,,
375,5000003284,2017,1,1,0,0,0,551,,ORANGE,MI00,RM00,,,,,,,,,0,0,,H,USD,54749.40,0,54749.40,,,,205,TO,205,TO,205,TO,,,,,0,,,0,X,,,,,,NA00,,,,,,,,,,,,2017,,,US00,,0,,0,0,0,,0,2,,,,,,,,,B,,,,0,,,,,0,0,0,,,,,0,,0,0,0,,,,,0,,,,0,0,0,,,,,,,,,,,,,,,,,,,,,,,,,,,,,,,,,,,,,,,,,,,,,,,,,,,,,,,,,,,,,,,,,,,,,,,,,,,,,,,,,,,,,,,,,,,,
375,5000003285,2017,1,1,0,0,0,551,,ORANGE,MI00,RM00,,,,,,,,,0,0,,H,USD,155167.81,0,155167.81,,,,581,TO,581,TO,581,TO,,,,,0,,,0,X,,,,,,NA00,,,,,,,,,,,,2017,,,US00,,0,,0,0,0,,0,2,,,,,,,,,B,,,,0,,,,,0,0,0,,,,,0,,0,0,0,,,,,0,,,,0,0,0,,,,,,,,,,,,,,,,,,,,,,,,,,,,,,,,,,,,,,,,,,,,,,,,,,,,,,,,,,,,,,,,,,,,,,,,,,,,,,,,,,,,,,,,,,,,
375,5000003286,2017,1,1,0,0,0,551,,PALLADIUM,MI00,RM00,,,,,,,,,0,0,,H,USD,8.62,0,8.62,,,,2,G,2,G,2,G,,,,,0,,,0,X,,,,,,NA00,,,,,,,,,,,,2017,,,US00,,0,,0,0,0,,0,2,,,,,,,,,B,,,,0,,,,,0,0,0,,,,,0,,0,0,0,,,,,0,,,,0,0,0,,,,,,,,,,,,,,,,,,,,,,,,,,,,,,,,,,,,,,,,,,,,,,,,,,,,,,,,,,,,,,,,,,,,,,,,,,,,,,,,,,,,,,,,,,,,
375,5000003287,2017,1,1,0,0,0,551,,PALLADIUM,MI00,RM00,,,,,,,,,0,0,,H,USD,12.93,0,12.93,,,,3,G,3,G,3,G,,,,,0,,,0,X,,,,,,NA00,,,,,,,,,,,,2017,,,US00,,0,,0,0,0,,0,2,,,,,,,,,B,,,,0,,,,,0,0,0,,,,,0,,0,0,0,,,,,0,,,,0,0,0,,,,,,,,,,,,,,,,,,,,,,,,,,,,,,,,,,,,,,,,,,,,,,,,,,,,,,,,,,,,,,,,,,,,,,,,,,,,,,,,,,,,,,,,,,,,
375,5000003288,2017,1,1,0,0,0,551,,PALLADIUM,MI00,RM00,,,,,,,,,0,0,,H,USD,8.62,0,8.62,,,,2,G,2,G,2,G,,,,,0,,,0,X,,,,,,NA00,,,,,,,,,,,,2017,,,US00,,0,,0,0,0,,0,2,,,,,,,,,B,,,,0,,,,,0,0,0,,,,,0,,0,0,0,,,,,0,,,,0,0,0,,,,,,,,,,,,,,,,,,,,,,,,,,,,,,,,,,,,,,,,,,,,,,,,,,,,,,,,,,,,,,,,,,,,,,,,,,,,,,,,,,,,,,,,,,,,
375,5000003289,2017,1,1,0,0,0,551,,PALLADIUM,MI00,RM00,,,,,,,,,0,0,,H,USD,4.31,0,4.31,,,,1,G,1,G,1,G,,,,,0,,,0,X,,,,,,NA00,,,,,,,,,,,,2017,,,US00,,0,,0,0,0,,0,2,,,,,,,,,B,,,,0,,,,,0,0,0,,,,,0,,0,0,0,,,,,0,,,,0,0,0,,,,,,,,,,,,,,,,,,,,,,,,,,,,,,,,,,,,,,,,,,,,,,,,,,,,,,,,,,,,,,,,,,,,,,,,,,,,,,,,,,,,,,,,,,,,
375,5000003290,2017,1,1,0,0,0,551,,PALLADIUM,MI00,RM00,,,,,,,,,0,0,,H,USD,4.31,0,4.31,,,,1,G,1,G,1,G,,,,,0,,,0,X,,,,,,NA00,,,,,,,,,,,,2017,,,US00,,0,,0,0,0,,0,2,,,,,,,,,B,,,,0,,,,,0,0,0,,,,,0,,0,0,0,,,,,0,,,,0,0,0,,,,,,,,,,,,,,,,,,,,,,,,,,,,,,,,,,,,,,,,,,,,,,,,,,,,,,,,,,,,,,,,,,,,,,,,,,,,,,,,,,,,,,,,,,,,
375,5000003291,2017,1,1,0,0,0,551,,PAPER,MI00,RM00,,,,,,,,,0,0,,H,USD,0.02,0,0.02,,,,6,LB,6,LB,6,LB,,,,,0,,,0,X,,,,,,NA00,,,,,,,,,,,,2017,,,US00,,0,,0,0,0,,0,2,,,,,,,,,B,,,,0,,,,,0,0,0,,,,,0,,0,0,0,,,,,0,,,,0,0,0,,,,,,,,,,,,,,,,,,,,,,,,,,,,,,,,,,,,,,,,,,,,,,,,,,,,,,,,,,,,,,,,,,,,,,,,,,,,,,,,,,,,,,,,,,,,
375,5000003292,2017,1,1,0,0,0,551,,PAPER,MI00,RM00,,,,,,,,,0,0,,H,USD,0.15,0,0.15,,,,53,LB,53,LB,53,LB,,,,,0,,,0,X,,,,,,NA00,,,,,,,,,,,,2017,,,US00,,0,,0,0,0,,0,2,,,,,,,,,B,,,,0,,,,,0,0,0,,,,,0,,0,0,0,,,,,0,,,,0,0,0,,,,,,,,,,,,,,,,,,,,,,,,,,,,,,,,,,,,,,,,,,,,,,,,,,,,,,,,,,,,,,,,,,,,,,,,,,,,,,,,,,,,,,,,,,,,
375,5000003293,2017,1,1,0,0,0,551,,PAPER,MI00,RM00,,,,,,,,,0,0,,H,USD,0.31,0,0.31,,,,112,LB,112,LB,112,LB,,,,,0,,,0,X,,,,,,NA00,,,,,,,,,,,,2017,,,US00,,0,,0,0,0,,0,2,,,,,,,,,B,,,,0,,,,,0,0,0,,,,,0,,0,0,0,,,,,0,,,,0,0,0,,,,,,,,,,,,,,,,,,,,,,,,,,,,,,,,,,,,,,,,,,,,,,,,,,,,,,,,,,,,,,,,,,,,,,,,,,,,,,,,,,,,,,,,,,,,
375,5000003294,2017,1,1,0,0,0,551,,PAPER,MI00,RM00,,,,,,,,,0,0,,H,USD,0.01,0,0.01,,,,2,LB,2,LB,2,LB,,,,,0,,,0,X,,,,,,NA00,,,,,,,,,,,,2017,,,US00,,0,,0,0,0,,0,2,,,,,,,,,B,,,,0,,,,,0,0,0,,,,,0,,0,0,0,,,,,0,,,,0,0,0,,,,,,,,,,,,,,,,,,,,,,,,,,,,,,,,,,,,,,,,,,,,,,,,,,,,,,,,,,,,,,,,,,,,,,,,,,,,,,,,,,,,,,,,,,,,
375,5000003295,2017,1,1,0,0,0,551,,ROMANIAN RUBY,MI00,RM00,,,,,,,,,0,0,,H,USD,5551.97,0,5551.97,,,,1,G,1,G,1,G,,,,,0,,,0,X,,,,,,NA00,,,,,,,,,,,,2017,,,US00,,0,,0,0,0,,0,2,,,,,,,,,B,,,,0,,,,,0,0,0,,,,,0,,0,0,0,,,,,0,,,,0,0,0,,,,,,,,,,,,,,,,,,,,,,,,,,,,,,,,,,,,,,,,,,,,,,,,,,,,,,,,,,,,,,,,,,,,,,,,,,,,,,,,,,,,,,,,,,,,
375,5000003296,2017,1,1,0,0,0,551,,ROMANIAN RUBY,MI00,RM00,,,,,,,,,0,0,,H,USD,22207.88,0,22207.88,,,,4,G,4,G,4,G,,,,,0,,,0,X,,,,,,NA00,,,,,,,,,,,,2017,,,US00,,0,,0,0,0,,0,2,,,,,,,,,B,,,,0,,,,,0,0,0,,,,,0,,0,0,0,,,,,0,,,,0,0,0,,,,,,,,,,,,,,,,,,,,,,,,,,,,,,,,,,,,,,,,,,,,,,,,,,,,,,,,,,,,,,,,,,,,,,,,,,,,,,,,,,,,,,,,,,,,
375,5000003297,2017,1,1,0,0,0,551,,ROMANIAN RUBY,MI00,RM00,,,,,,,,,0,0,,H,USD,11103.94,0,11103.94,,,,2,G,2,G,2,G,,,,,0,,,0,X,,,,,,NA00,,,,,,,,,,,,2017,,,US00,,0,,0,0,0,,0,2,,,,,,,,,B,,,,0,,,,,0,0,0,,,,,0,,0,0,0,,,,,0,,,,0,0,0,,,,,,,,,,,,,,,,,,,,,,,,,,,,,,,,,,,,,,,,,,,,,,,,,,,,,,,,,,,,,,,,,,,,,,,,,,,,,,,,,,,,,,,,,,,,
375,5000003298,2017,1,1,0,0,0,551,,ROMANIAN RUBY,MI00,RM00,,,,,,,,,0,0,,H,USD,11103.94,0,11103.94,,,,2,G,2,G,2,G,,,,,0,,,0,X,,,,,,NA00,,,,,,,,,,,,2017,,,US00,,0,,0,0,0,,0,2,,,,,,,,,B,,,,0,,,,,0,0,0,,,,,0,,0,0,0,,,,,0,,,,0,0,0,,,,,,,,,,,,,,,,,,,,,,,,,,,,,,,,,,,,,,,,,,,,,,,,,,,,,,,,,,,,,,,,,,,,,,,,,,,,,,,,,,,,,,,,,,,,
375,5000003299,2017,1,1,0,0,0,551,,ROMANIAN RUBY,MI00,RM00,,,,,,,,,0,0,,H,USD,22207.88,0,22207.88,,,,4,G,4,G,4,G,,,,,0,,,0,X,,,,,,NA00,,,,,,,,,,,,2017,,,US00,,0,,0,0,0,,0,2,,,,,,,,,B,,,,0,,,,,0,0,0,,,,,0,,0,0,0,,,,,0,,,,0,0,0,,,,,,,,,,,,,,,,,,,,,,,,,,,,,,,,,,,,,,,,,,,,,,,,,,,,,,,,,,,,,,,,,,,,,,,,,,,,,,,,,,,,,,,,,,,,
375,5000003300,2017,1,1,0,0,0,551,,ROMANIAN RUBY,MI00,RM00,,,,,,,,,0,0,,H,USD,5551.97,0,5551.97,,,,1,G,1,G,1,G,,,,,0,,,0,X,,,,,,NA00,,,,,,,,,,,,2017,,,US00,,0,,0,0,0,,0,2,,,,,,,,,B,,,,0,,,,,0,0,0,,,,,0,,0,0,0,,,,,0,,,,0,0,0,,,,,,,,,,,,,,,,,,,,,,,,,,,,,,,,,,,,,,,,,,,,,,,,,,,,,,,,,,,,,,,,,,,,,,,,,,,,,,,,,,,,,,,,,,,,
375,5000003301,2017,1,1,0,0,0,551,,ROMANIAN RUBY,MI00,RM00,,,,,,,,,0,0,,H,USD,11103.94,0,11103.94,,,,2,G,2,G,2,G,,,,,0,,,0,X,,,,,,NA00,,,,,,,,,,,,2017,,,US00,,0,,0,0,0,,0,2,,,,,,,,,B,,,,0,,,,,0,0,0,,,,,0,,0,0,0,,,,,0,,,,0,0,0,,,,,,,,,,,,,,,,,,,,,,,,,,,,,,,,,,,,,,,,,,,,,,,,,,,,,,,,,,,,,,,,,,,,,,,,,,,,,,,,,,,,,,,,,,,,
375,5000003302,2017,1,1,0,0,0,551,,ROMANIAN RUBY,MI00,RM00,,,,,,,,,0,0,,H,USD,11103.94,0,11103.94,,,,2,G,2,G,2,G,,,,,0,,,0,X,,,,,,NA00,,,,,,,,,,,,2017,,,US00,,0,,0,0,0,,0,2,,,,,,,,,B,,,,0,,,,,0,0,0,,,,,0,,0,0,0,,,,,0,,,,0,0,0,,,,,,,,,,,,,,,,,,,,,,,,,,,,,,,,,,,,,,,,,,,,,,,,,,,,,,,,,,,,,,,,,,,,,,,,,,,,,,,,,,,,,,,,,,,,
375,5000003303,2017,1,1,0,0,0,551,,ROSE ESSENTIAL OIL,MI00,RM00,,,,,,,,,0,0,,H,USD,50.96,0,50.96,,,,15,L,15,L,15,L,,,,,0,,,0,X,,,,,,NA00,,,,,,,,,,,,2017,,,US00,,0,,0,0,0,,0,2,,,,,,,,,B,,,,0,,,,,0,0,0,,,,,0,,0,0,0,,,,,0,,,,0,0,0,,,,,,,,,,,,,,,,,,,,,,,,,,,,,,,,,,,,,,,,,,,,,,,,,,,,,,,,,,,,,,,,,,,,,,,,,,,,,,,,,,,,,,,,,,,,
375,5000003304,2017,1,1,0,0,0,551,,ROSE ESSENTIAL OIL,MI00,RM00,,,,,,,,,0,0,,H,USD,693.08,0,693.08,,,,204,L,204,L,204,L,,,,,0,,,0,X,,,,,,NA00,,,,,,,,,,,,2017,,,US00,,0,,0,0,0,,0,2,,,,,,,,,B,,,,0,,,,,0,0,0,,,,,0,,0,0,0,,,,,0,,,,0,0,0,,,,,,,,,,,,,,,,,,,,,,,,,,,,,,,,,,,,,,,,,,,,,,,,,,,,,,,,,,,,,,,,,,,,,,,,,,,,,,,,,,,,,,,,,,,,
375,5000003305,2017,1,1,0,0,0,551,,ROSE ESSENTIAL OIL,MI00,RM00,,,,,,,,,0,0,,H,USD,37.37,0,37.37,,,,11,L,11,L,11,L,,,,,0,,,0,X,,,,,,NA00,,,,,,,,,,,,2017,,,US00,,0,,0,0,0,,0,2,,,,,,,,,B,,,,0,,,,,0,0,0,,,,,0,,0,0,0,,,,,0,,,,0,0,0,,,,,,,,,,,,,,,,,,,,,,,,,,,,,,,,,,,,,,,,,,,,,,,,,,,,,,,,,,,,,,,,,,,,,,,,,,,,,,,,,,,,,,,,,,,,
375,5000003306,2017,1,1,0,0,0,551,,RUBY,MI00,RM00,,,,,,,,,0,0,,H,USD,245.90,0,245.90,,,,5,G,5,G,5,G,,,,,0,,,0,X,,,,,,NA00,,,,,,,,,,,,2017,,,US00,,0,,0,0,0,,0,2,,,,,,,,,B,,,,0,,,,,0,0,0,,,,,0,,0,0,0,,,,,0,,,,0,0,0,,,,,,,,,,,,,,,,,,,,,,,,,,,,,,,,,,,,,,,,,,,,,,,,,,,,,,,,,,,,,,,,,,,,,,,,,,,,,,,,,,,,,,,,,,,,
375,5000003307,2017,1,1,0,0,0,551,,RUSSIAN RUBY,MI00,RM00,,,,,,,,,0,0,,H,USD,344230.22,0,344230.22,,,,85,G,85,G,85,G,,,,,0,,,0,X,,,,,,NA00,,,,,,,,,,,,2017,,,US00,,0,,0,0,0,,0,2,,,,,,,,,B,,,,0,,,,,0,0,0,,,,,0,,0,0,0,,,,,0,,,,0,0,0,,,,,,,,,,,,,,,,,,,,,,,,,,,,,,,,,,,,,,,,,,,,,,,,,,,,,,,,,,,,,,,,,,,,,,,,,,,,,,,,,,,,,,,,,,,,
375,5000003308,2017,1,1,0,0,0,551,,RUSSIAN RUBY,MI00,RM00,,,,,,,,,0,0,,H,USD,52646.97,0,52646.97,,,,13,G,13,G,13,G,,,,,0,,,0,X,,,,,,NA00,,,,,,,,,,,,2017,,,US00,,0,,0,0,0,,0,2,,,,,,,,,B,,,,0,,,,,0,0,0,,,,,0,,0,0,0,,,,,0,,,,0,0,0,,,,,,,,,,,,,,,,,,,,,,,,,,,,,,,,,,,,,,,,,,,,,,,,,,,,,,,,,,,,,,,,,,,,,,,,,,,,,,,,,,,,,,,,,,,,
375,5000003309,2017,1,1,0,0,0,551,,RUSSIAN RUBY,MI00,RM00,,,,,,,,,0,0,,H,USD,44547.44,0,44547.44,,,,11,G,11,G,11,G,,,,,0,,,0,X,,,,,,NA00,,,,,,,,,,,,2017,,,US00,,0,,0,0,0,,0,2,,,,,,,,,B,,,,0,,,,,0,0,0,,,,,0,,0,0,0,,,,,0,,,,0,0,0,,,,,,,,,,,,,,,,,,,,,,,,,,,,,,,,,,,,,,,,,,,,,,,,,,,,,,,,,,,,,,,,,,,,,,,,,,,,,,,,,,,,,,,,,,,,
375,5000003310,2017,1,1,0,0,0,551,,SA SAPPHIRE,MI00,RM00,,,,,,,,,0,0,,H,USD,21105.52,0,21105.52,,,,5,G,5,G,5,G,,,,,0,,,0,X,,,,,,NA00,,,,,,,,,,,,2017,,,US00,,0,,0,0,0,,0,2,,,,,,,,,B,,,,0,,,,,0,0,0,,,,,0,,0,0,0,,,,,0,,,,0,0,0,,,,,,,,,,,,,,,,,,,,,,,,,,,,,,,,,,,,,,,,,,,,,,,,,,,,,,,,,,,,,,,,,,,,,,,,,,,,,,,,,,,,,,,,,,,,
375,5000003311,2017,1,1,0,0,0,551,,SA SAPPHIRE,MI00,RM00,,,,,,,,,0,0,,H,USD,12663.31,0,12663.31,,,,3,G,3,G,3,G,,,,,0,,,0,X,,,,,,NA00,,,,,,,,,,,,2017,,,US00,,0,,0,0,0,,0,2,,,,,,,,,B,,,,0,,,,,0,0,0,,,,,0,,0,0,0,,,,,0,,,,0,0,0,,,,,,,,,,,,,,,,,,,,,,,,,,,,,,,,,,,,,,,,,,,,,,,,,,,,,,,,,,,,,,,,,,,,,,,,,,,,,,,,,,,,,,,,,,,,
375,5000003312,2017,1,1,0,0,0,551,,SA SAPPHIRE,MI00,RM00,,,,,,,,,0,0,,H,USD,118190.89,0,118190.89,,,,28,G,28,G,28,G,,,,,0,,,0,X,,,,,,NA00,,,,,,,,,,,,2017,,,US00,,0,,0,0,0,,0,2,,,,,,,,,B,,,,0,,,,,0,0,0,,,,,0,,0,0,0,,,,,0,,,,0,0,0,,,,,,,,,,,,,,,,,,,,,,,,,,,,,,,,,,,,,,,,,,,,,,,,,,,,,,,,,,,,,,,,,,,,,,,,,,,,,,,,,,,,,,,,,,,,
375,5000003313,2017,1,1,0,0,0,551,,SA SAPPHIRE,MI00,RM00,,,,,,,,,0,0,,H,USD,16884.41,0,16884.41,,,,4,G,4,G,4,G,,,,,0,,,0,X,,,,,,NA00,,,,,,,,,,,,2017,,,US00,,0,,0,0,0,,0,2,,,,,,,,,B,,,,0,,,,,0,0,0,,,,,0,,0,0,0,,,,,0,,,,0,0,0,,,,,,,,,,,,,,,,,,,,,,,,,,,,,,,,,,,,,,,,,,,,,,,,,,,,,,,,,,,,,,,,,,,,,,,,,,,,,,,,,,,,,,,,,,,,
375,5000003314,2017,1,1,0,0,0,551,,SA SAPPHIRE,MI00,RM00,,,,,,,,,0,0,,H,USD,12663.31,0,12663.31,,,,3,G,3,G,3,G,,,,,0,,,0,X,,,,,,NA00,,,,,,,,,,,,2017,,,US00,,0,,0,0,0,,0,2,,,,,,,,,B,,,,0,,,,,0,0,0,,,,,0,,0,0,0,,,,,0,,,,0,0,0,,,,,,,,,,,,,,,,,,,,,,,,,,,,,,,,,,,,,,,,,,,,,,,,,,,,,,,,,,,,,,,,,,,,,,,,,,,,,,,,,,,,,,,,,,,,
375,5000003315,2017,1,1,0,0,0,551,,SA SAPPHIRE,MI00,RM00,,,,,,,,,0,0,,H,USD,8442.21,0,8442.21,,,,2,G,2,G,2,G,,,,,0,,,0,X,,,,,,NA00,,,,,,,,,,,,2017,,,US00,,0,,0,0,0,,0,2,,,,,,,,,B,,,,0,,,,,0,0,0,,,,,0,,0,0,0,,,,,0,,,,0,0,0,,,,,,,,,,,,,,,,,,,,,,,,,,,,,,,,,,,,,,,,,,,,,,,,,,,,,,,,,,,,,,,,,,,,,,,,,,,,,,,,,,,,,,,,,,,,
375,5000003316,2017,1,1,0,0,0,551,,SA SAPPHIRE,MI00,RM00,,,,,,,,,0,0,,H,USD,12663.31,0,12663.31,,,,3,G,3,G,3,G,,,,,0,,,0,X,,,,,,NA00,,,,,,,,,,,,2017,,,US00,,0,,0,0,0,,0,2,,,,,,,,,B,,,,0,,,,,0,0,0,,,,,0,,0,0,0,,,,,0,,,,0,0,0,,,,,,,,,,,,,,,,,,,,,,,,,,,,,,,,,,,,,,,,,,,,,,,,,,,,,,,,,,,,,,,,,,,,,,,,,,,,,,,,,,,,,,,,,,,,
375,5000003317,2017,1,1,0,0,0,551,,SILVER,MI00,RM00,,,,,,,,,0,0,,H,USD,295.47,0,295.47,,,,29,LB,29,LB,29,LB,,,,,0,,,0,X,,,,,,NA00,,,,,,,,,,,,2017,,,US00,,0,,0,0,0,,0,2,,,,,,,,,B,,,,0,,,,,0,0,0,,,,,0,,0,0,0,,,,,0,,,,0,0,0,,,,,,,,,,,,,,,,,,,,,,,,,,,,,,,,,,,,,,,,,,,,,,,,,,,,,,,,,,,,,,,,,,,,,,,,,,,,,,,,,,,,,,,,,,,,
375,5000003318,2017,1,1,0,0,0,551,,SILVER,MI00,RM00,,,,,,,,,0,0,,H,USD,101.88,0,101.88,,,,10,LB,10,LB,10,LB,,,,,0,,,0,X,,,,,,NA00,,,,,,,,,,,,2017,,,US00,,0,,0,0,0,,0,2,,,,,,,,,B,,,,0,,,,,0,0,0,,,,,0,,0,0,0,,,,,0,,,,0,0,0,,,,,,,,,,,,,,,,,,,,,,,,,,,,,,,,,,,,,,,,,,,,,,,,,,,,,,,,,,,,,,,,,,,,,,,,,,,,,,,,,,,,,,,,,,,,
375,5000003319,2017,1,1,0,0,0,551,,SILVER,MI00,RM00,,,,,,,,,0,0,,H,USD,213.96,0,213.96,,,,21,LB,21,LB,21,LB,,,,,0,,,0,X,,,,,,NA00,,,,,,,,,,,,2017,,,US00,,0,,0,0,0,,0,2,,,,,,,,,B,,,,0,,,,,0,0,0,,,,,0,,0,0,0,,,,,0,,,,0,0,0,,,,,,,,,,,,,,,,,,,,,,,,,,,,,,,,,,,,,,,,,,,,,,,,,,,,,,,,,,,,,,,,,,,,,,,,,,,,,,,,,,,,,,,,,,,,
375,5000003320,2017,1,1,0,0,0,551,,SILVER,MI00,RM00,,,,,,,,,0,0,,H,USD,20.38,0,20.38,,,,2,LB,2,LB,2,LB,,,,,0,,,0,X,,,,,,NA00,,,,,,,,,,,,2017,,,US00,,0,,0,0,0,,0,2,,,,,,,,,B,,,,0,,,,,0,0,0,,,,,0,,0,0,0,,,,,0,,,,0,0,0,,,,,,,,,,,,,,,,,,,,,,,,,,,,,,,,,,,,,,,,,,,,,,,,,,,,,,,,,,,,,,,,,,,,,,,,,,,,,,,,,,,,,,,,,,,,
375,5000003321,2017,1,1,0,0,0,551,,SILVER,MI00,RM00,,,,,,,,,0,0,,H,USD,112.07,0,112.07,,,,11,LB,11,LB,11,LB,,,,,0,,,0,X,,,,,,NA00,,,,,,,,,,,,2017,,,US00,,0,,0,0,0,,0,2,,,,,,,,,B,,,,0,,,,,0,0,0,,,,,0,,0,0,0,,,,,0,,,,0,0,0,,,,,,,,,,,,,,,,,,,,,,,,,,,,,,,,,,,,,,,,,,,,,,,,,,,,,,,,,,,,,,,,,,,,,,,,,,,,,,,,,,,,,,,,,,,,
375,5000003322,2017,1,1,0,0,0,551,,SILVER,MI00,RM00,,,,,,,,,0,0,,H,USD,40.75,0,40.75,,,,4,LB,4,LB,4,LB,,,,,0,,,0,X,,,,,,NA00,,,,,,,,,,,,2017,,,US00,,0,,0,0,0,,0,2,,,,,,,,,B,,,,0,,,,,0,0,0,,,,,0,,0,0,0,,,,,0,,,,0,0,0,,,,,,,,,,,,,,,,,,,,,,,,,,,,,,,,,,,,,,,,,,,,,,,,,,,,,,,,,,,,,,,,,,,,,,,,,,,,,,,,,,,,,,,,,,,,
375,5000003323,2017,1,1,0,0,0,551,,SILVER,MI00,RM00,,,,,,,,,0,0,,H,USD,142.64,0,142.64,,,,14,LB,14,LB,14,LB,,,,,0,,,0,X,,,,,,NA00,,,,,,,,,,,,2017,,,US00,,0,,0,0,0,,0,2,,,,,,,,,B,,,,0,,,,,0,0,0,,,,,0,,0,0,0,,,,,0,,,,0,0,0,,,,,,,,,,,,,,,,,,,,,,,,,,,,,,,,,,,,,,,,,,,,,,,,,,,,,,,,,,,,,,,,,,,,,,,,,,,,,,,,,,,,,,,,,,,,
375,5000003324,2017,1,1,0,0,0,551,,SILVER,MI00,RM00,,,,,,,,,0,0,,H,USD,366.79,0,366.79,,,,36,LB,36,LB,36,LB,,,,,0,,,0,X,,,,,,NA00,,,,,,,,,,,,2017,,,US00,,0,,0,0,0,,0,2,,,,,,,,,B,,,,0,,,,,0,0,0,,,,,0,,0,0,0,,,,,0,,,,0,0,0,,,,,,,,,,,,,,,,,,,,,,,,,,,,,,,,,,,,,,,,,,,,,,,,,,,,,,,,,,,,,,,,,,,,,,,,,,,,,,,,,,,,,,,,,,,,
375,5000003325,2017,1,1,0,0,0,551,,SWISS SAPPHIRE,MI00,RM00,,,,,,,,,0,0,,H,USD,22831.05,0,22831.05,,,,1,G,1,G,1,G,,,,,0,,,0,X,,,,,,NA00,,,,,,,,,,,,2017,,,US00,,0,,0,0,0,,0,2,,,,,,,,,B,,,,0,,,,,0,0,0,,,,,0,,0,0,0,,,,,0,,,,0,0,0,,,,,,,,,,,,,,,,,,,,,,,,,,,,,,,,,,,,,,,,,,,,,,,,,,,,,,,,,,,,,,,,,,,,,,,,,,,,,,,,,,,,,,,,,,,,
375,5000003326,2017,1,1,0,0,0,551,,TEST,MI00,RM00,,,,,,,,,0,0,,H,USD,1373.83,0,1373.83,,,,145,LB,145,LB,145,LB,,,,,0,,,0,X,,,,,,NA00,,,,,,,,,,,,2017,,,US00,,0,,0,0,0,,0,2,,,,,,,,,B,,,,0,,,,,0,0,0,,,,,0,,0,0,0,,,,,0,,,,0,0,0,,,,,,,,,,,,,,,,,,,,,,,,,,,,,,,,,,,,,,,,,,,,,,,,,,,,,,,,,,,,,,,,,,,,,,,,,,,,,,,,,,,,,,,,,,,,
375,5000003327,2017,1,1,0,0,0,551,,TEST,MI00,RM00,,,,,,,,,0,0,,H,USD,284.24,0,284.24,,,,30,LB,30,LB,30,LB,,,,,0,,,0,X,,,,,,NA00,,,,,,,,,,,,2017,,,US00,,0,,0,0,0,,0,2,,,,,,,,,B,,,,0,,,,,0,0,0,,,,,0,,0,0,0,,,,,0,,,,0,0,0,,,,,,,,,,,,,,,,,,,,,,,,,,,,,,,,,,,,,,,,,,,,,,,,,,,,,,,,,,,,,,,,,,,,,,,,,,,,,,,,,,,,,,,,,,,,
375,5000003328,2017,1,1,0,0,0,551,,TEST,MI00,RM00,,,,,,,,,0,0,,H,USD,1658.07,0,1658.07,,,,175,LB,175,LB,175,LB,,,,,0,,,0,X,,,,,,NA00,,,,,,,,,,,,2017,,,US00,,0,,0,0,0,,0,2,,,,,,,,,B,,,,0,,,,,0,0,0,,,,,0,,0,0,0,,,,,0,,,,0,0,0,,,,,,,,,,,,,,,,,,,,,,,,,,,,,,,,,,,,,,,,,,,,,,,,,,,,,,,,,,,,,,,,,,,,,,,,,,,,,,,,,,,,,,,,,,,,
375,5000003329,2017,1,1,0,0,0,551,,TEST,MI00,RM00,,,,,,,,,0,0,,H,USD,1894.94,0,1894.94,,,,200,LB,200,LB,200,LB,,,,,0,,,0,X,,,,,,NA00,,,,,,,,,,,,2017,,,US00,,0,,0,0,0,,0,2,,,,,,,,,B,,,,0,,,,,0,0,0,,,,,0,,0,0,0,,,,,0,,,,0,0,0,,,,,,,,,,,,,,,,,,,,,,,,,,,,,,,,,,,,,,,,,,,,,,,,,,,,,,,,,,,,,,,,,,,,,,,,,,,,,,,,,,,,,,,,,,,,
375,5000003330,2017,1,1,0,0,0,551,,TEST,MI00,RM00,,,,,,,,,0,0,,H,USD,1497.00,0,1497.00,,,,158,LB,158,LB,158,LB,,,,,0,,,0,X,,,,,,NA00,,,,,,,,,,,,2017,,,US00,,0,,0,0,0,,0,2,,,,,,,,,B,,,,0,,,,,0,0,0,,,,,0,,0,0,0,,,,,0,,,,0,0,0,,,,,,,,,,,,,,,,,,,,,,,,,,,,,,,,,,,,,,,,,,,,,,,,,,,,,,,,,,,,,,,,,,,,,,,,,,,,,,,,,,,,,,,,,,,,
375,5000003331,2017,1,1,0,0,0,551,,TEST,MI00,RM00,,,,,,,,,0,0,,H,USD,5514.28,0,5514.28,,,,582,LB,582,LB,582,LB,,,,,0,,,0,X,,,,,,NA00,,,,,,,,,,,,2017,,,US00,,0,,0,0,0,,0,2,,,,,,,,,B,,,,0,,,,,0,0,0,,,,,0,,0,0,0,,,,,0,,,,0,0,0,,,,,,,,,,,,,,,,,,,,,,,,,,,,,,,,,,,,,,,,,,,,,,,,,,,,,,,,,,,,,,,,,,,,,,,,,,,,,,,,,,,,,,,,,,,,
375,5000003332,2017,1,1,0,0,0,551,,TEST,MI00,RM00,,,,,,,,,0,0,,H,USD,2236.03,0,2236.03,,,,236,LB,236,LB,236,LB,,,,,0,,,0,X,,,,,,NA00,,,,,,,,,,,,2017,,,US00,,0,,0,0,0,,0,2,,,,,,,,,B,,,,0,,,,,0,0,0,,,,,0,,0,0,0,,,,,0,,,,0,0,0,,,,,,,,,,,,,,,,,,,,,,,,,,,,,,,,,,,,,,,,,,,,,,,,,,,,,,,,,,,,,,,,,,,,,,,,,,,,,,,,,,,,,,,,,,,,
375,5000003333,2017,1,1,0,0,0,551,,TEST,MI00,RM00,,,,,,,,,0,0,,H,USD,161.07,0,161.07,,,,17,LB,17,LB,17,LB,,,,,0,,,0,X,,,,,,NA00,,,,,,,,,,,,2017,,,US00,,0,,0,0,0,,0,2,,,,,,,,,B,,,,0,,,,,0,0,0,,,,,0,,0,0,0,,,,,0,,,,0,0,0,,,,,,,,,,,,,,,,,,,,,,,,,,,,,,,,,,,,,,,,,,,,,,,,,,,,,,,,,,,,,,,,,,,,,,,,,,,,,,,,,,,,,,,,,,,,
375,5000003334,2017,1,1,0,0,0,551,,TEST,MI00,RM00,,,,,,,,,0,0,,H,USD,3126.65,0,3126.65,,,,330,LB,330,LB,330,LB,,,,,0,,,0,X,,,,,,NA00,,,,,,,,,,,,2017,,,US00,,0,,0,0,0,,0,2,,,,,,,,,B,,,,0,,,,,0,0,0,,,,,0,,0,0,0,,,,,0,,,,0,0,0,,,,,,,,,,,,,,,,,,,,,,,,,,,,,,,,,,,,,,,,,,,,,,,,,,,,,,,,,,,,,,,,,,,,,,,,,,,,,,,,,,,,,,,,,,,,
375,5000003335,2017,1,1,0,0,0,551,,WALLET,MI00,RM00,,,,,,,,,0,0,,H,USD,0.97,0,0.97,,,,12,LB,12,LB,12,LB,,,,,0,,,0,X,,,,,,NA00,,,,,,,,,,,,2017,,,US00,,0,,0,0,0,,0,2,,,,,,,,,B,,,,0,,,,,0,0,0,,,,,0,,0,0,0,,,,,0,,,,0,0,0,,,,,,,,,,,,,,,,,,,,,,,,,,,,,,,,,,,,,,,,,,,,,,,,,,,,,,,,,,,,,,,,,,,,,,,,,,,,,,,,,,,,,,,,,,,,
375,5000003336,2017,1,1,0,0,0,551,,WALLET,MI00,RM00,,,,,,,,,0,0,,H,USD,1.14,0,1.14,,,,14,LB,14,LB,14,LB,,,,,0,,,0,X,,,,,,NA00,,,,,,,,,,,,2017,,,US00,,0,,0,0,0,,0,2,,,,,,,,,B,,,,0,,,,,0,0,0,,,,,0,,0,0,0,,,,,0,,,,0,0,0,,,,,,,,,,,,,,,,,,,,,,,,,,,,,,,,,,,,,,,,,,,,,,,,,,,,,,,,,,,,,,,,,,,,,,,,,,,,,,,,,,,,,,,,,,,,
375,5000003337,2017,1,1,0,0,0,551,,WALLET,MI00,RM00,,,,,,,,,0,0,,H,USD,0.16,0,0.16,,,,2,LB,2,LB,2,LB,,,,,0,,,0,X,,,,,,NA00,,,,,,,,,,,,2017,,,US00,,0,,0,0,0,,0,2,,,,,,,,,B,,,,0,,,,,0,0,0,,,,,0,,0,0,0,,,,,0,,,,0,0,0,,,,,,,,,,,,,,,,,,,,,,,,,,,,,,,,,,,,,,,,,,,,,,,,,,,,,,,,,,,,,,,,,,,,,,,,,,,,,,,,,,,,,,,,,,,,
375,5000003338,2017,1,1,0,0,0,551,,WALLET,MI00,RM00,,,,,,,,,0,0,,H,USD,1.22,0,1.22,,,,15,LB,15,LB,15,LB,,,,,0,,,0,X,,,,,,NA00,,,,,,,,,,,,2017,,,US00,,0,,0,0,0,,0,2,,,,,,,,,B,,,,0,,,,,0,0,0,,,,,0,,0,0,0,,,,,0,,,,0,0,0,,,,,,,,,,,,,,,,,,,,,,,,,,,,,,,,,,,,,,,,,,,,,,,,,,,,,,,,,,,,,,,,,,,,,,,,,,,,,,,,,,,,,,,,,,,,
375,5000003339,2017,1,1,0,0,0,551,,WALLET,MI00,RM00,,,,,,,,,0,0,,H,USD,1.06,0,1.06,,,,13,LB,13,LB,13,LB,,,,,0,,,0,X,,,,,,NA00,,,,,,,,,,,,2017,,,US00,,0,,0,0,0,,0,2,,,,,,,,,B,,,,0,,,,,0,0,0,,,,,0,,0,0,0,,,,,0,,,,0,0,0,,,,,,,,,,,,,,,,,,,,,,,,,,,,,,,,,,,,,,,,,,,,,,,,,,,,,,,,,,,,,,,,,,,,,,,,,,,,,,,,,,,,,,,,,,,,
375,5000003340,2017,1,1,0,0,0,551,,WALLET,MI00,RM00,,,,,,,,,0,0,,H,USD,0.97,0,0.97,,,,12,LB,12,LB,12,LB,,,,,0,,,0,X,,,,,,NA00,,,,,,,,,,,,2017,,,US00,,0,,0,0,0,,0,2,,,,,,,,,B,,,,0,,,,,0,0,0,,,,,0,,0,0,0,,,,,0,,,,0,0,0,,,,,,,,,,,,,,,,,,,,,,,,,,,,,,,,,,,,,,,,,,,,,,,,,,,,,,,,,,,,,,,,,,,,,,,,,,,,,,,,,,,,,,,,,,,,
375,5000003341,2017,1,1,0,0,0,551,,WALLET,MI00,RM00,,,,,,,,,0,0,,H,USD,0.57,0,0.57,,,,7,LB,7,LB,7,LB,,,,,0,,,0,X,,,,,,NA00,,,,,,,,,,,,2017,,,US00,,0,,0,0,0,,0,2,,,,,,,,,B,,,,0,,,,,0,0,0,,,,,0,,0,0,0,,,,,0,,,,0,0,0,,,,,,,,,,,,,,,,,,,,,,,,,,,,,,,,,,,,,,,,,,,,,,,,,,,,,,,,,,,,,,,,,,,,,,,,,,,,,,,,,,,,,,,,,,,,
375,5000003342,2017,1,1,0,0,0,551,,WALLET,MI00,RM00,,,,,,,,,0,0,,H,USD,1.06,0,1.06,,,,13,LB,13,LB,13,LB,,,,,0,,,0,X,,,,,,NA00,,,,,,,,,,,,2017,,,US00,,0,,0,0,0,,0,2,,,,,,,,,B,,,,0,,,,,0,0,0,,,,,0,,0,0,0,,,,,0,,,,0,0,0,,,,,,,,,,,,,,,,,,,,,,,,,,,,,,,,,,,,,,,,,,,,,,,,,,,,,,,,,,,,,,,,,,,,,,,,,,,,,,,,,,,,,,,,,,,,
375,5000003343,2017,1,1,0,0,0,551,,WALLET,MI00,RM00,,,,,,,,,0,0,,H,USD,1.14,0,1.14,,,,14,LB,14,LB,14,LB,,,,,0,,,0,X,,,,,,NA00,,,,,,,,,,,,2017,,,US00,,0,,0,0,0,,0,2,,,,,,,,,B,,,,0,,,,,0,0,0,,,,,0,,0,0,0,,,,,0,,,,0,0,0,,,,,,,,,,,,,,,,,,,,,,,,,,,,,,,,,,,,,,,,,,,,,,,,,,,,,,,,,,,,,,,,,,,,,,,,,,,,,,,,,,,,,,,,,,,,
375,5000003344,2017,1,1,0,0,0,551,,ZTESTHEXNT,MI00,RM00,,,,,,,,,0,0,,H,USD,768.52,0,768.52,,,,127,LB,127,LB,127,LB,,,,,0,,,0,X,,,,,,NA00,,,,,,,,,,,,2017,,,US00,,0,,0,0,0,,0,2,,,,,,,,,B,,,,0,,,,,0,0,0,,,,,0,,0,0,0,,,,,0,,,,0,0,0,,,,,,,,,,,,,,,,,,,,,,,,,,,,,,,,,,,,,,,,,,,,,,,,,,,,,,,,,,,,,,,,,,,,,,,,,,,,,,,,,,,,,,,,,,,,
375,5000003345,2017,1,1,0,0,0,551,,ZTESTHEXNT,MI00,RM00,,,,,,,,,0,0,,H,USD,114.97,0,114.97,,,,19,LB,19,LB,19,LB,,,,,0,,,0,X,,,,,,NA00,,,,,,,,,,,,2017,,,US00,,0,,0,0,0,,0,2,,,,,,,,,B,,,,0,,,,,0,0,0,,,,,0,,0,0,0,,,,,0,,,,0,0,0,,,,,,,,,,,,,,,,,,,,,,,,,,,,,,,,,,,,,,,,,,,,,,,,,,,,,,,,,,,,,,,,,,,,,,,,,,,,,,,,,,,,,,,,,,,,
375,5000003346,2017,1,1,0,0,0,551,,ZTESTHEXNT,MI00,RM00,,,,,,,,,0,0,,H,USD,199.69,0,199.69,,,,33,LB,33,LB,33,LB,,,,,0,,,0,X,,,,,,NA00,,,,,,,,,,,,2017,,,US00,,0,,0,0,0,,0,2,,,,,,,,,B,,,,0,,,,,0,0,0,,,,,0,,0,0,0,,,,,0,,,,0,0,0,,,,,,,,,,,,,,,,,,,,,,,,,,,,,,,,,,,,,,,,,,,,,,,,,,,,,,,,,,,,,,,,,,,,,,,,,,,,,,,,,,,,,,,,,,,,
375,5000003347,2017,1,1,0,0,0,551,,ZTESTHEXNT,MI00,RM00,,,,,,,,,0,0,,H,USD,242.05,0,242.05,,,,40,LB,40,LB,40,LB,,,,,0,,,0,X,,,,,,NA00,,,,,,,,,,,,2017,,,US00,,0,,0,0,0,,0,2,,,,,,,,,B,,,,0,,,,,0,0,0,,,,,0,,0,0,0,,,,,0,,,,0,0,0,,,,,,,,,,,,,,,,,,,,,,,,,,,,,,,,,,,,,,,,,,,,,,,,,,,,,,,,,,,,,,,,,,,,,,,,,,,,,,,,,,,,,,,,,,,,
375,5000003348,2017,1,1,0,0,0,551,,ZTESTHEXNT,MI00,RM00,,,,,,,,,0,0,,H,USD,193.64,0,193.64,,,,32,LB,32,LB,32,LB,,,,,0,,,0,X,,,,,,NA00,,,,,,,,,,,,2017,,,US00,,0,,0,0,0,,0,2,,,,,,,,,B,,,,0,,,,,0,0,0,,,,,0,,0,0,0,,,,,0,,,,0,0,0,,,,,,,,,,,,,,,,,,,,,,,,,,,,,,,,,,,,,,,,,,,,,,,,,,,,,,,,,,,,,,,,,,,,,,,,,,,,,,,,,,,,,,,,,,,,
375,5000003349,2017,1,1,0,0,0,551,,ZTESTHEXNT,MI00,RM00,,,,,,,,,0,0,,H,USD,1052.93,0,1052.93,,,,174,LB,174,LB,174,LB,,,,,0,,,0,X,,,,,,NA00,,,,,,,,,,,,2017,,,US00,,0,,0,0,0,,0,2,,,,,,,,,B,,,,0,,,,,0,0,0,,,,,0,,0,0,0,,,,,0,,,,0,0,0,,,,,,,,,,,,,,,,,,,,,,,,,,,,,,,,,,,,,,,,,,,,,,,,,,,,,,,,,,,,,,,,,,,,,,,,,,,,,,,,,,,,,,,,,,,,
375,5000003350,2017,1,1,0,0,0,551,,ZTESTHEXNT,MI00,RM00,,,,,,,,,0,0,,H,USD,574.87,0,574.87,,,,95,LB,95,LB,95,LB,,,,,0,,,0,X,,,,,,NA00,,,,,,,,,,,,2017,,,US00,,0,,0,0,0,,0,2,,,,,,,,,B,,,,0,,,,,0,0,0,,,,,0,,0,0,0,,,,,0,,,,0,0,0,,,,,,,,,,,,,,,,,,,,,,,,,,,,,,,,,,,,,,,,,,,,,,,,,,,,,,,,,,,,,,,,,,,,,,,,,,,,,,,,,,,,,,,,,,,,
375,5000003351,2017,1,1,0,0,0,551,,ZTESTHEXNT,MI00,RM00,,,,,,,,,0,0,,H,USD,1119.49,0,1119.49,,,,185,LB,185,LB,185,LB,,,,,0,,,0,X,,,,,,NA00,,,,,,,,,,,,2017,,,US00,,0,,0,0,0,,0,2,,,,,,,,,B,,,,0,,,,,0,0,0,,,,,0,,0,0,0,,,,,0,,,,0,0,0,,,,,,,,,,,,,,,,,,,,,,,,,,,,,,,,,,,,,,,,,,,,,,,,,,,,,,,,,,,,,,,,,,,,,,,,,,,,,,,,,,,,,,,,,,,,
375,5000003352,2017,1,1,0,0,0,551,,ZTESTHEXNT,MI00,RM00,,,,,,,,,0,0,,H,USD,792.72,0,792.72,,,,131,LB,131,LB,131,LB,,,,,0,,,0,X,,,,,,NA00,,,,,,,,,,,,2017,,,US00,,0,,0,0,0,,0,2,,,,,,,,,B,,,,0,,,,,0,0,0,,,,,0,,0,0,0,,,,,0,,,,0,0,0,,,,,,,,,,,,,,,,,,,,,,,,,,,,,,,,,,,,,,,,,,,,,,,,,,,,,,,,,,,,,,,,,,,,,,,,,,,,,,,,,,,,,,,,,,,,
375,5000003353,2017,1,1,0,0,0,551,,ZTESTHEXNT,MI00,RM00,,,,,,,,,0,0,,H,USD,229.95,0,229.95,,,,38,LB,38,LB,38,LB,,,,,0,,,0,X,,,,,,NA00,,,,,,,,,,,,2017,,,US00,,0,,0,0,0,,0,2,,,,,,,,,B,,,,0,,,,,0,0,0,,,,,0,,0,0,0,,,,,0,,,,0,0,0,,,,,,,,,,,,,,,,,,,,,,,,,,,,,,,,,,,,,,,,,,,,,,,,,,,,,,,,,,,,,,,,,,,,,,,,,,,,,,,,,,,,,,,,,,,,
375,5000003354,2017,1,1,0,0,0,551,,ZTESTHEXNT,MI00,RM00,,,,,,,,,0,0,,H,USD,181.54,0,181.54,,,,30,LB,30,LB,30,LB,,,,,0,,,0,X,,,,,,NA00,,,,,,,,,,,,2017,,,US00,,0,,0,0,0,,0,2,,,,,,,,,B,,,,0,,,,,0,0,0,,,,,0,,0,0,0,,,,,0,,,,0,0,0,,,,,,,,,,,,,,,,,,,,,,,,,,,,,,,,,,,,,,,,,,,,,,,,,,,,,,,,,,,,,,,,,,,,,,,,,,,,,,,,,,,,,,,,,,,,
375,5000003355,2017,1,1,0,0,0,551,,ZTESTHEXNT,MI00,RM00,,,,,,,,,0,0,,H,USD,429.64,0,429.64,,,,71,LB,71,LB,71,LB,,,,,0,,,0,X,,,,,,NA00,,,,,,,,,,,,2017,,,US00,,0,,0,0,0,,0,2,,,,,,,,,B,,,,0,,,,,0,0,0,,,,,0,,0,0,0,,,,,0,,,,0,0,0,,,,,,,,,,,,,,,,,,,,,,,,,,,,,,,,,,,,,,,,,,,,,,,,,,,,,,,,,,,,,,,,,,,,,,,,,,,,,,,,,,,,,,,,,,,,
375,5000003356,2017,1,1,0,0,0,551,,ZTESTHEXNT,MI00,RM00,,,,,,,,,0,0,,H,USD,447.80,0,447.80,,,,74,LB,74,LB,74,LB,,,,,0,,,0,X,,,,,,NA00,,,,,,,,,,,,2017,,,US00,,0,,0,0,0,,0,2,,,,,,,,,B,,,,0,,,,,0,0,0,,,,,0,,0,0,0,,,,,0,,,,0,0,0,,,,,,,,,,,,,,,,,,,,,,,,,,,,,,,,,,,,,,,,,,,,,,,,,,,,,,,,,,,,,,,,,,,,,,,,,,,,,,,,,,,,,,,,,,,,
375,5000003357,2017,1,1,0,0,0,551,,ZTESTHEXNT,MI00,RM00,,,,,,,,,0,0,,H,USD,641.44,0,641.44,,,,106,LB,106,LB,106,LB,,,,,0,,,0,X,,,,,,NA00,,,,,,,,,,,,2017,,,US00,,0,,0,0,0,,0,2,,,,,,,,,B,,,,0,,,,,0,0,0,,,,,0,,0,0,0,,,,,0,,,,0,0,0,,,,,,,,,,,,,,,,,,,,,,,,,,,,,,,,,,,,,,,,,,,,,,,,,,,,,,,,,,,,,,,,,,,,,,,,,,,,,,,,,,,,,,,,,,,,
375,5000003358,2017,1,1,0,0,0,551,,AAA LUBE,SC00,RM00,,,,,,,,,0,0,,H,USD,49943.95,0,49943.95,,,,9,DR,9,DR,9,DR,,,,,0,,,0,X,,,,,,NA00,,,,,,,,,,,,2017,,,US00,,0,,0,0,0,,0,2,,,,,,,,,B,,,,0,,,,,0,0,0,,,,,0,,0,0,0,,,,,0,,,,0,0,0,,,,,,,,,,,,,,,,,,,,,,,,,,,,,,,,,,,,,,,,,,,,,,,,,,,,,,,,,,,,,,,,,,,,,,,,,,,,,,,,,,,,,,,,,,,,
375,5000003359,2017,1,1,0,0,0,551,,AAA LUBE,SC00,RM00,,,,,,,,,0,0,,H,USD,55493.27,0,55493.27,,,,10,DR,10,DR,10,DR,,,,,0,,,0,X,,,,,,NA00,,,,,,,,,,,,2017,,,US00,,0,,0,0,0,,0,2,,,,,,,,,B,,,,0,,,,,0,0,0,,,,,0,,0,0,0,,,,,0,,,,0,0,0,,,,,,,,,,,,,,,,,,,,,,,,,,,,,,,,,,,,,,,,,,,,,,,,,,,,,,,,,,,,,,,,,,,,,,,,,,,,,,,,,,,,,,,,,,,,
375,5000003360,2017,1,1,0,0,0,551,,AAA LUBE,SC00,RM00,,,,,,,,,0,0,,H,USD,55493.27,0,55493.27,,,,10,DR,10,DR,10,DR,,,,,0,,,0,X,,,,,,NA00,,,,,,,,,,,,2017,,,US00,,0,,0,0,0,,0,2,,,,,,,,,B,,,,0,,,,,0,0,0,,,,,0,,0,0,0,,,,,0,,,,0,0,0,,,,,,,,,,,,,,,,,,,,,,,,,,,,,,,,,,,,,,,,,,,,,,,,,,,,,,,,,,,,,,,,,,,,,,,,,,,,,,,,,,,,,,,,,,,,
375,5000003361,2017,1,1,0,0,0,551,,AAA LUBE,SC00,RM00,,,,,,,,,0,0,,H,USD,5549.33,0,5549.33,,,,1,DR,1,DR,1,DR,,,,,0,,,0,X,,,,,,NA00,,,,,,,,,,,,2017,,,US00,,0,,0,0,0,,0,2,,,,,,,,,B,,,,0,,,,,0,0,0,,,,,0,,0,0,0,,,,,0,,,,0,0,0,,,,,,,,,,,,,,,,,,,,,,,,,,,,,,,,,,,,,,,,,,,,,,,,,,,,,,,,,,,,,,,,,,,,,,,,,,,,,,,,,,,,,,,,,,,,
375,5000003362,2017,1,1,0,0,0,551,,AAA LUBE,SC00,RM00,,,,,,,,,0,0,,H,USD,38845.29,0,38845.29,,,,7,DR,7,DR,7,DR,,,,,0,,,0,X,,,,,,NA00,,,,,,,,,,,,2017,,,US00,,0,,0,0,0,,0,2,,,,,,,,,B,,,,0,,,,,0,0,0,,,,,0,,0,0,0,,,,,0,,,,0,0,0,,,,,,,,,,,,,,,,,,,,,,,,,,,,,,,,,,,,,,,,,,,,,,,,,,,,,,,,,,,,,,,,,,,,,,,,,,,,,,,,,,,,,,,,,,,,
375,5000003363,2017,1,1,0,0,0,551,,AAA LUBE,SC00,RM00,,,,,,,,,0,0,,H,USD,22197.31,0,22197.31,,,,4,DR,4,DR,4,DR,,,,,0,,,0,X,,,,,,NA00,,,,,,,,,,,,2017,,,US00,,0,,0,0,0,,0,2,,,,,,,,,B,,,,0,,,,,0,0,0,,,,,0,,0,0,0,,,,,0,,,,0,0,0,,,,,,,,,,,,,,,,,,,,,,,,,,,,,,,,,,,,,,,,,,,,,,,,,,,,,,,,,,,,,,,,,,,,,,,,,,,,,,,,,,,,,,,,,,,,
375,5000003364,2017,1,1,0,0,0,551,,AAA LUBE,SC00,RM00,,,,,,,,,0,0,,H,USD,5549.33,0,5549.33,,,,1,DR,1,DR,1,DR,,,,,0,,,0,X,,,,,,NA00,,,,,,,,,,,,2017,,,US00,,0,,0,0,0,,0,2,,,,,,,,,B,,,,0,,,,,0,0,0,,,,,0,,0,0,0,,,,,0,,,,0,0,0,,,,,,,,,,,,,,,,,,,,,,,,,,,,,,,,,,,,,,,,,,,,,,,,,,,,,,,,,,,,,,,,,,,,,,,,,,,,,,,,,,,,,,,,,,,,
375,5000003365,2017,1,1,0,0,0,551,,AAA LUBE,SC00,RM00,,,,,,,,,0,0,,H,USD,27746.64,0,27746.64,,,,5,DR,5,DR,5,DR,,,,,0,,,0,X,,,,,,NA00,,,,,,,,,,,,2017,,,US00,,0,,0,0,0,,0,2,,,,,,,,,B,,,,0,,,,,0,0,0,,,,,0,,0,0,0,,,,,0,,,,0,0,0,,,,,,,,,,,,,,,,,,,,,,,,,,,,,,,,,,,,,,,,,,,,,,,,,,,,,,,,,,,,,,,,,,,,,,,,,,,,,,,,,,,,,,,,,,,,
375,5000003366,2017,1,1,0,0,0,551,,AAA LUBE,SC00,RM00,,,,,,,,,0,0,,H,USD,38845.29,0,38845.29,,,,7,DR,7,DR,7,DR,,,,,0,,,0,X,,,,,,NA00,,,,,,,,,,,,2017,,,US00,,0,,0,0,0,,0,2,,,,,,,,,B,,,,0,,,,,0,0,0,,,,,0,,0,0,0,,,,,0,,,,0,0,0,,,,,,,,,,,,,,,,,,,,,,,,,,,,,,,,,,,,,,,,,,,,,,,,,,,,,,,,,,,,,,,,,,,,,,,,,,,,,,,,,,,,,,,,,,,,
375,5000003367,2017,1,1,0,0,0,551,,AAA LUBE,SC00,RM00,,,,,,,,,0,0,,H,USD,16647.98,0,16647.98,,,,3,DR,3,DR,3,DR,,,,,0,,,0,X,,,,,,NA00,,,,,,,,,,,,2017,,,US00,,0,,0,0,0,,0,2,,,,,,,,,B,,,,0,,,,,0,0,0,,,,,0,,0,0,0,,,,,0,,,,0,0,0,,,,,,,,,,,,,,,,,,,,,,,,,,,,,,,,,,,,,,,,,,,,,,,,,,,,,,,,,,,,,,,,,,,,,,,,,,,,,,,,,,,,,,,,,,,,
375,5000003368,2017,1,1,0,0,0,551,,ADAMANTIUM,SC00,RM00,,,,,,,,,0,0,,H,USD,41305.25,0,41305.25,,,,159,LB,159,LB,159,LB,,,,,0,,,0,X,,,,,,NA00,,,,,,,,,,,,2017,,,US00,,0,,0,0,0,,0,2,,,,,,,,,B,,,,0,,,,,0,0,0,,,,,0,,0,0,0,,,,,0,,,,0,0,0,,,,,,,,,,,,,,,,,,,,,,,,,,,,,,,,,,,,,,,,,,,,,,,,,,,,,,,,,,,,,,,,,,,,,,,,,,,,,,,,,,,,,,,,,,,,
375,5000003369,2017,1,1,0,0,0,551,,ADAMANTIUM,SC00,RM00,,,,,,,,,0,0,,H,USD,4156.50,0,4156.50,,,,16,LB,16,LB,16,LB,,,,,0,,,0,X,,,,,,NA00,,,,,,,,,,,,2017,,,US00,,0,,0,0,0,,0,2,,,,,,,,,B,,,,0,,,,,0,0,0,,,,,0,,0,0,0,,,,,0,,,,0,0,0,,,,,,,,,,,,,,,,,,,,,,,,,,,,,,,,,,,,,,,,,,,,,,,,,,,,,,,,,,,,,,,,,,,,,,,,,,,,,,,,,,,,,,,,,,,,
375,5000003370,2017,1,1,0,0,0,551,,ADAMANTIUM,SC00,RM00,,,,,,,,,0,0,,H,USD,9352.13,0,9352.13,,,,36,LB,36,LB,36,LB,,,,,0,,,0,X,,,,,,NA00,,,,,,,,,,,,2017,,,US00,,0,,0,0,0,,0,2,,,,,,,,,B,,,,0,,,,,0,0,0,,,,,0,,0,0,0,,,,,0,,,,0,0,0,,,,,,,,,,,,,,,,,,,,,,,,,,,,,,,,,,,,,,,,,,,,,,,,,,,,,,,,,,,,,,,,,,,,,,,,,,,,,,,,,,,,,,,,,,,,
375,5000003371,2017,1,1,0,0,0,551,,ADAMANTIUM,SC00,RM00,,,,,,,,,0,0,,H,USD,22081.42,0,22081.42,,,,85,LB,85,LB,85,LB,,,,,0,,,0,X,,,,,,NA00,,,,,,,,,,,,2017,,,US00,,0,,0,0,0,,0,2,,,,,,,,,B,,,,0,,,,,0,0,0,,,,,0,,0,0,0,,,,,0,,,,0,0,0,,,,,,,,,,,,,,,,,,,,,,,,,,,,,,,,,,,,,,,,,,,,,,,,,,,,,,,,,,,,,,,,,,,,,,,,,,,,,,,,,,,,,,,,,,,,
375,5000003372,2017,1,1,0,0,0,551,,ADAMANTIUM,SC00,RM00,,,,,,,,,0,0,,H,USD,1558.69,0,1558.69,,,,6,LB,6,LB,6,LB,,,,,0,,,0,X,,,,,,NA00,,,,,,,,,,,,2017,,,US00,,0,,0,0,0,,0,2,,,,,,,,,B,,,,0,,,,,0,0,0,,,,,0,,0,0,0,,,,,0,,,,0,0,0,,,,,,,,,,,,,,,,,,,,,,,,,,,,,,,,,,,,,,,,,,,,,,,,,,,,,,,,,,,,,,,,,,,,,,,,,,,,,,,,,,,,,,,,,,,,
375,5000003373,2017,1,1,0,0,0,551,,ADAMANTIUM,SC00,RM00,,,,,,,,,0,0,,H,USD,18184.70,0,18184.70,,,,70,LB,70,LB,70,LB,,,,,0,,,0,X,,,,,,NA00,,,,,,,,,,,,2017,,,US00,,0,,0,0,0,,0,2,,,,,,,,,B,,,,0,,,,,0,0,0,,,,,0,,0,0,0,,,,,0,,,,0,0,0,,,,,,,,,,,,,,,,,,,,,,,,,,,,,,,,,,,,,,,,,,,,,,,,,,,,,,,,,,,,,,,,,,,,,,,,,,,,,,,,,,,,,,,,,,,,
375,5000003374,2017,1,1,0,0,0,551,,ADAMANTIUM,SC00,RM00,,,,,,,,,0,0,,H,USD,5195.63,0,5195.63,,,,20,LB,20,LB,20,LB,,,,,0,,,0,X,,,,,,NA00,,,,,,,,,,,,2017,,,US00,,0,,0,0,0,,0,2,,,,,,,,,B,,,,0,,,,,0,0,0,,,,,0,,0,0,0,,,,,0,,,,0,0,0,,,,,,,,,,,,,,,,,,,,,,,,,,,,,,,,,,,,,,,,,,,,,,,,,,,,,,,,,,,,,,,,,,,,,,,,,,,,,,,,,,,,,,,,,,,,
375,5000003375,2017,1,1,0,0,0,551,,ANGOLAN AMETHYST,SC00,RM00,,,,,,,,,0,0,,H,USD,32067.17,0,32067.17,,,,15,G,15,G,15,G,,,,,0,,,0,X,,,,,,NA00,,,,,,,,,,,,2017,,,US00,,0,,0,0,0,,0,2,,,,,,,,,B,,,,0,,,,,0,0,0,,,,,0,,0,0,0,,,,,0,,,,0,0,0,,,,,,,,,,,,,,,,,,,,,,,,,,,,,,,,,,,,,,,,,,,,,,,,,,,,,,,,,,,,,,,,,,,,,,,,,,,,,,,,,,,,,,,,,,,,
375,5000003376,2017,1,1,0,0,0,551,,ANGOLAN AMETHYST,SC00,RM00,,,,,,,,,0,0,,H,USD,81236.83,0,81236.83,,,,38,G,38,G,38,G,,,,,0,,,0,X,,,,,,NA00,,,,,,,,,,,,2017,,,US00,,0,,0,0,0,,0,2,,,,,,,,,B,,,,0,,,,,0,0,0,,,,,0,,0,0,0,,,,,0,,,,0,0,0,,,,,,,,,,,,,,,,,,,,,,,,,,,,,,,,,,,,,,,,,,,,,,,,,,,,,,,,,,,,,,,,,,,,,,,,,,,,,,,,,,,,,,,,,,,,
375,5000003377,2017,1,1,0,0,0,551,,BLUEPAINT,SC00,RM00,,,,,,,,,0,0,,H,USD,754.12,0,754.12,,,,25,L,25,L,25,L,,,,,0,,,0,X,,,,,,NA00,,,,,,,,,,,,2017,,,US00,,0,,0,0,0,,0,2,,,,,,,,,B,,,,0,,,,,0,0,0,,,,,0,,0,0,0,,,,,0,,,,0,0,0,,,,,,,,,,,,,,,,,,,,,,,,,,,,,,,,,,,,,,,,,,,,,,,,,,,,,,,,,,,,,,,,,,,,,,,,,,,,,,,,,,,,,,,,,,,,
375,5000003378,2017,1,1,0,0,0,551,,BLUEPAINT,SC00,RM00,,,,,,,,,0,0,,H,USD,180.99,0,180.99,,,,6,L,6,L,6,L,,,,,0,,,0,X,,,,,,NA00,,,,,,,,,,,,2017,,,US00,,0,,0,0,0,,0,2,,,,,,,,,B,,,,0,,,,,0,0,0,,,,,0,,0,0,0,,,,,0,,,,0,0,0,,,,,,,,,,,,,,,,,,,,,,,,,,,,,,,,,,,,,,,,,,,,,,,,,,,,,,,,,,,,,,,,,,,,,,,,,,,,,,,,,,,,,,,,,,,,
375,5000003379,2017,1,1,0,0,0,551,,BLUEPAINT,SC00,RM00,,,,,,,,,0,0,,H,USD,60.33,0,60.33,,,,2,L,2,L,2,L,,,,,0,,,0,X,,,,,,NA00,,,,,,,,,,,,2017,,,US00,,0,,0,0,0,,0,2,,,,,,,,,B,,,,0,,,,,0,0,0,,,,,0,,0,0,0,,,,,0,,,,0,0,0,,,,,,,,,,,,,,,,,,,,,,,,,,,,,,,,,,,,,,,,,,,,,,,,,,,,,,,,,,,,,,,,,,,,,,,,,,,,,,,,,,,,,,,,,,,,
375,5000003380,2017,1,1,0,0,0,551,,BLUEPAINT,SC00,RM00,,,,,,,,,0,0,,H,USD,60.33,0,60.33,,,,2,L,2,L,2,L,,,,,0,,,0,X,,,,,,NA00,,,,,,,,,,,,2017,,,US00,,0,,0,0,0,,0,2,,,,,,,,,B,,,,0,,,,,0,0,0,,,,,0,,0,0,0,,,,,0,,,,0,0,0,,,,,,,,,,,,,,,,,,,,,,,,,,,,,,,,,,,,,,,,,,,,,,,,,,,,,,,,,,,,,,,,,,,,,,,,,,,,,,,,,,,,,,,,,,,,
375,5000003381,2017,1,1,0,0,0,551,,BLUEPAINT,SC00,RM00,,,,,,,,,0,0,,H,USD,331.81,0,331.81,,,,11,L,11,L,11,L,,,,,0,,,0,X,,,,,,NA00,,,,,,,,,,,,2017,,,US00,,0,,0,0,0,,0,2,,,,,,,,,B,,,,0,,,,,0,0,0,,,,,0,,0,0,0,,,,,0,,,,0,0,0,,,,,,,,,,,,,,,,,,,,,,,,,,,,,,,,,,,,,,,,,,,,,,,,,,,,,,,,,,,,,,,,,,,,,,,,,,,,,,,,,,,,,,,,,,,,
375,5000003382,2017,1,1,0,0,0,551,,BLUEPAINT,SC00,RM00,,,,,,,,,0,0,,H,USD,542.97,0,542.97,,,,18,L,18,L,18,L,,,,,0,,,0,X,,,,,,NA00,,,,,,,,,,,,2017,,,US00,,0,,0,0,0,,0,2,,,,,,,,,B,,,,0,,,,,0,0,0,,,,,0,,0,0,0,,,,,0,,,,0,0,0,,,,,,,,,,,,,,,,,,,,,,,,,,,,,,,,,,,,,,,,,,,,,,,,,,,,,,,,,,,,,,,,,,,,,,,,,,,,,,,,,,,,,,,,,,,,
375,5000003383,2017,1,1,0,0,0,551,,BLUEPAINT,SC00,RM00,,,,,,,,,0,0,,H,USD,1568.57,0,1568.57,,,,52,L,52,L,52,L,,,,,0,,,0,X,,,,,,NA00,,,,,,,,,,,,2017,,,US00,,0,,0,0,0,,0,2,,,,,,,,,B,,,,0,,,,,0,0,0,,,,,0,,0,0,0,,,,,0,,,,0,0,0,,,,,,,,,,,,,,,,,,,,,,,,,,,,,,,,,,,,,,,,,,,,,,,,,,,,,,,,,,,,,,,,,,,,,,,,,,,,,,,,,,,,,,,,,,,,
375,5000003384,2017,1,1,0,0,0,551,,BLUEPAINT,SC00,RM00,,,,,,,,,0,0,,H,USD,90.49,0,90.49,,,,3,L,3,L,3,L,,,,,0,,,0,X,,,,,,NA00,,,,,,,,,,,,2017,,,US00,,0,,0,0,0,,0,2,,,,,,,,,B,,,,0,,,,,0,0,0,,,,,0,,0,0,0,,,,,0,,,,0,0,0,,,,,,,,,,,,,,,,,,,,,,,,,,,,,,,,,,,,,,,,,,,,,,,,,,,,,,,,,,,,,,,,,,,,,,,,,,,,,,,,,,,,,,,,,,,,
375,5000003385,2017,1,1,0,0,0,551,,BOLT1000,SC00,RM00,,,,,,,,,0,0,,H,USD,4.29,0,4.29,,,,3,EA,3,EA,3,EA,,,,,0,,,0,X,,,,,,NA00,,,,,,,,,,,,2017,,,US00,,0,,0,0,0,,0,2,,,,,,,,,B,,,,0,,,,,0,0,0,,,,,0,,0,0,0,,,,,0,,,,0,0,0,,,,,,,,,,,,,,,,,,,,,,,,,,,,,,,,,,,,,,,,,,,,,,,,,,,,,,,,,,,,,,,,,,,,,,,,,,,,,,,,,,,,,,,,,,,,
375,5000003386,2017,1,1,0,0,0,551,,BOLT1000,SC00,RM00,,,,,,,,,0,0,,H,USD,1.43,0,1.43,,,,1,EA,1,EA,1,EA,,,,,0,,,0,X,,,,,,NA00,,,,,,,,,,,,2017,,,US00,,0,,0,0,0,,0,2,,,,,,,,,B,,,,0,,,,,0,0,0,,,,,0,,0,0,0,,,,,0,,,,0,0,0,,,,,,,,,,,,,,,,,,,,,,,,,,,,,,,,,,,,,,,,,,,,,,,,,,,,,,,,,,,,,,,,,,,,,,,,,,,,,,,,,,,,,,,,,,,,
375,5000003387,2017,1,1,0,0,0,551,,BOLT1000,SC00,RM00,,,,,,,,,0,0,,H,USD,1.43,0,1.43,,,,1,EA,1,EA,1,EA,,,,,0,,,0,X,,,,,,NA00,,,,,,,,,,,,2017,,,US00,,0,,0,0,0,,0,2,,,,,,,,,B,,,,0,,,,,0,0,0,,,,,0,,0,0,0,,,,,0,,,,0,0,0,,,,,,,,,,,,,,,,,,,,,,,,,,,,,,,,,,,,,,,,,,,,,,,,,,,,,,,,,,,,,,,,,,,,,,,,,,,,,,,,,,,,,,,,,,,,
375,5000003388,2017,1,1,0,0,0,551,,BOTSWANA BLACK PE,SC00,RM00,,,,,,,,,0,0,,H,USD,1243726.55,0,1243726.55,,,,86,G,86,G,86,G,,,,,0,,,0,X,,,,,,NA00,,,,,,,,,,,,2017,,,US00,,0,,0,0,0,,0,2,,,,,,,,,B,,,,0,,,,,0,0,0,,,,,0,,0,0,0,,,,,0,,,,0,0,0,,,,,,,,,,,,,,,,,,,,,,,,,,,,,,,,,,,,,,,,,,,,,,,,,,,,,,,,,,,,,,,,,,,,,,,,,,,,,,,,,,,,,,,,,,,,
375,5000003389,2017,1,1,0,0,0,551,,BOTSWANA BLACK PE,SC00,RM00,,,,,,,,,0,0,,H,USD,2039133.06,0,2039133.06,,,,141,G,141,G,141,G,,,,,0,,,0,X,,,,,,NA00,,,,,,,,,,,,2017,,,US00,,0,,0,0,0,,0,2,,,,,,,,,B,,,,0,,,,,0,0,0,,,,,0,,0,0,0,,,,,0,,,,0,0,0,,,,,,,,,,,,,,,,,,,,,,,,,,,,,,,,,,,,,,,,,,,,,,,,,,,,,,,,,,,,,,,,,,,,,,,,,,,,,,,,,,,,,,,,,,,,
375,5000003390,2017,1,1,0,0,0,551,,BRITAIN BLACK PEAR,SC00,RM00,,,,,,,,,0,0,,H,USD,200400.80,0,200400.80,,,,4,G,4,G,4,G,,,,,0,,,0,X,,,,,,NA00,,,,,,,,,,,,2017,,,US00,,0,,0,0,0,,0,2,,,,,,,,,B,,,,0,,,,,0,0,0,,,,,0,,0,0,0,,,,,0,,,,0,0,0,,,,,,,,,,,,,,,,,,,,,,,,,,,,,,,,,,,,,,,,,,,,,,,,,,,,,,,,,,,,,,,,,,,,,,,,,,,,,,,,,,,,,,,,,,,,
375,5000003391,2017,1,1,0,0,0,551,,BRITAIN BLACK PEAR,SC00,RM00,,,,,,,,,0,0,,H,USD,350701.40,0,350701.40,,,,7,G,7,G,7,G,,,,,0,,,0,X,,,,,,NA00,,,,,,,,,,,,2017,,,US00,,0,,0,0,0,,0,2,,,,,,,,,B,,,,0,,,,,0,0,0,,,,,0,,0,0,0,,,,,0,,,,0,0,0,,,,,,,,,,,,,,,,,,,,,,,,,,,,,,,,,,,,,,,,,,,,,,,,,,,,,,,,,,,,,,,,,,,,,,,,,,,,,,,,,,,,,,,,,,,,
375,5000003392,2017,1,1,0,0,0,551,,BRITAIN BLACK PEAR,SC00,RM00,,,,,,,,,0,0,,H,USD,250501.00,0,250501.00,,,,5,G,5,G,5,G,,,,,0,,,0,X,,,,,,NA00,,,,,,,,,,,,2017,,,US00,,0,,0,0,0,,0,2,,,,,,,,,B,,,,0,,,,,0,0,0,,,,,0,,0,0,0,,,,,0,,,,0,0,0,,,,,,,,,,,,,,,,,,,,,,,,,,,,,,,,,,,,,,,,,,,,,,,,,,,,,,,,,,,,,,,,,,,,,,,,,,,,,,,,,,,,,,,,,,,,
375,5000003393,2017,1,1,0,0,0,551,,BRITAIN BLACK PEAR,SC00,RM00,,,,,,,,,0,0,,H,USD,150300.60,0,150300.60,,,,3,G,3,G,3,G,,,,,0,,,0,X,,,,,,NA00,,,,,,,,,,,,2017,,,US00,,0,,0,0,0,,0,2,,,,,,,,,B,,,,0,,,,,0,0,0,,,,,0,,0,0,0,,,,,0,,,,0,0,0,,,,,,,,,,,,,,,,,,,,,,,,,,,,,,,,,,,,,,,,,,,,,,,,,,,,,,,,,,,,,,,,,,,,,,,,,,,,,,,,,,,,,,,,,,,,
375,5000003394,2017,1,1,0,0,0,551,,BRITAIN BLACK PEAR,SC00,RM00,,,,,,,,,0,0,,H,USD,100200.40,0,100200.40,,,,2,G,2,G,2,G,,,,,0,,,0,X,,,,,,NA00,,,,,,,,,,,,2017,,,US00,,0,,0,0,0,,0,2,,,,,,,,,B,,,,0,,,,,0,0,0,,,,,0,,0,0,0,,,,,0,,,,0,0,0,,,,,,,,,,,,,,,,,,,,,,,,,,,,,,,,,,,,,,,,,,,,,,,,,,,,,,,,,,,,,,,,,,,,,,,,,,,,,,,,,,,,,,,,,,,,
375,5000003395,2017,1,1,0,0,0,551,,CANADIAN CRYSTAL,SC00,RM00,,,,,,,,,0,0,,H,USD,104986.88,0,104986.88,,,,2,G,2,G,2,G,,,,,0,,,0,X,,,,,,NA00,,,,,,,,,,,,2017,,,US00,,0,,0,0,0,,0,2,,,,,,,,,B,,,,0,,,,,0,0,0,,,,,0,,0,0,0,,,,,0,,,,0,0,0,,,,,,,,,,,,,,,,,,,,,,,,,,,,,,,,,,,,,,,,,,,,,,,,,,,,,,,,,,,,,,,,,,,,,,,,,,,,,,,,,,,,,,,,,,,,
375,5000003396,2017,1,1,0,0,0,551,,CANADIAN CRYSTAL,SC00,RM00,,,,,,,,,0,0,,H,USD,524934.38,0,524934.38,,,,10,G,10,G,10,G,,,,,0,,,0,X,,,,,,NA00,,,,,,,,,,,,2017,,,US00,,0,,0,0,0,,0,2,,,,,,,,,B,,,,0,,,,,0,0,0,,,,,0,,0,0,0,,,,,0,,,,0,0,0,,,,,,,,,,,,,,,,,,,,,,,,,,,,,,,,,,,,,,,,,,,,,,,,,,,,,,,,,,,,,,,,,,,,,,,,,,,,,,,,,,,,,,,,,,,,
375,5000003397,2017,1,1,0,0,0,551,,CANADIAN CRYSTAL,SC00,RM00,,,,,,,,,0,0,,H,USD,209973.75,0,209973.75,,,,4,G,4,G,4,G,,,,,0,,,0,X,,,,,,NA00,,,,,,,,,,,,2017,,,US00,,0,,0,0,0,,0,2,,,,,,,,,B,,,,0,,,,,0,0,0,,,,,0,,0,0,0,,,,,0,,,,0,0,0,,,,,,,,,,,,,,,,,,,,,,,,,,,,,,,,,,,,,,,,,,,,,,,,,,,,,,,,,,,,,,,,,,,,,,,,,,,,,,,,,,,,,,,,,,,,
375,5000003398,2017,1,1,0,0,0,551,,CANADIAN CRYSTAL,SC00,RM00,,,,,,,,,0,0,,H,USD,157480.32,0,157480.32,,,,3,G,3,G,3,G,,,,,0,,,0,X,,,,,,NA00,,,,,,,,,,,,2017,,,US00,,0,,0,0,0,,0,2,,,,,,,,,B,,,,0,,,,,0,0,0,,,,,0,,0,0,0,,,,,0,,,,0,0,0,,,,,,,,,,,,,,,,,,,,,,,,,,,,,,,,,,,,,,,,,,,,,,,,,,,,,,,,,,,,,,,,,,,,,,,,,,,,,,,,,,,,,,,,,,,,
375,5000003399,2017,1,1,0,0,0,551,,CANADIAN CRYSTAL,SC00,RM00,,,,,,,,,0,0,,H,USD,104986.88,0,104986.88,,,,2,G,2,G,2,G,,,,,0,,,0,X,,,,,,NA00,,,,,,,,,,,,2017,,,US00,,0,,0,0,0,,0,2,,,,,,,,,B,,,,0,,,,,0,0,0,,,,,0,,0,0,0,,,,,0,,,,0,0,0,,,,,,,,,,,,,,,,,,,,,,,,,,,,,,,,,,,,,,,,,,,,,,,,,,,,,,,,,,,,,,,,,,,,,,,,,,,,,,,,,,,,,,,,,,,,
375,5000003400,2017,1,1,0,0,0,551,,CARBONITE,SC00,RM00,,,,,,,,,0,0,,H,USD,1896.73,0,1896.73,,,,24,G,24,G,24,G,,,,,0,,,0,X,,,,,,NA00,,,,,,,,,,,,2017,,,US00,,0,,0,0,0,,0,2,,,,,,,,,B,,,,0,,,,,0,0,0,,,,,0,,0,0,0,,,,,0,,,,0,0,0,,,,,,,,,,,,,,,,,,,,,,,,,,,,,,,,,,,,,,,,,,,,,,,,,,,,,,,,,,,,,,,,,,,,,,,,,,,,,,,,,,,,,,,,,,,,
375,5000003401,2017,1,1,0,0,0,551,,CHRONIUM,SC00,RM00,,,,,,,,,0,0,,H,USD,15.96,0,15.96,,,,45,LB,45,LB,45,LB,,,,,0,,,0,X,,,,,,NA00,,,,,,,,,,,,2017,,,US00,,0,,0,0,0,,0,2,,,,,,,,,B,,,,0,,,,,0,0,0,,,,,0,,0,0,0,,,,,0,,,,0,0,0,,,,,,,,,,,,,,,,,,,,,,,,,,,,,,,,,,,,,,,,,,,,,,,,,,,,,,,,,,,,,,,,,,,,,,,,,,,,,,,,,,,,,,,,,,,,
375,5000003402,2017,1,1,0,0,0,551,,CHRONIUM,SC00,RM00,,,,,,,,,0,0,,H,USD,43.62,0,43.62,,,,123,LB,123,LB,123,LB,,,,,0,,,0,X,,,,,,NA00,,,,,,,,,,,,2017,,,US00,,0,,0,0,0,,0,2,,,,,,,,,B,,,,0,,,,,0,0,0,,,,,0,,0,0,0,,,,,0,,,,0,0,0,,,,,,,,,,,,,,,,,,,,,,,,,,,,,,,,,,,,,,,,,,,,,,,,,,,,,,,,,,,,,,,,,,,,,,,,,,,,,,,,,,,,,,,,,,,,
375,5000003403,2017,1,1,0,0,0,551,,CHRONIUM,SC00,RM00,,,,,,,,,0,0,,H,USD,27.66,0,27.66,,,,78,LB,78,LB,78,LB,,,,,0,,,0,X,,,,,,NA00,,,,,,,,,,,,2017,,,US00,,0,,0,0,0,,0,2,,,,,,,,,B,,,,0,,,,,0,0,0,,,,,0,,0,0,0,,,,,0,,,,0,0,0,,,,,,,,,,,,,,,,,,,,,,,,,,,,,,,,,,,,,,,,,,,,,,,,,,,,,,,,,,,,,,,,,,,,,,,,,,,,,,,,,,,,,,,,,,,,
375,5000003404,2017,1,1,0,0,0,551,,CHRONIUM,SC00,RM00,,,,,,,,,0,0,,H,USD,9.57,0,9.57,,,,27,LB,27,LB,27,LB,,,,,0,,,0,X,,,,,,NA00,,,,,,,,,,,,2017,,,US00,,0,,0,0,0,,0,2,,,,,,,,,B,,,,0,,,,,0,0,0,,,,,0,,0,0,0,,,,,0,,,,0,0,0,,,,,,,,,,,,,,,,,,,,,,,,,,,,,,,,,,,,,,,,,,,,,,,,,,,,,,,,,,,,,,,,,,,,,,,,,,,,,,,,,,,,,,,,,,,,
375,5000003405,2017,1,1,0,0,0,551,,CHRONIUM,SC00,RM00,,,,,,,,,0,0,,H,USD,24.47,0,24.47,,,,69,LB,69,LB,69,LB,,,,,0,,,0,X,,,,,,NA00,,,,,,,,,,,,2017,,,US00,,0,,0,0,0,,0,2,,,,,,,,,B,,,,0,,,,,0,0,0,,,,,0,,0,0,0,,,,,0,,,,0,0,0,,,,,,,,,,,,,,,,,,,,,,,,,,,,,,,,,,,,,,,,,,,,,,,,,,,,,,,,,,,,,,,,,,,,,,,,,,,,,,,,,,,,,,,,,,,,
375,5000003406,2017,1,1,0,0,0,551,,CHRONIUM,SC00,RM00,,,,,,,,,0,0,,H,USD,26.95,0,26.95,,,,76,LB,76,LB,76,LB,,,,,0,,,0,X,,,,,,NA00,,,,,,,,,,,,2017,,,US00,,0,,0,0,0,,0,2,,,,,,,,,B,,,,0,,,,,0,0,0,,,,,0,,0,0,0,,,,,0,,,,0,0,0,,,,,,,,,,,,,,,,,,,,,,,,,,,,,,,,,,,,,,,,,,,,,,,,,,,,,,,,,,,,,,,,,,,,,,,,,,,,,,,,,,,,,,,,,,,,
375,5000003407,2017,1,1,0,0,0,551,,CHRONIUM,SC00,RM00,,,,,,,,,0,0,,H,USD,13.83,0,13.83,,,,39,LB,39,LB,39,LB,,,,,0,,,0,X,,,,,,NA00,,,,,,,,,,,,2017,,,US00,,0,,0,0,0,,0,2,,,,,,,,,B,,,,0,,,,,0,0,0,,,,,0,,0,0,0,,,,,0,,,,0,0,0,,,,,,,,,,,,,,,,,,,,,,,,,,,,,,,,,,,,,,,,,,,,,,,,,,,,,,,,,,,,,,,,,,,,,,,,,,,,,,,,,,,,,,,,,,,,
375,5000003408,2017,1,1,0,0,0,551,,CHRONIUM,SC00,RM00,,,,,,,,,0,0,,H,USD,30.50,0,30.50,,,,86,LB,86,LB,86,LB,,,,,0,,,0,X,,,,,,NA00,,,,,,,,,,,,2017,,,US00,,0,,0,0,0,,0,2,,,,,,,,,B,,,,0,,,,,0,0,0,,,,,0,,0,0,0,,,,,0,,,,0,0,0,,,,,,,,,,,,,,,,,,,,,,,,,,,,,,,,,,,,,,,,,,,,,,,,,,,,,,,,,,,,,,,,,,,,,,,,,,,,,,,,,,,,,,,,,,,,
375,5000003409,2017,1,1,0,0,0,551,,CHRONIUM,SC00,RM00,,,,,,,,,0,0,,H,USD,4.61,0,4.61,,,,13,LB,13,LB,13,LB,,,,,0,,,0,X,,,,,,NA00,,,,,,,,,,,,2017,,,US00,,0,,0,0,0,,0,2,,,,,,,,,B,,,,0,,,,,0,0,0,,,,,0,,0,0,0,,,,,0,,,,0,0,0,,,,,,,,,,,,,,,,,,,,,,,,,,,,,,,,,,,,,,,,,,,,,,,,,,,,,,,,,,,,,,,,,,,,,,,,,,,,,,,,,,,,,,,,,,,,
375,5000003410,2017,1,1,0,0,0,551,,CONCRETE,SC00,RM00,,,,,,,,,0,0,,H,USD,1214.54,0,1214.54,,,,14,YD3,14,YD3,14,YD3,,,,,0,,,0,X,,,,,,NA00,,,,,,,,,,,,2017,,,US00,,0,,0,0,0,,0,2,,,,,,,,,B,,,,0,,,,,0,0,0,,,,,0,,0,0,0,,,,,0,,,,0,0,0,,,,,,,,,,,,,,,,,,,,,,,,,,,,,,,,,,,,,,,,,,,,,,,,,,,,,,,,,,,,,,,,,,,,,,,,,,,,,,,,,,,,,,,,,,,,
375,5000003411,2017,1,1,0,0,0,551,,CONCRETE,SC00,RM00,,,,,,,,,0,0,,H,USD,954.28,0,954.28,,,,11,YD3,11,YD3,11,YD3,,,,,0,,,0,X,,,,,,NA00,,,,,,,,,,,,2017,,,US00,,0,,0,0,0,,0,2,,,,,,,,,B,,,,0,,,,,0,0,0,,,,,0,,0,0,0,,,,,0,,,,0,0,0,,,,,,,,,,,,,,,,,,,,,,,,,,,,,,,,,,,,,,,,,,,,,,,,,,,,,,,,,,,,,,,,,,,,,,,,,,,,,,,,,,,,,,,,,,,,
375,5000003412,2017,1,1,0,0,0,551,,CONCRETE,SC00,RM00,,,,,,,,,0,0,,H,USD,867.53,0,867.53,,,,10,YD3,10,YD3,10,YD3,,,,,0,,,0,X,,,,,,NA00,,,,,,,,,,,,2017,,,US00,,0,,0,0,0,,0,2,,,,,,,,,B,,,,0,,,,,0,0,0,,,,,0,,0,0,0,,,,,0,,,,0,0,0,,,,,,,,,,,,,,,,,,,,,,,,,,,,,,,,,,,,,,,,,,,,,,,,,,,,,,,,,,,,,,,,,,,,,,,,,,,,,,,,,,,,,,,,,,,,
375,5000003413,2017,1,1,0,0,0,551,,CONCRETE,SC00,RM00,,,,,,,,,0,0,,H,USD,520.52,0,520.52,,,,6,YD3,6,YD3,6,YD3,,,,,0,,,0,X,,,,,,NA00,,,,,,,,,,,,2017,,,US00,,0,,0,0,0,,0,2,,,,,,,,,B,,,,0,,,,,0,0,0,,,,,0,,0,0,0,,,,,0,,,,0,0,0,,,,,,,,,,,,,,,,,,,,,,,,,,,,,,,,,,,,,,,,,,,,,,,,,,,,,,,,,,,,,,,,,,,,,,,,,,,,,,,,,,,,,,,,,,,,
375,5000003414,2017,1,1,0,0,0,551,,CONCRETE,SC00,RM00,,,,,,,,,0,0,,H,USD,954.28,0,954.28,,,,11,YD3,11,YD3,11,YD3,,,,,0,,,0,X,,,,,,NA00,,,,,,,,,,,,2017,,,US00,,0,,0,0,0,,0,2,,,,,,,,,B,,,,0,,,,,0,0,0,,,,,0,,0,0,0,,,,,0,,,,0,0,0,,,,,,,,,,,,,,,,,,,,,,,,,,,,,,,,,,,,,,,,,,,,,,,,,,,,,,,,,,,,,,,,,,,,,,,,,,,,,,,,,,,,,,,,,,,,
375,5000003415,2017,1,1,0,0,0,551,,CONCRETE,SC00,RM00,,,,,,,,,0,0,,H,USD,1041.04,0,1041.04,,,,12,YD3,12,YD3,12,YD3,,,,,0,,,0,X,,,,,,NA00,,,,,,,,,,,,2017,,,US00,,0,,0,0,0,,0,2,,,,,,,,,B,,,,0,,,,,0,0,0,,,,,0,,0,0,0,,,,,0,,,,0,0,0,,,,,,,,,,,,,,,,,,,,,,,,,,,,,,,,,,,,,,,,,,,,,,,,,,,,,,,,,,,,,,,,,,,,,,,,,,,,,,,,,,,,,,,,,,,,
375,5000003416,2017,1,1,0,0,0,551,,CONCRETE,SC00,RM00,,,,,,,,,0,0,,H,USD,347.01,0,347.01,,,,4,YD3,4,YD3,4,YD3,,,,,0,,,0,X,,,,,,NA00,,,,,,,,,,,,2017,,,US00,,0,,0,0,0,,0,2,,,,,,,,,B,,,,0,,,,,0,0,0,,,,,0,,0,0,0,,,,,0,,,,0,0,0,,,,,,,,,,,,,,,,,,,,,,,,,,,,,,,,,,,,,,,,,,,,,,,,,,,,,,,,,,,,,,,,,,,,,,,,,,,,,,,,,,,,,,,,,,,,
375,5000003417,2017,1,1,0,0,0,551,,CONCRETE,SC00,RM00,,,,,,,,,0,0,,H,USD,2342.33,0,2342.33,,,,27,YD3,27,YD3,27,YD3,,,,,0,,,0,X,,,,,,NA00,,,,,,,,,,,,2017,,,US00,,0,,0,0,0,,0,2,,,,,,,,,B,,,,0,,,,,0,0,0,,,,,0,,0,0,0,,,,,0,,,,0,0,0,,,,,,,,,,,,,,,,,,,,,,,,,,,,,,,,,,,,,,,,,,,,,,,,,,,,,,,,,,,,,,,,,,,,,,,,,,,,,,,,,,,,,,,,,,,,
375,5000003418,2017,1,1,0,0,0,551,,CONCRETE,SC00,RM00,,,,,,,,,0,0,,H,USD,1561.55,0,1561.55,,,,18,YD3,18,YD3,18,YD3,,,,,0,,,0,X,,,,,,NA00,,,,,,,,,,,,2017,,,US00,,0,,0,0,0,,0,2,,,,,,,,,B,,,,0,,,,,0,0,0,,,,,0,,0,0,0,,,,,0,,,,0,0,0,,,,,,,,,,,,,,,,,,,,,,,,,,,,,,,,,,,,,,,,,,,,,,,,,,,,,,,,,,,,,,,,,,,,,,,,,,,,,,,,,,,,,,,,,,,,
375,5000003419,2017,1,1,0,0,0,551,,CONGOCRYSTAL,SC00,RM00,,,,,,,,,0,0,,H,USD,9724.87,0,9724.87,,,,1,G,1,G,1,G,,,,,0,,,0,X,,,,,,NA00,,,,,,,,,,,,2017,,,US00,,0,,0,0,0,,0,2,,,,,,,,,B,,,,0,,,,,0,0,0,,,,,0,,0,0,0,,,,,0,,,,0,0,0,,,,,,,,,,,,,,,,,,,,,,,,,,,,,,,,,,,,,,,,,,,,,,,,,,,,,,,,,,,,,,,,,,,,,,,,,,,,,,,,,,,,,,,,,,,,
375,5000003420,2017,1,1,0,0,0,551,,CONGOCRYSTAL,SC00,RM00,,,,,,,,,0,0,,H,USD,19449.74,0,19449.74,,,,2,G,2,G,2,G,,,,,0,,,0,X,,,,,,NA00,,,,,,,,,,,,2017,,,US00,,0,,0,0,0,,0,2,,,,,,,,,B,,,,0,,,,,0,0,0,,,,,0,,0,0,0,,,,,0,,,,0,0,0,,,,,,,,,,,,,,,,,,,,,,,,,,,,,,,,,,,,,,,,,,,,,,,,,,,,,,,,,,,,,,,,,,,,,,,,,,,,,,,,,,,,,,,,,,,,
375,5000003421,2017,1,1,0,0,0,551,,CONGOCRYSTAL,SC00,RM00,,,,,,,,,0,0,,H,USD,9724.87,0,9724.87,,,,1,G,1,G,1,G,,,,,0,,,0,X,,,,,,NA00,,,,,,,,,,,,2017,,,US00,,0,,0,0,0,,0,2,,,,,,,,,B,,,,0,,,,,0,0,0,,,,,0,,0,0,0,,,,,0,,,,0,0,0,,,,,,,,,,,,,,,,,,,,,,,,,,,,,,,,,,,,,,,,,,,,,,,,,,,,,,,,,,,,,,,,,,,,,,,,,,,,,,,,,,,,,,,,,,,,
375,5000003422,2017,1,1,0,0,0,551,,CONGOCRYSTAL,SC00,RM00,,,,,,,,,0,0,,H,USD,29174.61,0,29174.61,,,,3,G,3,G,3,G,,,,,0,,,0,X,,,,,,NA00,,,,,,,,,,,,2017,,,US00,,0,,0,0,0,,0,2,,,,,,,,,B,,,,0,,,,,0,0,0,,,,,0,,0,0,0,,,,,0,,,,0,0,0,,,,,,,,,,,,,,,,,,,,,,,,,,,,,,,,,,,,,,,,,,,,,,,,,,,,,,,,,,,,,,,,,,,,,,,,,,,,,,,,,,,,,,,,,,,,
375,5000003423,2017,1,1,0,0,0,551,,DIAMOND,SC00,RM00,,,,,,,,,0,0,,H,USD,74.51,0,74.51,,,,12,LB,12,LB,12,LB,,,,,0,,,0,X,,,,,,NA00,,,,,,,,,,,,2017,,,US00,,0,,0,0,0,,0,2,,,,,,,,,B,,,,0,,,,,0,0,0,,,,,0,,0,0,0,,,,,0,,,,0,0,0,,,,,,,,,,,,,,,,,,,,,,,,,,,,,,,,,,,,,,,,,,,,,,,,,,,,,,,,,,,,,,,,,,,,,,,,,,,,,,,,,,,,,,,,,,,,
375,5000003424,2017,1,1,0,0,0,551,,DIAMOND,SC00,RM00,,,,,,,,,0,0,,H,USD,180.06,0,180.06,,,,29,LB,29,LB,29,LB,,,,,0,,,0,X,,,,,,NA00,,,,,,,,,,,,2017,,,US00,,0,,0,0,0,,0,2,,,,,,,,,B,,,,0,,,,,0,0,0,,,,,0,,0,0,0,,,,,0,,,,0,0,0,,,,,,,,,,,,,,,,,,,,,,,,,,,,,,,,,,,,,,,,,,,,,,,,,,,,,,,,,,,,,,,,,,,,,,,,,,,,,,,,,,,,,,,,,,,,
375,5000003425,2017,1,1,0,0,0,551,,DIAMOND,SC00,RM00,,,,,,,,,0,0,,H,USD,1955.85,0,1955.85,,,,315,LB,315,LB,315,LB,,,,,0,,,0,X,,,,,,NA00,,,,,,,,,,,,2017,,,US00,,0,,0,0,0,,0,2,,,,,,,,,B,,,,0,,,,,0,0,0,,,,,0,,0,0,0,,,,,0,,,,0,0,0,,,,,,,,,,,,,,,,,,,,,,,,,,,,,,,,,,,,,,,,,,,,,,,,,,,,,,,,,,,,,,,,,,,,,,,,,,,,,,,,,,,,,,,,,,,,
375,5000003426,2017,1,1,0,0,0,551,,DIAMOND,SC00,RM00,,,,,,,,,0,0,,H,USD,900.31,0,900.31,,,,145,LB,145,LB,145,LB,,,,,0,,,0,X,,,,,,NA00,,,,,,,,,,,,2017,,,US00,,0,,0,0,0,,0,2,,,,,,,,,B,,,,0,,,,,0,0,0,,,,,0,,0,0,0,,,,,0,,,,0,0,0,,,,,,,,,,,,,,,,,,,,,,,,,,,,,,,,,,,,,,,,,,,,,,,,,,,,,,,,,,,,,,,,,,,,,,,,,,,,,,,,,,,,,,,,,,,,
375,5000003427,2017,1,1,0,0,0,551,,DIAMOND,SC00,RM00,,,,,,,,,0,0,,H,USD,583.65,0,583.65,,,,94,LB,94,LB,94,LB,,,,,0,,,0,X,,,,,,NA00,,,,,,,,,,,,2017,,,US00,,0,,0,0,0,,0,2,,,,,,,,,B,,,,0,,,,,0,0,0,,,,,0,,0,0,0,,,,,0,,,,0,0,0,,,,,,,,,,,,,,,,,,,,,,,,,,,,,,,,,,,,,,,,,,,,,,,,,,,,,,,,,,,,,,,,,,,,,,,,,,,,,,,,,,,,,,,,,,,,
375,5000003428,2017,1,1,0,0,0,551,,DIAMOND,SC00,RM00,,,,,,,,,0,0,,H,USD,384.96,0,384.96,,,,62,LB,62,LB,62,LB,,,,,0,,,0,X,,,,,,NA00,,,,,,,,,,,,2017,,,US00,,0,,0,0,0,,0,2,,,,,,,,,B,,,,0,,,,,0,0,0,,,,,0,,0,0,0,,,,,0,,,,0,0,0,,,,,,,,,,,,,,,,,,,,,,,,,,,,,,,,,,,,,,,,,,,,,,,,,,,,,,,,,,,,,,,,,,,,,,,,,,,,,,,,,,,,,,,,,,,,
375,5000003429,2017,1,1,0,0,0,551,,DIAMOND,SC00,RM00,,,,,,,,,0,0,,H,USD,111.76,0,111.76,,,,18,LB,18,LB,18,LB,,,,,0,,,0,X,,,,,,NA00,,,,,,,,,,,,2017,,,US00,,0,,0,0,0,,0,2,,,,,,,,,B,,,,0,,,,,0,0,0,,,,,0,,0,0,0,,,,,0,,,,0,0,0,,,,,,,,,,,,,,,,,,,,,,,,,,,,,,,,,,,,,,,,,,,,,,,,,,,,,,,,,,,,,,,,,,,,,,,,,,,,,,,,,,,,,,,,,,,,
375,5000003430,2017,1,1,0,0,0,551,,DIAMOND,SC00,RM00,,,,,,,,,0,0,,H,USD,658.16,0,658.16,,,,106,LB,106,LB,106,LB,,,,,0,,,0,X,,,,,,NA00,,,,,,,,,,,,2017,,,US00,,0,,0,0,0,,0,2,,,,,,,,,B,,,,0,,,,,0,0,0,,,,,0,,0,0,0,,,,,0,,,,0,0,0,,,,,,,,,,,,,,,,,,,,,,,,,,,,,,,,,,,,,,,,,,,,,,,,,,,,,,,,,,,,,,,,,,,,,,,,,,,,,,,,,,,,,,,,,,,,
375,5000003431,2017,1,1,0,0,0,551,,DIAMOND,SC00,RM00,,,,,,,,,0,0,,H,USD,130.39,0,130.39,,,,21,LB,21,LB,21,LB,,,,,0,,,0,X,,,,,,NA00,,,,,,,,,,,,2017,,,US00,,0,,0,0,0,,0,2,,,,,,,,,B,,,,0,,,,,0,0,0,,,,,0,,0,0,0,,,,,0,,,,0,0,0,,,,,,,,,,,,,,,,,,,,,,,,,,,,,,,,,,,,,,,,,,,,,,,,,,,,,,,,,,,,,,,,,,,,,,,,,,,,,,,,,,,,,,,,,,,,
375,5000003432,2017,1,1,0,0,0,551,,DIAMOND,SC00,RM00,,,,,,,,,0,0,,H,USD,360.12,0,360.12,,,,58,LB,58,LB,58,LB,,,,,0,,,0,X,,,,,,NA00,,,,,,,,,,,,2017,,,US00,,0,,0,0,0,,0,2,,,,,,,,,B,,,,0,,,,,0,0,0,,,,,0,,0,0,0,,,,,0,,,,0,0,0,,,,,,,,,,,,,,,,,,,,,,,,,,,,,,,,,,,,,,,,,,,,,,,,,,,,,,,,,,,,,,,,,,,,,,,,,,,,,,,,,,,,,,,,,,,,
375,5000003433,2017,1,1,0,0,0,551,,GOLD,SC00,RM00,,,,,,,,,0,0,,H,USD,1628.83,0,1628.83,,,,7,G,7,G,7,G,,,,,0,,,0,X,,,,,,NA00,,,,,,,,,,,,2017,,,US00,,0,,0,0,0,,0,2,,,,,,,,,B,,,,0,,,,,0,0,0,,,,,0,,0,0,0,,,,,0,,,,0,0,0,,,,,,,,,,,,,,,,,,,,,,,,,,,,,,,,,,,,,,,,,,,,,,,,,,,,,,,,,,,,,,,,,,,,,,,,,,,,,,,,,,,,,,,,,,,,
375,5000003434,2017,1,1,0,0,0,551,,GOLD,SC00,RM00,,,,,,,,,0,0,,H,USD,4421.11,0,4421.11,,,,19,G,19,G,19,G,,,,,0,,,0,X,,,,,,NA00,,,,,,,,,,,,2017,,,US00,,0,,0,0,0,,0,2,,,,,,,,,B,,,,0,,,,,0,0,0,,,,,0,,0,0,0,,,,,0,,,,0,0,0,,,,,,,,,,,,,,,,,,,,,,,,,,,,,,,,,,,,,,,,,,,,,,,,,,,,,,,,,,,,,,,,,,,,,,,,,,,,,,,,,,,,,,,,,,,,
375,5000003435,2017,1,1,0,0,0,551,,GOLD,SC00,RM00,,,,,,,,,0,0,,H,USD,6748.01,0,6748.01,,,,29,G,29,G,29,G,,,,,0,,,0,X,,,,,,NA00,,,,,,,,,,,,2017,,,US00,,0,,0,0,0,,0,2,,,,,,,,,B,,,,0,,,,,0,0,0,,,,,0,,0,0,0,,,,,0,,,,0,0,0,,,,,,,,,,,,,,,,,,,,,,,,,,,,,,,,,,,,,,,,,,,,,,,,,,,,,,,,,,,,,,,,,,,,,,,,,,,,,,,,,,,,,,,,,,,,
375,5000003436,2017,1,1,0,0,0,551,,GOLD,SC00,RM00,,,,,,,,,0,0,,H,USD,14892.17,0,14892.17,,,,64,G,64,G,64,G,,,,,0,,,0,X,,,,,,NA00,,,,,,,,,,,,2017,,,US00,,0,,0,0,0,,0,2,,,,,,,,,B,,,,0,,,,,0,0,0,,,,,0,,0,0,0,,,,,0,,,,0,0,0,,,,,,,,,,,,,,,,,,,,,,,,,,,,,,,,,,,,,,,,,,,,,,,,,,,,,,,,,,,,,,,,,,,,,,,,,,,,,,,,,,,,,,,,,,,,
375,5000003437,2017,1,1,0,0,0,551,,GOLD,SC00,RM00,,,,,,,,,0,0,,H,USD,1163.45,0,1163.45,,,,5,G,5,G,5,G,,,,,0,,,0,X,,,,,,NA00,,,,,,,,,,,,2017,,,US00,,0,,0,0,0,,0,2,,,,,,,,,B,,,,0,,,,,0,0,0,,,,,0,,0,0,0,,,,,0,,,,0,0,0,,,,,,,,,,,,,,,,,,,,,,,,,,,,,,,,,,,,,,,,,,,,,,,,,,,,,,,,,,,,,,,,,,,,,,,,,,,,,,,,,,,,,,,,,,,,
375,5000003438,2017,1,1,0,0,0,551,,GOLD,SC00,RM00,,,,,,,,,0,0,,H,USD,12099.89,0,12099.89,,,,52,G,52,G,52,G,,,,,0,,,0,X,,,,,,NA00,,,,,,,,,,,,2017,,,US00,,0,,0,0,0,,0,2,,,,,,,,,B,,,,0,,,,,0,0,0,,,,,0,,0,0,0,,,,,0,,,,0,0,0,,,,,,,,,,,,,,,,,,,,,,,,,,,,,,,,,,,,,,,,,,,,,,,,,,,,,,,,,,,,,,,,,,,,,,,,,,,,,,,,,,,,,,,,,,,,
375,5000003439,2017,1,1,0,0,0,551,,GOLD,SC00,RM00,,,,,,,,,0,0,,H,USD,5119.18,0,5119.18,,,,22,G,22,G,22,G,,,,,0,,,0,X,,,,,,NA00,,,,,,,,,,,,2017,,,US00,,0,,0,0,0,,0,2,,,,,,,,,B,,,,0,,,,,0,0,0,,,,,0,,0,0,0,,,,,0,,,,0,0,0,,,,,,,,,,,,,,,,,,,,,,,,,,,,,,,,,,,,,,,,,,,,,,,,,,,,,,,,,,,,,,,,,,,,,,,,,,,,,,,,,,,,,,,,,,,,
375,5000003440,2017,1,1,0,0,0,551,,GOLD,SC00,RM00,,,,,,,,,0,0,,H,USD,21174.80,0,21174.80,,,,91,G,91,G,91,G,,,,,0,,,0,X,,,,,,NA00,,,,,,,,,,,,2017,,,US00,,0,,0,0,0,,0,2,,,,,,,,,B,,,,0,,,,,0,0,0,,,,,0,,0,0,0,,,,,0,,,,0,0,0,,,,,,,,,,,,,,,,,,,,,,,,,,,,,,,,,,,,,,,,,,,,,,,,,,,,,,,,,,,,,,,,,,,,,,,,,,,,,,,,,,,,,,,,,,,,
375,5000003441,2017,1,1,0,0,0,551,,GOLD,SC00,RM00,,,,,,,,,0,0,,H,USD,5817.25,0,5817.25,,,,25,G,25,G,25,G,,,,,0,,,0,X,,,,,,NA00,,,,,,,,,,,,2017,,,US00,,0,,0,0,0,,0,2,,,,,,,,,B,,,,0,,,,,0,0,0,,,,,0,,0,0,0,,,,,0,,,,0,0,0,,,,,,,,,,,,,,,,,,,,,,,,,,,,,,,,,,,,,,,,,,,,,,,,,,,,,,,,,,,,,,,,,,,,,,,,,,,,,,,,,,,,,,,,,,,,
375,5000003442,2017,1,1,0,0,0,551,,HEXNT,SC00,RM00,,,,,,,,,0,0,,H,USD,3843.94,0,3843.94,,,,3016,LB,3016,LB,3016,LB,,,,,0,,,0,X,,,,,,NA00,,,,,,,,,,,,2017,,,US00,,0,,0,0,0,,0,2,,,,,,,,,B,,,,0,,,,,0,0,0,,,,,0,,0,0,0,,,,,0,,,,0,0,0,,,,,,,,,,,,,,,,,,,,,,,,,,,,,,,,,,,,,,,,,,,,,,,,,,,,,,,,,,,,,,,,,,,,,,,,,,,,,,,,,,,,,,,,,,,,
375,5000003443,2017,1,1,0,0,0,551,,HEXNT,SC00,RM00,,,,,,,,,0,0,,H,USD,270.20,0,270.20,,,,212,LB,212,LB,212,LB,,,,,0,,,0,X,,,,,,NA00,,,,,,,,,,,,2017,,,US00,,0,,0,0,0,,0,2,,,,,,,,,B,,,,0,,,,,0,0,0,,,,,0,,0,0,0,,,,,0,,,,0,0,0,,,,,,,,,,,,,,,,,,,,,,,,,,,,,,,,,,,,,,,,,,,,,,,,,,,,,,,,,,,,,,,,,,,,,,,,,,,,,,,,,,,,,,,,,,,,
375,5000003444,2017,1,1,0,0,0,551,,HEXNT,SC00,RM00,,,,,,,,,0,0,,H,USD,1135.59,0,1135.59,,,,891,LB,891,LB,891,LB,,,,,0,,,0,X,,,,,,NA00,,,,,,,,,,,,2017,,,US00,,0,,0,0,0,,0,2,,,,,,,,,B,,,,0,,,,,0,0,0,,,,,0,,0,0,0,,,,,0,,,,0,0,0,,,,,,,,,,,,,,,,,,,,,,,,,,,,,,,,,,,,,,,,,,,,,,,,,,,,,,,,,,,,,,,,,,,,,,,,,,,,,,,,,,,,,,,,,,,,
375,5000003445,2017,1,1,0,0,0,551,,HEXNT,SC00,RM00,,,,,,,,,0,0,,H,USD,3776.39,0,3776.39,,,,2963,LB,2963,LB,2963,LB,,,,,0,,,0,X,,,,,,NA00,,,,,,,,,,,,2017,,,US00,,0,,0,0,0,,0,2,,,,,,,,,B,,,,0,,,,,0,0,0,,,,,0,,0,0,0,,,,,0,,,,0,0,0,,,,,,,,,,,,,,,,,,,,,,,,,,,,,,,,,,,,,,,,,,,,,,,,,,,,,,,,,,,,,,,,,,,,,,,,,,,,,,,,,,,,,,,,,,,,
375,5000003446,2017,1,1,0,0,0,551,,HEXNT,SC00,RM00,,,,,,,,,0,0,,H,USD,191.18,0,191.18,,,,150,LB,150,LB,150,LB,,,,,0,,,0,X,,,,,,NA00,,,,,,,,,,,,2017,,,US00,,0,,0,0,0,,0,2,,,,,,,,,B,,,,0,,,,,0,0,0,,,,,0,,0,0,0,,,,,0,,,,0,0,0,,,,,,,,,,,,,,,,,,,,,,,,,,,,,,,,,,,,,,,,,,,,,,,,,,,,,,,,,,,,,,,,,,,,,,,,,,,,,,,,,,,,,,,,,,,,
375,5000003447,2017,1,1,0,0,0,551,,HEXNT,SC00,RM00,,,,,,,,,0,0,,H,USD,1076.97,0,1076.97,,,,845,LB,845,LB,845,LB,,,,,0,,,0,X,,,,,,NA00,,,,,,,,,,,,2017,,,US00,,0,,0,0,0,,0,2,,,,,,,,,B,,,,0,,,,,0,0,0,,,,,0,,0,0,0,,,,,0,,,,0,0,0,,,,,,,,,,,,,,,,,,,,,,,,,,,,,,,,,,,,,,,,,,,,,,,,,,,,,,,,,,,,,,,,,,,,,,,,,,,,,,,,,,,,,,,,,,,,
375,5000003448,2017,1,1,0,0,0,551,,HEXNT,SC00,RM00,,,,,,,,,0,0,,H,USD,3179.92,0,3179.92,,,,2495,LB,2495,LB,2495,LB,,,,,0,,,0,X,,,,,,NA00,,,,,,,,,,,,2017,,,US00,,0,,0,0,0,,0,2,,,,,,,,,B,,,,0,,,,,0,0,0,,,,,0,,0,0,0,,,,,0,,,,0,0,0,,,,,,,,,,,,,,,,,,,,,,,,,,,,,,,,,,,,,,,,,,,,,,,,,,,,,,,,,,,,,,,,,,,,,,,,,,,,,,,,,,,,,,,,,,,,
375,5000003449,2017,1,1,0,0,0,551,,HEXNT,SC00,RM00,,,,,,,,,0,0,,H,USD,1334.42,0,1334.42,,,,1047,LB,1047,LB,1047,LB,,,,,0,,,0,X,,,,,,NA00,,,,,,,,,,,,2017,,,US00,,0,,0,0,0,,0,2,,,,,,,,,B,,,,0,,,,,0,0,0,,,,,0,,0,0,0,,,,,0,,,,0,0,0,,,,,,,,,,,,,,,,,,,,,,,,,,,,,,,,,,,,,,,,,,,,,,,,,,,,,,,,,,,,,,,,,,,,,,,,,,,,,,,,,,,,,,,,,,,,
375,5000003450,2017,1,1,0,0,0,551,,ICAN HEADMASK,SC00,RM00,,,,,,,,,0,0,,H,USD,12324.93,0,12324.93,,,,11,EA,11,EA,11,EA,,,,,0,,,0,X,,,,,,NA00,,,,,,,,,,,,2017,,,US00,,0,,0,0,0,,0,2,,,,,,,,,B,,,,0,,,,,0,0,0,,,,,0,,0,0,0,,,,,0,,,,0,0,0,,,,,,,,,,,,,,,,,,,,,,,,,,,,,,,,,,,,,,,,,,,,,,,,,,,,,,,,,,,,,,,,,,,,,,,,,,,,,,,,,,,,,,,,,,,,
375,5000003451,2017,1,1,0,0,0,551,,ICAN HEADMASK,SC00,RM00,,,,,,,,,0,0,,H,USD,25770.31,0,25770.31,,,,23,EA,23,EA,23,EA,,,,,0,,,0,X,,,,,,NA00,,,,,,,,,,,,2017,,,US00,,0,,0,0,0,,0,2,,,,,,,,,B,,,,0,,,,,0,0,0,,,,,0,,0,0,0,,,,,0,,,,0,0,0,,,,,,,,,,,,,,,,,,,,,,,,,,,,,,,,,,,,,,,,,,,,,,,,,,,,,,,,,,,,,,,,,,,,,,,,,,,,,,,,,,,,,,,,,,,,
375,5000003452,2017,1,1,0,0,0,551,,ICAN HEADMASK,SC00,RM00,,,,,,,,,0,0,,H,USD,6722.69,0,6722.69,,,,6,EA,6,EA,6,EA,,,,,0,,,0,X,,,,,,NA00,,,,,,,,,,,,2017,,,US00,,0,,0,0,0,,0,2,,,,,,,,,B,,,,0,,,,,0,0,0,,,,,0,,0,0,0,,,,,0,,,,0,0,0,,,,,,,,,,,,,,,,,,,,,,,,,,,,,,,,,,,,,,,,,,,,,,,,,,,,,,,,,,,,,,,,,,,,,,,,,,,,,,,,,,,,,,,,,,,,
375,5000003453,2017,1,1,0,0,0,551,,IRON,SC00,RM00,,,,,,,,,0,0,,H,USD,248.73,0,248.73,,,,490,LB,490,LB,490,LB,,,,,0,,,0,X,,,,,,NA00,,,,,,,,,,,,2017,,,US00,,0,,0,0,0,,0,2,,,,,,,,,B,,,,0,,,,,0,0,0,,,,,0,,0,0,0,,,,,0,,,,0,0,0,,,,,,,,,,,,,,,,,,,,,,,,,,,,,,,,,,,,,,,,,,,,,,,,,,,,,,,,,,,,,,,,,,,,,,,,,,,,,,,,,,,,,,,,,,,,
375,5000003454,2017,1,1,0,0,0,551,,IRON,SC00,RM00,,,,,,,,,0,0,,H,USD,104.06,0,104.06,,,,205,LB,205,LB,205,LB,,,,,0,,,0,X,,,,,,NA00,,,,,,,,,,,,2017,,,US00,,0,,0,0,0,,0,2,,,,,,,,,B,,,,0,,,,,0,0,0,,,,,0,,0,0,0,,,,,0,,,,0,0,0,,,,,,,,,,,,,,,,,,,,,,,,,,,,,,,,,,,,,,,,,,,,,,,,,,,,,,,,,,,,,,,,,,,,,,,,,,,,,,,,,,,,,,,,,,,,
375,5000003455,2017,1,1,0,0,0,551,,IRON,SC00,RM00,,,,,,,,,0,0,,H,USD,75.63,0,75.63,,,,149,LB,149,LB,149,LB,,,,,0,,,0,X,,,,,,NA00,,,,,,,,,,,,2017,,,US00,,0,,0,0,0,,0,2,,,,,,,,,B,,,,0,,,,,0,0,0,,,,,0,,0,0,0,,,,,0,,,,0,0,0,,,,,,,,,,,,,,,,,,,,,,,,,,,,,,,,,,,,,,,,,,,,,,,,,,,,,,,,,,,,,,,,,,,,,,,,,,,,,,,,,,,,,,,,,,,,
375,5000003456,2017,1,1,0,0,0,551,,IRON,SC00,RM00,,,,,,,,,0,0,,H,USD,62.44,0,62.44,,,,123,LB,123,LB,123,LB,,,,,0,,,0,X,,,,,,NA00,,,,,,,,,,,,2017,,,US00,,0,,0,0,0,,0,2,,,,,,,,,B,,,,0,,,,,0,0,0,,,,,0,,0,0,0,,,,,0,,,,0,0,0,,,,,,,,,,,,,,,,,,,,,,,,,,,,,,,,,,,,,,,,,,,,,,,,,,,,,,,,,,,,,,,,,,,,,,,,,,,,,,,,,,,,,,,,,,,,
375,5000003457,2017,1,1,0,0,0,551,,IRON,SC00,RM00,,,,,,,,,0,0,,H,USD,13.71,0,13.71,,,,27,LB,27,LB,27,LB,,,,,0,,,0,X,,,,,,NA00,,,,,,,,,,,,2017,,,US00,,0,,0,0,0,,0,2,,,,,,,,,B,,,,0,,,,,0,0,0,,,,,0,,0,0,0,,,,,0,,,,0,0,0,,,,,,,,,,,,,,,,,,,,,,,,,,,,,,,,,,,,,,,,,,,,,,,,,,,,,,,,,,,,,,,,,,,,,,,,,,,,,,,,,,,,,,,,,,,,
375,5000003458,2017,1,1,0,0,0,551,,IRON,SC00,RM00,,,,,,,,,0,0,,H,USD,97.97,0,97.97,,,,193,LB,193,LB,193,LB,,,,,0,,,0,X,,,,,,NA00,,,,,,,,,,,,2017,,,US00,,0,,0,0,0,,0,2,,,,,,,,,B,,,,0,,,,,0,0,0,,,,,0,,0,0,0,,,,,0,,,,0,0,0,,,,,,,,,,,,,,,,,,,,,,,,,,,,,,,,,,,,,,,,,,,,,,,,,,,,,,,,,,,,,,,,,,,,,,,,,,,,,,,,,,,,,,,,,,,,
375,5000003459,2017,1,1,0,0,0,551,,IRON,SC00,RM00,,,,,,,,,0,0,,H,USD,99.49,0,99.49,,,,196,LB,196,LB,196,LB,,,,,0,,,0,X,,,,,,NA00,,,,,,,,,,,,2017,,,US00,,0,,0,0,0,,0,2,,,,,,,,,B,,,,0,,,,,0,0,0,,,,,0,,0,0,0,,,,,0,,,,0,0,0,,,,,,,,,,,,,,,,,,,,,,,,,,,,,,,,,,,,,,,,,,,,,,,,,,,,,,,,,,,,,,,,,,,,,,,,,,,,,,,,,,,,,,,,,,,,
375,5000003460,2017,1,1,0,0,0,551,,IRON,SC00,RM00,,,,,,,,,0,0,,H,USD,1.02,0,1.02,,,,2,LB,2,LB,2,LB,,,,,0,,,0,X,,,,,,NA00,,,,,,,,,,,,2017,,,US00,,0,,0,0,0,,0,2,,,,,,,,,B,,,,0,,,,,0,0,0,,,,,0,,0,0,0,,,,,0,,,,0,0,0,,,,,,,,,,,,,,,,,,,,,,,,,,,,,,,,,,,,,,,,,,,,,,,,,,,,,,,,,,,,,,,,,,,,,,,,,,,,,,,,,,,,,,,,,,,,
375,5000003461,2017,1,1,0,0,0,551,,IRON,SC00,RM00,,,,,,,,,0,0,,H,USD,293.39,0,293.39,,,,578,LB,578,LB,578,LB,,,,,0,,,0,X,,,,,,NA00,,,,,,,,,,,,2017,,,US00,,0,,0,0,0,,0,2,,,,,,,,,B,,,,0,,,,,0,0,0,,,,,0,,0,0,0,,,,,0,,,,0,0,0,,,,,,,,,,,,,,,,,,,,,,,,,,,,,,,,,,,,,,,,,,,,,,,,,,,,,,,,,,,,,,,,,,,,,,,,,,,,,,,,,,,,,,,,,,,,
375,5000003462,2017,1,1,0,0,0,551,,IRON,SC00,RM00,,,,,,,,,0,0,,H,USD,28.93,0,28.93,,,,57,LB,57,LB,57,LB,,,,,0,,,0,X,,,,,,NA00,,,,,,,,,,,,2017,,,US00,,0,,0,0,0,,0,2,,,,,,,,,B,,,,0,,,,,0,0,0,,,,,0,,0,0,0,,,,,0,,,,0,0,0,,,,,,,,,,,,,,,,,,,,,,,,,,,,,,,,,,,,,,,,,,,,,,,,,,,,,,,,,,,,,,,,,,,,,,,,,,,,,,,,,,,,,,,,,,,,
375,5000003463,2017,1,1,0,0,0,551,,IRON,SC00,RM00,,,,,,,,,0,0,,H,USD,79.69,0,79.69,,,,157,LB,157,LB,157,LB,,,,,0,,,0,X,,,,,,NA00,,,,,,,,,,,,2017,,,US00,,0,,0,0,0,,0,2,,,,,,,,,B,,,,0,,,,,0,0,0,,,,,0,,0,0,0,,,,,0,,,,0,0,0,,,,,,,,,,,,,,,,,,,,,,,,,,,,,,,,,,,,,,,,,,,,,,,,,,,,,,,,,,,,,,,,,,,,,,,,,,,,,,,,,,,,,,,,,,,,
375,5000003464,2017,1,1,0,0,0,551,,IRON,SC00,RM00,,,,,,,,,0,0,,H,USD,68.02,0,68.02,,,,134,LB,134,LB,134,LB,,,,,0,,,0,X,,,,,,NA00,,,,,,,,,,,,2017,,,US00,,0,,0,0,0,,0,2,,,,,,,,,B,,,,0,,,,,0,0,0,,,,,0,,0,0,0,,,,,0,,,,0,0,0,,,,,,,,,,,,,,,,,,,,,,,,,,,,,,,,,,,,,,,,,,,,,,,,,,,,,,,,,,,,,,,,,,,,,,,,,,,,,,,,,,,,,,,,,,,,
375,5000003465,2017,1,1,0,0,0,551,,IRON,SC00,RM00,,,,,,,,,0,0,,H,USD,188.32,0,188.32,,,,371,LB,371,LB,371,LB,,,,,0,,,0,X,,,,,,NA00,,,,,,,,,,,,2017,,,US00,,0,,0,0,0,,0,2,,,,,,,,,B,,,,0,,,,,0,0,0,,,,,0,,0,0,0,,,,,0,,,,0,0,0,,,,,,,,,,,,,,,,,,,,,,,,,,,,,,,,,,,,,,,,,,,,,,,,,,,,,,,,,,,,,,,,,,,,,,,,,,,,,,,,,,,,,,,,,,,,
375,5000003466,2017,1,1,0,0,0,551,,KRYPTONITE,SC00,RM00,,,,,,,,,0,0,,H,USD,19310.02,0,19310.02,,,,658,LB,658,LB,658,LB,,,,,0,,,0,X,,,,,,NA00,,,,,,,,,,,,2017,,,US00,,0,,0,0,0,,0,2,,,,,,,,,B,,,,0,,,,,0,0,0,,,,,0,,0,0,0,,,,,0,,,,0,0,0,,,,,,,,,,,,,,,,,,,,,,,,,,,,,,,,,,,,,,,,,,,,,,,,,,,,,,,,,,,,,,,,,,,,,,,,,,,,,,,,,,,,,,,,,,,,
375,5000003467,2017,1,1,0,0,0,551,,KRYPTONITE,SC00,RM00,,,,,,,,,0,0,,H,USD,32486.61,0,32486.61,,,,1107,LB,1107,LB,1107,LB,,,,,0,,,0,X,,,,,,NA00,,,,,,,,,,,,2017,,,US00,,0,,0,0,0,,0,2,,,,,,,,,B,,,,0,,,,,0,0,0,,,,,0,,0,0,0,,,,,0,,,,0,0,0,,,,,,,,,,,,,,,,,,,,,,,,,,,,,,,,,,,,,,,,,,,,,,,,,,,,,,,,,,,,,,,,,,,,,,,,,,,,,,,,,,,,,,,,,,,,
375,5000003468,2017,1,1,0,0,0,551,,KRYPTONITE,SC00,RM00,,,,,,,,,0,0,,H,USD,4079.17,0,4079.17,,,,139,LB,139,LB,139,LB,,,,,0,,,0,X,,,,,,NA00,,,,,,,,,,,,2017,,,US00,,0,,0,0,0,,0,2,,,,,,,,,B,,,,0,,,,,0,0,0,,,,,0,,0,0,0,,,,,0,,,,0,0,0,,,,,,,,,,,,,,,,,,,,,,,,,,,,,,,,,,,,,,,,,,,,,,,,,,,,,,,,,,,,,,,,,,,,,,,,,,,,,,,,,,,,,,,,,,,,
375,5000003469,2017,1,1,0,0,0,551,,KRYPTONITE,SC00,RM00,,,,,,,,,0,0,,H,USD,74070.64,0,74070.64,,,,2524,LB,2524,LB,2524,LB,,,,,0,,,0,X,,,,,,NA00,,,,,,,,,,,,2017,,,US00,,0,,0,0,0,,0,2,,,,,,,,,B,,,,0,,,,,0,0,0,,,,,0,,0,0,0,,,,,0,,,,0,0,0,,,,,,,,,,,,,,,,,,,,,,,,,,,,,,,,,,,,,,,,,,,,,,,,,,,,,,,,,,,,,,,,,,,,,,,,,,,,,,,,,,,,,,,,,,,,
375,5000003470,2017,1,1,0,0,0,551,,KRYPTONITE,SC00,RM00,,,,,,,,,0,0,,H,USD,190194.85,0,190194.85,,,,6481,LB,6481,LB,6481,LB,,,,,0,,,0,X,,,,,,NA00,,,,,,,,,,,,2017,,,US00,,0,,0,0,0,,0,2,,,,,,,,,B,,,,0,,,,,0,0,0,,,,,0,,0,0,0,,,,,0,,,,0,0,0,,,,,,,,,,,,,,,,,,,,,,,,,,,,,,,,,,,,,,,,,,,,,,,,,,,,,,,,,,,,,,,,,,,,,,,,,,,,,,,,,,,,,,,,,,,,
375,5000003471,2017,1,1,0,0,0,551,,KRYPTONITE,SC00,RM00,,,,,,,,,0,0,,H,USD,40146.05,0,40146.05,,,,1368,LB,1368,LB,1368,LB,,,,,0,,,0,X,,,,,,NA00,,,,,,,,,,,,2017,,,US00,,0,,0,0,0,,0,2,,,,,,,,,B,,,,0,,,,,0,0,0,,,,,0,,0,0,0,,,,,0,,,,0,0,0,,,,,,,,,,,,,,,,,,,,,,,,,,,,,,,,,,,,,,,,,,,,,,,,,,,,,,,,,,,,,,,,,,,,,,,,,,,,,,,,,,,,,,,,,,,,
375,5000003472,2017,1,1,0,0,0,551,,KRYPTONITE,SC00,RM00,,,,,,,,,0,0,,H,USD,88186.32,0,88186.32,,,,3005,LB,3005,LB,3005,LB,,,,,0,,,0,X,,,,,,NA00,,,,,,,,,,,,2017,,,US00,,0,,0,0,0,,0,2,,,,,,,,,B,,,,0,,,,,0,0,0,,,,,0,,0,0,0,,,,,0,,,,0,0,0,,,,,,,,,,,,,,,,,,,,,,,,,,,,,,,,,,,,,,,,,,,,,,,,,,,,,,,,,,,,,,,,,,,,,,,,,,,,,,,,,,,,,,,,,,,,
375,5000003473,2017,1,1,0,0,0,551,,MAGICDUST,SC00,RM00,,,,,,,,,0,0,,H,USD,69.64,0,69.64,,,,2,LB,2,LB,2,LB,,,,,0,,,0,X,,,,,,NA00,,,,,,,,,,,,2017,,,US00,,0,,0,0,0,,0,2,,,,,,,,,B,,,,0,,,,,0,0,0,,,,,0,,0,0,0,,,,,0,,,,0,0,0,,,,,,,,,,,,,,,,,,,,,,,,,,,,,,,,,,,,,,,,,,,,,,,,,,,,,,,,,,,,,,,,,,,,,,,,,,,,,,,,,,,,,,,,,,,,
375,5000003474,2017,1,1,0,0,0,551,,MAGICDUST,SC00,RM00,,,,,,,,,0,0,,H,USD,69.64,0,69.64,,,,2,LB,2,LB,2,LB,,,,,0,,,0,X,,,,,,NA00,,,,,,,,,,,,2017,,,US00,,0,,0,0,0,,0,2,,,,,,,,,B,,,,0,,,,,0,0,0,,,,,0,,0,0,0,,,,,0,,,,0,0,0,,,,,,,,,,,,,,,,,,,,,,,,,,,,,,,,,,,,,,,,,,,,,,,,,,,,,,,,,,,,,,,,,,,,,,,,,,,,,,,,,,,,,,,,,,,,
375,5000003475,2017,1,1,0,0,0,551,,ORANGE,SC00,RM00,,,,,,,,,0,0,,H,USD,10992.98,0,10992.98,,,,33,TO,33,TO,33,TO,,,,,0,,,0,X,,,,,,NA00,,,,,,,,,,,,2017,,,US00,,0,,0,0,0,,0,2,,,,,,,,,B,,,,0,,,,,0,0,0,,,,,0,,0,0,0,,,,,0,,,,0,0,0,,,,,,,,,,,,,,,,,,,,,,,,,,,,,,,,,,,,,,,,,,,,,,,,,,,,,,,,,,,,,,,,,,,,,,,,,,,,,,,,,,,,,,,,,,,,
375,5000003476,2017,1,1,0,0,0,551,,ORANGE,SC00,RM00,,,,,,,,,0,0,,H,USD,108264.16,0,108264.16,,,,325,TO,325,TO,325,TO,,,,,0,,,0,X,,,,,,NA00,,,,,,,,,,,,2017,,,US00,,0,,0,0,0,,0,2,,,,,,,,,B,,,,0,,,,,0,0,0,,,,,0,,0,0,0,,,,,0,,,,0,0,0,,,,,,,,,,,,,,,,,,,,,,,,,,,,,,,,,,,,,,,,,,,,,,,,,,,,,,,,,,,,,,,,,,,,,,,,,,,,,,,,,,,,,,,,,,,,
375,5000003477,2017,1,1,0,0,0,551,,ORANGE,SC00,RM00,,,,,,,,,0,0,,H,USD,36643.26,0,36643.26,,,,110,TO,110,TO,110,TO,,,,,0,,,0,X,,,,,,NA00,,,,,,,,,,,,2017,,,US00,,0,,0,0,0,,0,2,,,,,,,,,B,,,,0,,,,,0,0,0,,,,,0,,0,0,0,,,,,0,,,,0,0,0,,,,,,,,,,,,,,,,,,,,,,,,,,,,,,,,,,,,,,,,,,,,,,,,,,,,,,,,,,,,,,,,,,,,,,,,,,,,,,,,,,,,,,,,,,,,
375,5000003478,2017,1,1,0,0,0,551,,ORANGE,SC00,RM00,,,,,,,,,0,0,,H,USD,223523.86,0,223523.86,,,,671,TO,671,TO,671,TO,,,,,0,,,0,X,,,,,,NA00,,,,,,,,,,,,2017,,,US00,,0,,0,0,0,,0,2,,,,,,,,,B,,,,0,,,,,0,0,0,,,,,0,,0,0,0,,,,,0,,,,0,0,0,,,,,,,,,,,,,,,,,,,,,,,,,,,,,,,,,,,,,,,,,,,,,,,,,,,,,,,,,,,,,,,,,,,,,,,,,,,,,,,,,,,,,,,,,,,,
375,5000003479,2017,1,1,0,0,0,551,,PALLADIUM,SC00,RM00,,,,,,,,,0,0,,H,USD,5.08,0,5.08,,,,1,G,1,G,1,G,,,,,0,,,0,X,,,,,,NA00,,,,,,,,,,,,2017,,,US00,,0,,0,0,0,,0,2,,,,,,,,,B,,,,0,,,,,0,0,0,,,,,0,,0,0,0,,,,,0,,,,0,0,0,,,,,,,,,,,,,,,,,,,,,,,,,,,,,,,,,,,,,,,,,,,,,,,,,,,,,,,,,,,,,,,,,,,,,,,,,,,,,,,,,,,,,,,,,,,,
375,5000003480,2017,1,1,0,0,0,551,,PALLADIUM,SC00,RM00,,,,,,,,,0,0,,H,USD,15.24,0,15.24,,,,3,G,3,G,3,G,,,,,0,,,0,X,,,,,,NA00,,,,,,,,,,,,2017,,,US00,,0,,0,0,0,,0,2,,,,,,,,,B,,,,0,,,,,0,0,0,,,,,0,,0,0,0,,,,,0,,,,0,0,0,,,,,,,,,,,,,,,,,,,,,,,,,,,,,,,,,,,,,,,,,,,,,,,,,,,,,,,,,,,,,,,,,,,,,,,,,,,,,,,,,,,,,,,,,,,,
375,5000003481,2017,1,1,0,0,0,551,,PALLADIUM,SC00,RM00,,,,,,,,,0,0,,H,USD,25.39,0,25.39,,,,5,G,5,G,5,G,,,,,0,,,0,X,,,,,,NA00,,,,,,,,,,,,2017,,,US00,,0,,0,0,0,,0,2,,,,,,,,,B,,,,0,,,,,0,0,0,,,,,0,,0,0,0,,,,,0,,,,0,0,0,,,,,,,,,,,,,,,,,,,,,,,,,,,,,,,,,,,,,,,,,,,,,,,,,,,,,,,,,,,,,,,,,,,,,,,,,,,,,,,,,,,,,,,,,,,,
375,5000003482,2017,1,1,0,0,0,551,,PALLADIUM,SC00,RM00,,,,,,,,,0,0,,H,USD,5.08,0,5.08,,,,1,G,1,G,1,G,,,,,0,,,0,X,,,,,,NA00,,,,,,,,,,,,2017,,,US00,,0,,0,0,0,,0,2,,,,,,,,,B,,,,0,,,,,0,0,0,,,,,0,,0,0,0,,,,,0,,,,0,0,0,,,,,,,,,,,,,,,,,,,,,,,,,,,,,,,,,,,,,,,,,,,,,,,,,,,,,,,,,,,,,,,,,,,,,,,,,,,,,,,,,,,,,,,,,,,,
375,5000003483,2017,1,1,0,0,0,551,,PALLADIUM,SC00,RM00,,,,,,,,,0,0,,H,USD,50.79,0,50.79,,,,10,G,10,G,10,G,,,,,0,,,0,X,,,,,,NA00,,,,,,,,,,,,2017,,,US00,,0,,0,0,0,,0,2,,,,,,,,,B,,,,0,,,,,0,0,0,,,,,0,,0,0,0,,,,,0,,,,0,0,0,,,,,,,,,,,,,,,,,,,,,,,,,,,,,,,,,,,,,,,,,,,,,,,,,,,,,,,,,,,,,,,,,,,,,,,,,,,,,,,,,,,,,,,,,,,,
375,5000003484,2017,1,1,0,0,0,551,,PALLADIUM,SC00,RM00,,,,,,,,,0,0,,H,USD,15.24,0,15.24,,,,3,G,3,G,3,G,,,,,0,,,0,X,,,,,,NA00,,,,,,,,,,,,2017,,,US00,,0,,0,0,0,,0,2,,,,,,,,,B,,,,0,,,,,0,0,0,,,,,0,,0,0,0,,,,,0,,,,0,0,0,,,,,,,,,,,,,,,,,,,,,,,,,,,,,,,,,,,,,,,,,,,,,,,,,,,,,,,,,,,,,,,,,,,,,,,,,,,,,,,,,,,,,,,,,,,,
375,5000003485,2017,1,1,0,0,0,551,,PALLADIUM,SC00,RM00,,,,,,,,,0,0,,H,USD,10.16,0,10.16,,,,2,G,2,G,2,G,,,,,0,,,0,X,,,,,,NA00,,,,,,,,,,,,2017,,,US00,,0,,0,0,0,,0,2,,,,,,,,,B,,,,0,,,,,0,0,0,,,,,0,,0,0,0,,,,,0,,,,0,0,0,,,,,,,,,,,,,,,,,,,,,,,,,,,,,,,,,,,,,,,,,,,,,,,,,,,,,,,,,,,,,,,,,,,,,,,,,,,,,,,,,,,,,,,,,,,,
375,5000003486,2017,1,1,0,0,0,551,,PAPER,SC00,RM00,,,,,,,,,0,0,,H,USD,0.24,0,0.24,,,,96,LB,96,LB,96,LB,,,,,0,,,0,X,,,,,,NA00,,,,,,,,,,,,2017,,,US00,,0,,0,0,0,,0,2,,,,,,,,,B,,,,0,,,,,0,0,0,,,,,0,,0,0,0,,,,,0,,,,0,0,0,,,,,,,,,,,,,,,,,,,,,,,,,,,,,,,,,,,,,,,,,,,,,,,,,,,,,,,,,,,,,,,,,,,,,,,,,,,,,,,,,,,,,,,,,,,,
375,5000003487,2017,1,1,0,0,0,551,,PAPER,SC00,RM00,,,,,,,,,0,0,,H,USD,0.06,0,0.06,,,,23,LB,23,LB,23,LB,,,,,0,,,0,X,,,,,,NA00,,,,,,,,,,,,2017,,,US00,,0,,0,0,0,,0,2,,,,,,,,,B,,,,0,,,,,0,0,0,,,,,0,,0,0,0,,,,,0,,,,0,0,0,,,,,,,,,,,,,,,,,,,,,,,,,,,,,,,,,,,,,,,,,,,,,,,,,,,,,,,,,,,,,,,,,,,,,,,,,,,,,,,,,,,,,,,,,,,,
375,5000003488,2017,1,1,0,0,0,551,,ROMANIAN RUBY,SC00,RM00,,,,,,,,,0,0,,H,USD,7076.25,0,7076.25,,,,1,G,1,G,1,G,,,,,0,,,0,X,,,,,,NA00,,,,,,,,,,,,2017,,,US00,,0,,0,0,0,,0,2,,,,,,,,,B,,,,0,,,,,0,0,0,,,,,0,,0,0,0,,,,,0,,,,0,0,0,,,,,,,,,,,,,,,,,,,,,,,,,,,,,,,,,,,,,,,,,,,,,,,,,,,,,,,,,,,,,,,,,,,,,,,,,,,,,,,,,,,,,,,,,,,,
375,5000003489,2017,1,1,0,0,0,551,,ROMANIAN RUBY,SC00,RM00,,,,,,,,,0,0,,H,USD,28304.99,0,28304.99,,,,4,G,4,G,4,G,,,,,0,,,0,X,,,,,,NA00,,,,,,,,,,,,2017,,,US00,,0,,0,0,0,,0,2,,,,,,,,,B,,,,0,,,,,0,0,0,,,,,0,,0,0,0,,,,,0,,,,0,0,0,,,,,,,,,,,,,,,,,,,,,,,,,,,,,,,,,,,,,,,,,,,,,,,,,,,,,,,,,,,,,,,,,,,,,,,,,,,,,,,,,,,,,,,,,,,,
375,5000003490,2017,1,1,0,0,0,551,,ROMANIAN RUBY,SC00,RM00,,,,,,,,,0,0,,H,USD,35381.24,0,35381.24,,,,5,G,5,G,5,G,,,,,0,,,0,X,,,,,,NA00,,,,,,,,,,,,2017,,,US00,,0,,0,0,0,,0,2,,,,,,,,,B,,,,0,,,,,0,0,0,,,,,0,,0,0,0,,,,,0,,,,0,0,0,,,,,,,,,,,,,,,,,,,,,,,,,,,,,,,,,,,,,,,,,,,,,,,,,,,,,,,,,,,,,,,,,,,,,,,,,,,,,,,,,,,,,,,,,,,,
375,5000003491,2017,1,1,0,0,0,551,,ROMANIAN RUBY,SC00,RM00,,,,,,,,,0,0,,H,USD,283049.94,0,283049.94,,,,40,G,40,G,40,G,,,,,0,,,0,X,,,,,,NA00,,,,,,,,,,,,2017,,,US00,,0,,0,0,0,,0,2,,,,,,,,,B,,,,0,,,,,0,0,0,,,,,0,,0,0,0,,,,,0,,,,0,0,0,,,,,,,,,,,,,,,,,,,,,,,,,,,,,,,,,,,,,,,,,,,,,,,,,,,,,,,,,,,,,,,,,,,,,,,,,,,,,,,,,,,,,,,,,,,,
375,5000003492,2017,1,1,0,0,0,551,,ROMANIAN RUBY,SC00,RM00,,,,,,,,,0,0,,H,USD,56609.99,0,56609.99,,,,8,G,8,G,8,G,,,,,0,,,0,X,,,,,,NA00,,,,,,,,,,,,2017,,,US00,,0,,0,0,0,,0,2,,,,,,,,,B,,,,0,,,,,0,0,0,,,,,0,,0,0,0,,,,,0,,,,0,0,0,,,,,,,,,,,,,,,,,,,,,,,,,,,,,,,,,,,,,,,,,,,,,,,,,,,,,,,,,,,,,,,,,,,,,,,,,,,,,,,,,,,,,,,,,,,,
375,5000003493,2017,1,1,0,0,0,551,,ROMANIAN RUBY,SC00,RM00,,,,,,,,,0,0,,H,USD,7076.25,0,7076.25,,,,1,G,1,G,1,G,,,,,0,,,0,X,,,,,,NA00,,,,,,,,,,,,2017,,,US00,,0,,0,0,0,,0,2,,,,,,,,,B,,,,0,,,,,0,0,0,,,,,0,,0,0,0,,,,,0,,,,0,0,0,,,,,,,,,,,,,,,,,,,,,,,,,,,,,,,,,,,,,,,,,,,,,,,,,,,,,,,,,,,,,,,,,,,,,,,,,,,,,,,,,,,,,,,,,,,,
375,5000003494,2017,1,1,0,0,0,551,,ROMANIAN RUBY,SC00,RM00,,,,,,,,,0,0,,H,USD,49533.74,0,49533.74,,,,7,G,7,G,7,G,,,,,0,,,0,X,,,,,,NA00,,,,,,,,,,,,2017,,,US00,,0,,0,0,0,,0,2,,,,,,,,,B,,,,0,,,,,0,0,0,,,,,0,,0,0,0,,,,,0,,,,0,0,0,,,,,,,,,,,,,,,,,,,,,,,,,,,,,,,,,,,,,,,,,,,,,,,,,,,,,,,,,,,,,,,,,,,,,,,,,,,,,,,,,,,,,,,,,,,,
375,5000003495,2017,1,1,0,0,0,551,,ROMANIAN RUBY,SC00,RM00,,,,,,,,,0,0,,H,USD,84914.98,0,84914.98,,,,12,G,12,G,12,G,,,,,0,,,0,X,,,,,,NA00,,,,,,,,,,,,2017,,,US00,,0,,0,0,0,,0,2,,,,,,,,,B,,,,0,,,,,0,0,0,,,,,0,,0,0,0,,,,,0,,,,0,0,0,,,,,,,,,,,,,,,,,,,,,,,,,,,,,,,,,,,,,,,,,,,,,,,,,,,,,,,,,,,,,,,,,,,,,,,,,,,,,,,,,,,,,,,,,,,,
375,5000003496,2017,1,1,0,0,0,551,,ROMANIAN RUBY,SC00,RM00,,,,,,,,,0,0,,H,USD,14152.50,0,14152.50,,,,2,G,2,G,2,G,,,,,0,,,0,X,,,,,,NA00,,,,,,,,,,,,2017,,,US00,,0,,0,0,0,,0,2,,,,,,,,,B,,,,0,,,,,0,0,0,,,,,0,,0,0,0,,,,,0,,,,0,0,0,,,,,,,,,,,,,,,,,,,,,,,,,,,,,,,,,,,,,,,,,,,,,,,,,,,,,,,,,,,,,,,,,,,,,,,,,,,,,,,,,,,,,,,,,,,,
375,5000003497,2017,1,1,0,0,0,551,,ROMANIAN RUBY,SC00,RM00,,,,,,,,,0,0,,H,USD,49533.74,0,49533.74,,,,7,G,7,G,7,G,,,,,0,,,0,X,,,,,,NA00,,,,,,,,,,,,2017,,,US00,,0,,0,0,0,,0,2,,,,,,,,,B,,,,0,,,,,0,0,0,,,,,0,,0,0,0,,,,,0,,,,0,0,0,,,,,,,,,,,,,,,,,,,,,,,,,,,,,,,,,,,,,,,,,,,,,,,,,,,,,,,,,,,,,,,,,,,,,,,,,,,,,,,,,,,,,,,,,,,,
375,5000003498,2017,1,1,0,0,0,551,,ROMANIAN RUBY,SC00,RM00,,,,,,,,,0,0,,H,USD,56609.99,0,56609.99,,,,8,G,8,G,8,G,,,,,0,,,0,X,,,,,,NA00,,,,,,,,,,,,2017,,,US00,,0,,0,0,0,,0,2,,,,,,,,,B,,,,0,,,,,0,0,0,,,,,0,,0,0,0,,,,,0,,,,0,0,0,,,,,,,,,,,,,,,,,,,,,,,,,,,,,,,,,,,,,,,,,,,,,,,,,,,,,,,,,,,,,,,,,,,,,,,,,,,,,,,,,,,,,,,,,,,,
375,5000003499,2017,1,1,0,0,0,551,,ROMANIAN RUBY,SC00,RM00,,,,,,,,,0,0,,H,USD,14152.50,0,14152.50,,,,2,G,2,G,2,G,,,,,0,,,0,X,,,,,,NA00,,,,,,,,,,,,2017,,,US00,,0,,0,0,0,,0,2,,,,,,,,,B,,,,0,,,,,0,0,0,,,,,0,,0,0,0,,,,,0,,,,0,0,0,,,,,,,,,,,,,,,,,,,,,,,,,,,,,,,,,,,,,,,,,,,,,,,,,,,,,,,,,,,,,,,,,,,,,,,,,,,,,,,,,,,,,,,,,,,,
375,5000003500,2017,1,1,0,0,0,551,,ROSE ESSENTIAL OIL,SC00,RM00,,,,,,,,,0,0,,H,USD,68.69,0,68.69,,,,22,L,22,L,22,L,,,,,0,,,0,X,,,,,,NA00,,,,,,,,,,,,2017,,,US00,,0,,0,0,0,,0,2,,,,,,,,,B,,,,0,,,,,0,0,0,,,,,0,,0,0,0,,,,,0,,,,0,0,0,,,,,,,,,,,,,,,,,,,,,,,,,,,,,,,,,,,,,,,,,,,,,,,,,,,,,,,,,,,,,,,,,,,,,,,,,,,,,,,,,,,,,,,,,,,,
375,5000003501,2017,1,1,0,0,0,551,,ROSE ESSENTIAL OIL,SC00,RM00,,,,,,,,,0,0,,H,USD,6.24,0,6.24,,,,2,L,2,L,2,L,,,,,0,,,0,X,,,,,,NA00,,,,,,,,,,,,2017,,,US00,,0,,0,0,0,,0,2,,,,,,,,,B,,,,0,,,,,0,0,0,,,,,0,,0,0,0,,,,,0,,,,0,0,0,,,,,,,,,,,,,,,,,,,,,,,,,,,,,,,,,,,,,,,,,,,,,,,,,,,,,,,,,,,,,,,,,,,,,,,,,,,,,,,,,,,,,,,,,,,,
375,5000003502,2017,1,1,0,0,0,551,,ROSE ESSENTIAL OIL,SC00,RM00,,,,,,,,,0,0,,H,USD,49.96,0,49.96,,,,16,L,16,L,16,L,,,,,0,,,0,X,,,,,,NA00,,,,,,,,,,,,2017,,,US00,,0,,0,0,0,,0,2,,,,,,,,,B,,,,0,,,,,0,0,0,,,,,0,,0,0,0,,,,,0,,,,0,0,0,,,,,,,,,,,,,,,,,,,,,,,,,,,,,,,,,,,,,,,,,,,,,,,,,,,,,,,,,,,,,,,,,,,,,,,,,,,,,,,,,,,,,,,,,,,,
375,5000003503,2017,1,1,0,0,0,551,,ROSE ESSENTIAL OIL,SC00,RM00,,,,,,,,,0,0,,H,USD,6.24,0,6.24,,,,2,L,2,L,2,L,,,,,0,,,0,X,,,,,,NA00,,,,,,,,,,,,2017,,,US00,,0,,0,0,0,,0,2,,,,,,,,,B,,,,0,,,,,0,0,0,,,,,0,,0,0,0,,,,,0,,,,0,0,0,,,,,,,,,,,,,,,,,,,,,,,,,,,,,,,,,,,,,,,,,,,,,,,,,,,,,,,,,,,,,,,,,,,,,,,,,,,,,,,,,,,,,,,,,,,,
375,5000003504,2017,1,1,0,0,0,551,,ROSE ESSENTIAL OIL,SC00,RM00,,,,,,,,,0,0,,H,USD,28.10,0,28.10,,,,9,L,9,L,9,L,,,,,0,,,0,X,,,,,,NA00,,,,,,,,,,,,2017,,,US00,,0,,0,0,0,,0,2,,,,,,,,,B,,,,0,,,,,0,0,0,,,,,0,,0,0,0,,,,,0,,,,0,0,0,,,,,,,,,,,,,,,,,,,,,,,,,,,,,,,,,,,,,,,,,,,,,,,,,,,,,,,,,,,,,,,,,,,,,,,,,,,,,,,,,,,,,,,,,,,,
375,5000003505,2017,1,1,0,0,0,551,,ROSE ESSENTIAL OIL,SC00,RM00,,,,,,,,,0,0,,H,USD,3.12,0,3.12,,,,1,L,1,L,1,L,,,,,0,,,0,X,,,,,,NA00,,,,,,,,,,,,2017,,,US00,,0,,0,0,0,,0,2,,,,,,,,,B,,,,0,,,,,0,0,0,,,,,0,,0,0,0,,,,,0,,,,0,0,0,,,,,,,,,,,,,,,,,,,,,,,,,,,,,,,,,,,,,,,,,,,,,,,,,,,,,,,,,,,,,,,,,,,,,,,,,,,,,,,,,,,,,,,,,,,,
375,5000003506,2017,1,1,0,0,0,551,,ROSE ESSENTIAL OIL,SC00,RM00,,,,,,,,,0,0,,H,USD,43.71,0,43.71,,,,14,L,14,L,14,L,,,,,0,,,0,X,,,,,,NA00,,,,,,,,,,,,2017,,,US00,,0,,0,0,0,,0,2,,,,,,,,,B,,,,0,,,,,0,0,0,,,,,0,,0,0,0,,,,,0,,,,0,0,0,,,,,,,,,,,,,,,,,,,,,,,,,,,,,,,,,,,,,,,,,,,,,,,,,,,,,,,,,,,,,,,,,,,,,,,,,,,,,,,,,,,,,,,,,,,,
375,5000003507,2017,1,1,0,0,0,551,,ROSE ESSENTIAL OIL,SC00,RM00,,,,,,,,,0,0,,H,USD,6.24,0,6.24,,,,2,L,2,L,2,L,,,,,0,,,0,X,,,,,,NA00,,,,,,,,,,,,2017,,,US00,,0,,0,0,0,,0,2,,,,,,,,,B,,,,0,,,,,0,0,0,,,,,0,,0,0,0,,,,,0,,,,0,0,0,,,,,,,,,,,,,,,,,,,,,,,,,,,,,,,,,,,,,,,,,,,,,,,,,,,,,,,,,,,,,,,,,,,,,,,,,,,,,,,,,,,,,,,,,,,,
375,5000003508,2017,1,1,0,0,0,551,,ROSE ESSENTIAL OIL,SC00,RM00,,,,,,,,,0,0,,H,USD,12.49,0,12.49,,,,4,L,4,L,4,L,,,,,0,,,0,X,,,,,,NA00,,,,,,,,,,,,2017,,,US00,,0,,0,0,0,,0,2,,,,,,,,,B,,,,0,,,,,0,0,0,,,,,0,,0,0,0,,,,,0,,,,0,0,0,,,,,,,,,,,,,,,,,,,,,,,,,,,,,,,,,,,,,,,,,,,,,,,,,,,,,,,,,,,,,,,,,,,,,,,,,,,,,,,,,,,,,,,,,,,,
375,5000003509,2017,1,1,0,0,0,551,,ROSE ESSENTIAL OIL,SC00,RM00,,,,,,,,,0,0,,H,USD,34.34,0,34.34,,,,11,L,11,L,11,L,,,,,0,,,0,X,,,,,,NA00,,,,,,,,,,,,2017,,,US00,,0,,0,0,0,,0,2,,,,,,,,,B,,,,0,,,,,0,0,0,,,,,0,,0,0,0,,,,,0,,,,0,0,0,,,,,,,,,,,,,,,,,,,,,,,,,,,,,,,,,,,,,,,,,,,,,,,,,,,,,,,,,,,,,,,,,,,,,,,,,,,,,,,,,,,,,,,,,,,,
375,5000003510,2017,1,1,0,0,0,551,,ROSE ESSENTIAL OIL,SC00,RM00,,,,,,,,,0,0,,H,USD,3.12,0,3.12,,,,1,L,1,L,1,L,,,,,0,,,0,X,,,,,,NA00,,,,,,,,,,,,2017,,,US00,,0,,0,0,0,,0,2,,,,,,,,,B,,,,0,,,,,0,0,0,,,,,0,,0,0,0,,,,,0,,,,0,0,0,,,,,,,,,,,,,,,,,,,,,,,,,,,,,,,,,,,,,,,,,,,,,,,,,,,,,,,,,,,,,,,,,,,,,,,,,,,,,,,,,,,,,,,,,,,,
375,5000003511,2017,1,1,0,0,0,551,,RUBY,SC00,RM00,,,,,,,,,0,0,,H,USD,1162.79,0,1162.79,,,,2,G,2,G,2,G,,,,,0,,,0,X,,,,,,NA00,,,,,,,,,,,,2017,,,US00,,0,,0,0,0,,0,2,,,,,,,,,B,,,,0,,,,,0,0,0,,,,,0,,0,0,0,,,,,0,,,,0,0,0,,,,,,,,,,,,,,,,,,,,,,,,,,,,,,,,,,,,,,,,,,,,,,,,,,,,,,,,,,,,,,,,,,,,,,,,,,,,,,,,,,,,,,,,,,,,
375,5000003512,2017,1,1,0,0,0,551,,RUSSIAN RUBY,SC00,RM00,,,,,,,,,0,0,,H,USD,51317.76,0,51317.76,,,,17,G,17,G,17,G,,,,,0,,,0,X,,,,,,NA00,,,,,,,,,,,,2017,,,US00,,0,,0,0,0,,0,2,,,,,,,,,B,,,,0,,,,,0,0,0,,,,,0,,0,0,0,,,,,0,,,,0,0,0,,,,,,,,,,,,,,,,,,,,,,,,,,,,,,,,,,,,,,,,,,,,,,,,,,,,,,,,,,,,,,,,,,,,,,,,,,,,,,,,,,,,,,,,,,,,
375,5000003513,2017,1,1,0,0,0,551,,RUSSIAN RUBY,SC00,RM00,,,,,,,,,0,0,,H,USD,30186.92,0,30186.92,,,,10,G,10,G,10,G,,,,,0,,,0,X,,,,,,NA00,,,,,,,,,,,,2017,,,US00,,0,,0,0,0,,0,2,,,,,,,,,B,,,,0,,,,,0,0,0,,,,,0,,0,0,0,,,,,0,,,,0,0,0,,,,,,,,,,,,,,,,,,,,,,,,,,,,,,,,,,,,,,,,,,,,,,,,,,,,,,,,,,,,,,,,,,,,,,,,,,,,,,,,,,,,,,,,,,,,
375,5000003514,2017,1,1,0,0,0,551,,RUSSIAN RUBY,SC00,RM00,,,,,,,,,0,0,,H,USD,27168.22,0,27168.22,,,,9,G,9,G,9,G,,,,,0,,,0,X,,,,,,NA00,,,,,,,,,,,,2017,,,US00,,0,,0,0,0,,0,2,,,,,,,,,B,,,,0,,,,,0,0,0,,,,,0,,0,0,0,,,,,0,,,,0,0,0,,,,,,,,,,,,,,,,,,,,,,,,,,,,,,,,,,,,,,,,,,,,,,,,,,,,,,,,,,,,,,,,,,,,,,,,,,,,,,,,,,,,,,,,,,,,
375,5000003515,2017,1,1,0,0,0,551,,RUSSIAN RUBY,SC00,RM00,,,,,,,,,0,0,,H,USD,3018.69,0,3018.69,,,,1,G,1,G,1,G,,,,,0,,,0,X,,,,,,NA00,,,,,,,,,,,,2017,,,US00,,0,,0,0,0,,0,2,,,,,,,,,B,,,,0,,,,,0,0,0,,,,,0,,0,0,0,,,,,0,,,,0,0,0,,,,,,,,,,,,,,,,,,,,,,,,,,,,,,,,,,,,,,,,,,,,,,,,,,,,,,,,,,,,,,,,,,,,,,,,,,,,,,,,,,,,,,,,,,,,
375,5000003516,2017,1,1,0,0,0,551,,RUSSIAN RUBY,SC00,RM00,,,,,,,,,0,0,,H,USD,39242.99,0,39242.99,,,,13,G,13,G,13,G,,,,,0,,,0,X,,,,,,NA00,,,,,,,,,,,,2017,,,US00,,0,,0,0,0,,0,2,,,,,,,,,B,,,,0,,,,,0,0,0,,,,,0,,0,0,0,,,,,0,,,,0,0,0,,,,,,,,,,,,,,,,,,,,,,,,,,,,,,,,,,,,,,,,,,,,,,,,,,,,,,,,,,,,,,,,,,,,,,,,,,,,,,,,,,,,,,,,,,,,
375,5000003517,2017,1,1,0,0,0,551,,RUSSIAN RUBY,SC00,RM00,,,,,,,,,0,0,,H,USD,21130.84,0,21130.84,,,,7,G,7,G,7,G,,,,,0,,,0,X,,,,,,NA00,,,,,,,,,,,,2017,,,US00,,0,,0,0,0,,0,2,,,,,,,,,B,,,,0,,,,,0,0,0,,,,,0,,0,0,0,,,,,0,,,,0,0,0,,,,,,,,,,,,,,,,,,,,,,,,,,,,,,,,,,,,,,,,,,,,,,,,,,,,,,,,,,,,,,,,,,,,,,,,,,,,,,,,,,,,,,,,,,,,
375,5000003518,2017,1,1,0,0,0,551,,RUSSIAN RUBY,SC00,RM00,,,,,,,,,0,0,,H,USD,81504.67,0,81504.67,,,,27,G,27,G,27,G,,,,,0,,,0,X,,,,,,NA00,,,,,,,,,,,,2017,,,US00,,0,,0,0,0,,0,2,,,,,,,,,B,,,,0,,,,,0,0,0,,,,,0,,0,0,0,,,,,0,,,,0,0,0,,,,,,,,,,,,,,,,,,,,,,,,,,,,,,,,,,,,,,,,,,,,,,,,,,,,,,,,,,,,,,,,,,,,,,,,,,,,,,,,,,,,,,,,,,,,
375,5000003519,2017,1,1,0,0,0,551,,SA SAPPHIRE,SC00,RM00,,,,,,,,,0,0,,H,USD,9720.33,0,9720.33,,,,3,G,3,G,3,G,,,,,0,,,0,X,,,,,,NA00,,,,,,,,,,,,2017,,,US00,,0,,0,0,0,,0,2,,,,,,,,,B,,,,0,,,,,0,0,0,,,,,0,,0,0,0,,,,,0,,,,0,0,0,,,,,,,,,,,,,,,,,,,,,,,,,,,,,,,,,,,,,,,,,,,,,,,,,,,,,,,,,,,,,,,,,,,,,,,,,,,,,,,,,,,,,,,,,,,,
375,5000003520,2017,1,1,0,0,0,551,,SA SAPPHIRE,SC00,RM00,,,,,,,,,0,0,,H,USD,6480.22,0,6480.22,,,,2,G,2,G,2,G,,,,,0,,,0,X,,,,,,NA00,,,,,,,,,,,,2017,,,US00,,0,,0,0,0,,0,2,,,,,,,,,B,,,,0,,,,,0,0,0,,,,,0,,0,0,0,,,,,0,,,,0,0,0,,,,,,,,,,,,,,,,,,,,,,,,,,,,,,,,,,,,,,,,,,,,,,,,,,,,,,,,,,,,,,,,,,,,,,,,,,,,,,,,,,,,,,,,,,,,
375,5000003521,2017,1,1,0,0,0,551,,SA SAPPHIRE,SC00,RM00,,,,,,,,,0,0,,H,USD,9720.33,0,9720.33,,,,3,G,3,G,3,G,,,,,0,,,0,X,,,,,,NA00,,,,,,,,,,,,2017,,,US00,,0,,0,0,0,,0,2,,,,,,,,,B,,,,0,,,,,0,0,0,,,,,0,,0,0,0,,,,,0,,,,0,0,0,,,,,,,,,,,,,,,,,,,,,,,,,,,,,,,,,,,,,,,,,,,,,,,,,,,,,,,,,,,,,,,,,,,,,,,,,,,,,,,,,,,,,,,,,,,,
375,5000003522,2017,1,1,0,0,0,551,,SA SAPPHIRE,SC00,RM00,,,,,,,,,0,0,,H,USD,6480.22,0,6480.22,,,,2,G,2,G,2,G,,,,,0,,,0,X,,,,,,NA00,,,,,,,,,,,,2017,,,US00,,0,,0,0,0,,0,2,,,,,,,,,B,,,,0,,,,,0,0,0,,,,,0,,0,0,0,,,,,0,,,,0,0,0,,,,,,,,,,,,,,,,,,,,,,,,,,,,,,,,,,,,,,,,,,,,,,,,,,,,,,,,,,,,,,,,,,,,,,,,,,,,,,,,,,,,,,,,,,,,
375,5000003523,2017,1,1,0,0,0,551,,SA SAPPHIRE,SC00,RM00,,,,,,,,,0,0,,H,USD,32401.09,0,32401.09,,,,10,G,10,G,10,G,,,,,0,,,0,X,,,,,,NA00,,,,,,,,,,,,2017,,,US00,,0,,0,0,0,,0,2,,,,,,,,,B,,,,0,,,,,0,0,0,,,,,0,,0,0,0,,,,,0,,,,0,0,0,,,,,,,,,,,,,,,,,,,,,,,,,,,,,,,,,,,,,,,,,,,,,,,,,,,,,,,,,,,,,,,,,,,,,,,,,,,,,,,,,,,,,,,,,,,,
375,5000003524,2017,1,1,0,0,0,551,,SA SAPPHIRE,SC00,RM00,,,,,,,,,0,0,,H,USD,58321.97,0,58321.97,,,,18,G,18,G,18,G,,,,,0,,,0,X,,,,,,NA00,,,,,,,,,,,,2017,,,US00,,0,,0,0,0,,0,2,,,,,,,,,B,,,,0,,,,,0,0,0,,,,,0,,0,0,0,,,,,0,,,,0,0,0,,,,,,,,,,,,,,,,,,,,,,,,,,,,,,,,,,,,,,,,,,,,,,,,,,,,,,,,,,,,,,,,,,,,,,,,,,,,,,,,,,,,,,,,,,,,
375,5000003525,2017,1,1,0,0,0,551,,SA SAPPHIRE,SC00,RM00,,,,,,,,,0,0,,H,USD,181446.13,0,181446.13,,,,56,G,56,G,56,G,,,,,0,,,0,X,,,,,,NA00,,,,,,,,,,,,2017,,,US00,,0,,0,0,0,,0,2,,,,,,,,,B,,,,0,,,,,0,0,0,,,,,0,,0,0,0,,,,,0,,,,0,0,0,,,,,,,,,,,,,,,,,,,,,,,,,,,,,,,,,,,,,,,,,,,,,,,,,,,,,,,,,,,,,,,,,,,,,,,,,,,,,,,,,,,,,,,,,,,,
375,5000003526,2017,1,1,0,0,0,551,,SA SAPPHIRE,SC00,RM00,,,,,,,,,0,0,,H,USD,12960.44,0,12960.44,,,,4,G,4,G,4,G,,,,,0,,,0,X,,,,,,NA00,,,,,,,,,,,,2017,,,US00,,0,,0,0,0,,0,2,,,,,,,,,B,,,,0,,,,,0,0,0,,,,,0,,0,0,0,,,,,0,,,,0,0,0,,,,,,,,,,,,,,,,,,,,,,,,,,,,,,,,,,,,,,,,,,,,,,,,,,,,,,,,,,,,,,,,,,,,,,,,,,,,,,,,,,,,,,,,,,,,
375,5000003527,2017,1,1,0,0,0,551,,SA SAPPHIRE,SC00,RM00,,,,,,,,,0,0,,H,USD,71282.41,0,71282.41,,,,22,G,22,G,22,G,,,,,0,,,0,X,,,,,,NA00,,,,,,,,,,,,2017,,,US00,,0,,0,0,0,,0,2,,,,,,,,,B,,,,0,,,,,0,0,0,,,,,0,,0,0,0,,,,,0,,,,0,0,0,,,,,,,,,,,,,,,,,,,,,,,,,,,,,,,,,,,,,,,,,,,,,,,,,,,,,,,,,,,,,,,,,,,,,,,,,,,,,,,,,,,,,,,,,,,,
375,5000003528,2017,1,1,0,0,0,551,,SILVER,SC00,RM00,,,,,,,,,0,0,,H,USD,236.36,0,236.36,,,,12,LB,12,LB,12,LB,,,,,0,,,0,X,,,,,,NA00,,,,,,,,,,,,2017,,,US00,,0,,0,0,0,,0,2,,,,,,,,,B,,,,0,,,,,0,0,0,,,,,0,,0,0,0,,,,,0,,,,0,0,0,,,,,,,,,,,,,,,,,,,,,,,,,,,,,,,,,,,,,,,,,,,,,,,,,,,,,,,,,,,,,,,,,,,,,,,,,,,,,,,,,,,,,,,,,,,,
375,5000003529,2017,1,1,0,0,0,551,,SILVER,SC00,RM00,,,,,,,,,0,0,,H,USD,19.70,0,19.70,,,,1,LB,1,LB,1,LB,,,,,0,,,0,X,,,,,,NA00,,,,,,,,,,,,2017,,,US00,,0,,0,0,0,,0,2,,,,,,,,,B,,,,0,,,,,0,0,0,,,,,0,,0,0,0,,,,,0,,,,0,0,0,,,,,,,,,,,,,,,,,,,,,,,,,,,,,,,,,,,,,,,,,,,,,,,,,,,,,,,,,,,,,,,,,,,,,,,,,,,,,,,,,,,,,,,,,,,,
375,5000003530,2017,1,1,0,0,0,551,,SILVER,SC00,RM00,,,,,,,,,0,0,,H,USD,78.79,0,78.79,,,,4,LB,4,LB,4,LB,,,,,0,,,0,X,,,,,,NA00,,,,,,,,,,,,2017,,,US00,,0,,0,0,0,,0,2,,,,,,,,,B,,,,0,,,,,0,0,0,,,,,0,,0,0,0,,,,,0,,,,0,0,0,,,,,,,,,,,,,,,,,,,,,,,,,,,,,,,,,,,,,,,,,,,,,,,,,,,,,,,,,,,,,,,,,,,,,,,,,,,,,,,,,,,,,,,,,,,,
375,5000003531,2017,1,1,0,0,0,551,,SILVER,SC00,RM00,,,,,,,,,0,0,,H,USD,39.39,0,39.39,,,,2,LB,2,LB,2,LB,,,,,0,,,0,X,,,,,,NA00,,,,,,,,,,,,2017,,,US00,,0,,0,0,0,,0,2,,,,,,,,,B,,,,0,,,,,0,0,0,,,,,0,,0,0,0,,,,,0,,,,0,0,0,,,,,,,,,,,,,,,,,,,,,,,,,,,,,,,,,,,,,,,,,,,,,,,,,,,,,,,,,,,,,,,,,,,,,,,,,,,,,,,,,,,,,,,,,,,,
375,5000003532,2017,1,1,0,0,0,551,,SILVER,SC00,RM00,,,,,,,,,0,0,,H,USD,59.09,0,59.09,,,,3,LB,3,LB,3,LB,,,,,0,,,0,X,,,,,,NA00,,,,,,,,,,,,2017,,,US00,,0,,0,0,0,,0,2,,,,,,,,,B,,,,0,,,,,0,0,0,,,,,0,,0,0,0,,,,,0,,,,0,0,0,,,,,,,,,,,,,,,,,,,,,,,,,,,,,,,,,,,,,,,,,,,,,,,,,,,,,,,,,,,,,,,,,,,,,,,,,,,,,,,,,,,,,,,,,,,,
375,5000003533,2017,1,1,0,0,0,551,,SILVER,SC00,RM00,,,,,,,,,0,0,,H,USD,59.09,0,59.09,,,,3,LB,3,LB,3,LB,,,,,0,,,0,X,,,,,,NA00,,,,,,,,,,,,2017,,,US00,,0,,0,0,0,,0,2,,,,,,,,,B,,,,0,,,,,0,0,0,,,,,0,,0,0,0,,,,,0,,,,0,0,0,,,,,,,,,,,,,,,,,,,,,,,,,,,,,,,,,,,,,,,,,,,,,,,,,,,,,,,,,,,,,,,,,,,,,,,,,,,,,,,,,,,,,,,,,,,,
375,5000003534,2017,1,1,0,0,0,551,,SILVER,SC00,RM00,,,,,,,,,0,0,,H,USD,78.79,0,78.79,,,,4,LB,4,LB,4,LB,,,,,0,,,0,X,,,,,,NA00,,,,,,,,,,,,2017,,,US00,,0,,0,0,0,,0,2,,,,,,,,,B,,,,0,,,,,0,0,0,,,,,0,,0,0,0,,,,,0,,,,0,0,0,,,,,,,,,,,,,,,,,,,,,,,,,,,,,,,,,,,,,,,,,,,,,,,,,,,,,,,,,,,,,,,,,,,,,,,,,,,,,,,,,,,,,,,,,,,,
375,5000003535,2017,1,1,0,0,0,551,,SILVER,SC00,RM00,,,,,,,,,0,0,,H,USD,118.18,0,118.18,,,,6,LB,6,LB,6,LB,,,,,0,,,0,X,,,,,,NA00,,,,,,,,,,,,2017,,,US00,,0,,0,0,0,,0,2,,,,,,,,,B,,,,0,,,,,0,0,0,,,,,0,,0,0,0,,,,,0,,,,0,0,0,,,,,,,,,,,,,,,,,,,,,,,,,,,,,,,,,,,,,,,,,,,,,,,,,,,,,,,,,,,,,,,,,,,,,,,,,,,,,,,,,,,,,,,,,,,,
375,5000003536,2017,1,1,0,0,0,551,,SWISS SAPPHIRE,SC00,RM00,,,,,,,,,0,0,,H,USD,18975.33,0,18975.33,,,,1,G,1,G,1,G,,,,,0,,,0,X,,,,,,NA00,,,,,,,,,,,,2017,,,US00,,0,,0,0,0,,0,2,,,,,,,,,B,,,,0,,,,,0,0,0,,,,,0,,0,0,0,,,,,0,,,,0,0,0,,,,,,,,,,,,,,,,,,,,,,,,,,,,,,,,,,,,,,,,,,,,,,,,,,,,,,,,,,,,,,,,,,,,,,,,,,,,,,,,,,,,,,,,,,,,
375,5000003537,2017,1,1,0,0,0,551,,TEST,SC00,RM00,,,,,,,,,0,0,,H,USD,353.72,0,353.72,,,,40,LB,40,LB,40,LB,,,,,0,,,0,X,,,,,,NA00,,,,,,,,,,,,2017,,,US00,,0,,0,0,0,,0,2,,,,,,,,,B,,,,0,,,,,0,0,0,,,,,0,,0,0,0,,,,,0,,,,0,0,0,,,,,,,,,,,,,,,,,,,,,,,,,,,,,,,,,,,,,,,,,,,,,,,,,,,,,,,,,,,,,,,,,,,,,,,,,,,,,,,,,,,,,,,,,,,,
375,5000003538,2017,1,1,0,0,0,551,,TEST,SC00,RM00,,,,,,,,,0,0,,H,USD,1264.54,0,1264.54,,,,143,LB,143,LB,143,LB,,,,,0,,,0,X,,,,,,NA00,,,,,,,,,,,,2017,,,US00,,0,,0,0,0,,0,2,,,,,,,,,B,,,,0,,,,,0,0,0,,,,,0,,0,0,0,,,,,0,,,,0,0,0,,,,,,,,,,,,,,,,,,,,,,,,,,,,,,,,,,,,,,,,,,,,,,,,,,,,,,,,,,,,,,,,,,,,,,,,,,,,,,,,,,,,,,,,,,,,
375,5000003539,2017,1,1,0,0,0,551,,TEST,SC00,RM00,,,,,,,,,0,0,,H,USD,707.43,0,707.43,,,,80,LB,80,LB,80,LB,,,,,0,,,0,X,,,,,,NA00,,,,,,,,,,,,2017,,,US00,,0,,0,0,0,,0,2,,,,,,,,,B,,,,0,,,,,0,0,0,,,,,0,,0,0,0,,,,,0,,,,0,0,0,,,,,,,,,,,,,,,,,,,,,,,,,,,,,,,,,,,,,,,,,,,,,,,,,,,,,,,,,,,,,,,,,,,,,,,,,,,,,,,,,,,,,,,,,,,,
375,5000003540,2017,1,1,0,0,0,551,,TEST,SC00,RM00,,,,,,,,,0,0,,H,USD,2042.71,0,2042.71,,,,231,LB,231,LB,231,LB,,,,,0,,,0,X,,,,,,NA00,,,,,,,,,,,,2017,,,US00,,0,,0,0,0,,0,2,,,,,,,,,B,,,,0,,,,,0,0,0,,,,,0,,0,0,0,,,,,0,,,,0,0,0,,,,,,,,,,,,,,,,,,,,,,,,,,,,,,,,,,,,,,,,,,,,,,,,,,,,,,,,,,,,,,,,,,,,,,,,,,,,,,,,,,,,,,,,,,,,
375,5000003541,2017,1,1,0,0,0,551,,WALLET,SC00,RM00,,,,,,,,,0,0,,H,USD,0.38,0,0.38,,,,27,LB,27,LB,27,LB,,,,,0,,,0,X,,,,,,NA00,,,,,,,,,,,,2017,,,US00,,0,,0,0,0,,0,2,,,,,,,,,B,,,,0,,,,,0,0,0,,,,,0,,0,0,0,,,,,0,,,,0,0,0,,,,,,,,,,,,,,,,,,,,,,,,,,,,,,,,,,,,,,,,,,,,,,,,,,,,,,,,,,,,,,,,,,,,,,,,,,,,,,,,,,,,,,,,,,,,
375,5000003542,2017,1,1,0,0,0,551,,WALLET,SC00,RM00,,,,,,,,,0,0,,H,USD,0.08,0,0.08,,,,6,LB,6,LB,6,LB,,,,,0,,,0,X,,,,,,NA00,,,,,,,,,,,,2017,,,US00,,0,,0,0,0,,0,2,,,,,,,,,B,,,,0,,,,,0,0,0,,,,,0,,0,0,0,,,,,0,,,,0,0,0,,,,,,,,,,,,,,,,,,,,,,,,,,,,,,,,,,,,,,,,,,,,,,,,,,,,,,,,,,,,,,,,,,,,,,,,,,,,,,,,,,,,,,,,,,,,
375,5000003543,2017,1,1,0,0,0,551,,WALLET,SC00,RM00,,,,,,,,,0,0,,H,USD,1.96,0,1.96,,,,140,LB,140,LB,140,LB,,,,,0,,,0,X,,,,,,NA00,,,,,,,,,,,,2017,,,US00,,0,,0,0,0,,0,2,,,,,,,,,B,,,,0,,,,,0,0,0,,,,,0,,0,0,0,,,,,0,,,,0,0,0,,,,,,,,,,,,,,,,,,,,,,,,,,,,,,,,,,,,,,,,,,,,,,,,,,,,,,,,,,,,,,,,,,,,,,,,,,,,,,,,,,,,,,,,,,,,
375,5000003544,2017,1,1,0,0,0,551,,WALLET,SC00,RM00,,,,,,,,,0,0,,H,USD,0.21,0,0.21,,,,15,LB,15,LB,15,LB,,,,,0,,,0,X,,,,,,NA00,,,,,,,,,,,,2017,,,US00,,0,,0,0,0,,0,2,,,,,,,,,B,,,,0,,,,,0,0,0,,,,,0,,0,0,0,,,,,0,,,,0,0,0,,,,,,,,,,,,,,,,,,,,,,,,,,,,,,,,,,,,,,,,,,,,,,,,,,,,,,,,,,,,,,,,,,,,,,,,,,,,,,,,,,,,,,,,,,,,
375,5000003545,2017,1,1,0,0,0,551,,WALLET,SC00,RM00,,,,,,,,,0,0,,H,USD,0.70,0,0.70,,,,50,LB,50,LB,50,LB,,,,,0,,,0,X,,,,,,NA00,,,,,,,,,,,,2017,,,US00,,0,,0,0,0,,0,2,,,,,,,,,B,,,,0,,,,,0,0,0,,,,,0,,0,0,0,,,,,0,,,,0,0,0,,,,,,,,,,,,,,,,,,,,,,,,,,,,,,,,,,,,,,,,,,,,,,,,,,,,,,,,,,,,,,,,,,,,,,,,,,,,,,,,,,,,,,,,,,,,
375,5000003546,2017,1,1,0,0,0,551,,WALLET,SC00,RM00,,,,,,,,,0,0,,H,USD,1.21,0,1.21,,,,86,LB,86,LB,86,LB,,,,,0,,,0,X,,,,,,NA00,,,,,,,,,,,,2017,,,US00,,0,,0,0,0,,0,2,,,,,,,,,B,,,,0,,,,,0,0,0,,,,,0,,0,0,0,,,,,0,,,,0,0,0,,,,,,,,,,,,,,,,,,,,,,,,,,,,,,,,,,,,,,,,,,,,,,,,,,,,,,,,,,,,,,,,,,,,,,,,,,,,,,,,,,,,,,,,,,,,
375,5000003547,2017,1,1,0,0,0,551,,WALLET,SC00,RM00,,,,,,,,,0,0,,H,USD,0.91,0,0.91,,,,65,LB,65,LB,65,LB,,,,,0,,,0,X,,,,,,NA00,,,,,,,,,,,,2017,,,US00,,0,,0,0,0,,0,2,,,,,,,,,B,,,,0,,,,,0,0,0,,,,,0,,0,0,0,,,,,0,,,,0,0,0,,,,,,,,,,,,,,,,,,,,,,,,,,,,,,,,,,,,,,,,,,,,,,,,,,,,,,,,,,,,,,,,,,,,,,,,,,,,,,,,,,,,,,,,,,,,
375,5000003548,2017,1,1,0,0,0,551,,ZTESTHEXNT,SC00,RM00,,,,,,,,,0,0,,H,USD,3223.81,0,3223.81,,,,777,LB,777,LB,777,LB,,,,,0,,,0,X,,,,,,NA00,,,,,,,,,,,,2017,,,US00,,0,,0,0,0,,0,2,,,,,,,,,B,,,,0,,,,,0,0,0,,,,,0,,0,0,0,,,,,0,,,,0,0,0,,,,,,,,,,,,,,,,,,,,,,,,,,,,,,,,,,,,,,,,,,,,,,,,,,,,,,,,,,,,,,,,,,,,,,,,,,,,,,,,,,,,,,,,,,,,
375,5000003549,2017,1,1,0,0,0,551,,ZTESTHEXNT,SC00,RM00,,,,,,,,,0,0,,H,USD,676.30,0,676.30,,,,163,LB,163,LB,163,LB,,,,,0,,,0,X,,,,,,NA00,,,,,,,,,,,,2017,,,US00,,0,,0,0,0,,0,2,,,,,,,,,B,,,,0,,,,,0,0,0,,,,,0,,0,0,0,,,,,0,,,,0,0,0,,,,,,,,,,,,,,,,,,,,,,,,,,,,,,,,,,,,,,,,,,,,,,,,,,,,,,,,,,,,,,,,,,,,,,,,,,,,,,,,,,,,,,,,,,,,
375,5000003550,2017,1,1,0,0,0,551,,ZTESTHEXNT,SC00,RM00,,,,,,,,,0,0,,H,USD,1489.51,0,1489.51,,,,359,LB,359,LB,359,LB,,,,,0,,,0,X,,,,,,NA00,,,,,,,,,,,,2017,,,US00,,0,,0,0,0,,0,2,,,,,,,,,B,,,,0,,,,,0,0,0,,,,,0,,0,0,0,,,,,0,,,,0,0,0,,,,,,,,,,,,,,,,,,,,,,,,,,,,,,,,,,,,,,,,,,,,,,,,,,,,,,,,,,,,,,,,,,,,,,,,,,,,,,,,,,,,,,,,,,,,
375,5000003551,2017,1,1,0,0,0,551,,ZTESTHEXNT,SC00,RM00,,,,,,,,,0,0,,H,USD,2543.37,0,2543.37,,,,613,LB,613,LB,613,LB,,,,,0,,,0,X,,,,,,NA00,,,,,,,,,,,,2017,,,US00,,0,,0,0,0,,0,2,,,,,,,,,B,,,,0,,,,,0,0,0,,,,,0,,0,0,0,,,,,0,,,,0,0,0,,,,,,,,,,,,,,,,,,,,,,,,,,,,,,,,,,,,,,,,,,,,,,,,,,,,,,,,,,,,,,,,,,,,,,,,,,,,,,,,,,,,,,,,,,,,
375,5000003552,2017,1,1,0,0,0,551,,ZTESTHEXNT,SC00,RM00,,,,,,,,,0,0,,H,USD,1531.00,0,1531.00,,,,369,LB,369,LB,369,LB,,,,,0,,,0,X,,,,,,NA00,,,,,,,,,,,,2017,,,US00,,0,,0,0,0,,0,2,,,,,,,,,B,,,,0,,,,,0,0,0,,,,,0,,0,0,0,,,,,0,,,,0,0,0,,,,,,,,,,,,,,,,,,,,,,,,,,,,,,,,,,,,,,,,,,,,,,,,,,,,,,,,,,,,,,,,,,,,,,,,,,,,,,,,,,,,,,,,,,,,
375,5000003553,2017,1,1,0,0,0,551,,ZTESTHEXNT,SC00,RM00,,,,,,,,,0,0,,H,USD,340.22,0,340.22,,,,82,LB,82,LB,82,LB,,,,,0,,,0,X,,,,,,NA00,,,,,,,,,,,,2017,,,US00,,0,,0,0,0,,0,2,,,,,,,,,B,,,,0,,,,,0,0,0,,,,,0,,0,0,0,,,,,0,,,,0,0,0,,,,,,,,,,,,,,,,,,,,,,,,,,,,,,,,,,,,,,,,,,,,,,,,,,,,,,,,,,,,,,,,,,,,,,,,,,,,,,,,,,,,,,,,,,,,
375,5000003554,2017,1,1,0,0,0,551,,ZTESTHEXNT,SC00,RM00,,,,,,,,,0,0,,H,USD,4003.84,0,4003.84,,,,965,LB,965,LB,965,LB,,,,,0,,,0,X,,,,,,NA00,,,,,,,,,,,,2017,,,US00,,0,,0,0,0,,0,2,,,,,,,,,B,,,,0,,,,,0,0,0,,,,,0,,0,0,0,,,,,0,,,,0,0,0,,,,,,,,,,,,,,,,,,,,,,,,,,,,,,,,,,,,,,,,,,,,,,,,,,,,,,,,,,,,,,,,,,,,,,,,,,,,,,,,,,,,,,,,,,,,
375,5000003555,2017,1,1,0,0,0,551,,AAA LUBE,SD00,RM00,,,,,,,,,0,0,,H,USD,10500.00,0,10500.00,,,,2,DR,2,DR,2,DR,,,,,0,,,0,X,,,,,,NA00,,,,,,,,,,,,2017,,,US00,,0,,0,0,0,,0,2,,,,,,,,,B,,,,0,,,,,0,0,0,,,,,0,,0,0,0,,,,,0,,,,0,0,0,,,,,,,,,,,,,,,,,,,,,,,,,,,,,,,,,,,,,,,,,,,,,,,,,,,,,,,,,,,,,,,,,,,,,,,,,,,,,,,,,,,,,,,,,,,,
375,5000003556,2017,1,1,0,0,0,551,,AAA LUBE,SD00,RM00,,,,,,,,,0,0,,H,USD,26250.00,0,26250.00,,,,5,DR,5,DR,5,DR,,,,,0,,,0,X,,,,,,NA00,,,,,,,,,,,,2017,,,US00,,0,,0,0,0,,0,2,,,,,,,,,B,,,,0,,,,,0,0,0,,,,,0,,0,0,0,,,,,0,,,,0,0,0,,,,,,,,,,,,,,,,,,,,,,,,,,,,,,,,,,,,,,,,,,,,,,,,,,,,,,,,,,,,,,,,,,,,,,,,,,,,,,,,,,,,,,,,,,,,
375,5000003557,2017,1,1,0,0,0,551,,AAA LUBE,SD00,RM00,,,,,,,,,0,0,,H,USD,5250.00,0,5250.00,,,,1,DR,1,DR,1,DR,,,,,0,,,0,X,,,,,,NA00,,,,,,,,,,,,2017,,,US00,,0,,0,0,0,,0,2,,,,,,,,,B,,,,0,,,,,0,0,0,,,,,0,,0,0,0,,,,,0,,,,0,0,0,,,,,,,,,,,,,,,,,,,,,,,,,,,,,,,,,,,,,,,,,,,,,,,,,,,,,,,,,,,,,,,,,,,,,,,,,,,,,,,,,,,,,,,,,,,,
375,5000003558,2017,1,1,0,0,0,551,,AAA LUBE,SD00,RM00,,,,,,,,,0,0,,H,USD,15750.00,0,15750.00,,,,3,DR,3,DR,3,DR,,,,,0,,,0,X,,,,,,NA00,,,,,,,,,,,,2017,,,US00,,0,,0,0,0,,0,2,,,,,,,,,B,,,,0,,,,,0,0,0,,,,,0,,0,0,0,,,,,0,,,,0,0,0,,,,,,,,,,,,,,,,,,,,,,,,,,,,,,,,,,,,,,,,,,,,,,,,,,,,,,,,,,,,,,,,,,,,,,,,,,,,,,,,,,,,,,,,,,,,
375,5000003559,2017,1,1,0,0,0,551,,AAA LUBE,SD00,RM00,,,,,,,,,0,0,,H,USD,26250.00,0,26250.00,,,,5,DR,5,DR,5,DR,,,,,0,,,0,X,,,,,,NA00,,,,,,,,,,,,2017,,,US00,,0,,0,0,0,,0,2,,,,,,,,,B,,,,0,,,,,0,0,0,,,,,0,,0,0,0,,,,,0,,,,0,0,0,,,,,,,,,,,,,,,,,,,,,,,,,,,,,,,,,,,,,,,,,,,,,,,,,,,,,,,,,,,,,,,,,,,,,,,,,,,,,,,,,,,,,,,,,,,,
375,5000003560,2017,1,1,0,0,0,551,,ADAMANTIUM,SD00,RM00,,,,,,,,,0,0,,H,USD,59663.51,0,59663.51,,,,291,LB,291,LB,291,LB,,,,,0,,,0,X,,,,,,NA00,,,,,,,,,,,,2017,,,US00,,0,,0,0,0,,0,2,,,,,,,,,B,,,,0,,,,,0,0,0,,,,,0,,0,0,0,,,,,0,,,,0,0,0,,,,,,,,,,,,,,,,,,,,,,,,,,,,,,,,,,,,,,,,,,,,,,,,,,,,,,,,,,,,,,,,,,,,,,,,,,,,,,,,,,,,,,,,,,,,
375,5000003561,2017,1,1,0,0,0,551,,ADAMANTIUM,SD00,RM00,,,,,,,,,0,0,,H,USD,48181.87,0,48181.87,,,,235,LB,235,LB,235,LB,,,,,0,,,0,X,,,,,,NA00,,,,,,,,,,,,2017,,,US00,,0,,0,0,0,,0,2,,,,,,,,,B,,,,0,,,,,0,0,0,,,,,0,,0,0,0,,,,,0,,,,0,0,0,,,,,,,,,,,,,,,,,,,,,,,,,,,,,,,,,,,,,,,,,,,,,,,,,,,,,,,,,,,,,,,,,,,,,,,,,,,,,,,,,,,,,,,,,,,,
375,5000003562,2017,1,1,0,0,0,551,,ADAMANTIUM,SD00,RM00,,,,,,,,,0,0,,H,USD,35675.09,0,35675.09,,,,174,LB,174,LB,174,LB,,,,,0,,,0,X,,,,,,NA00,,,,,,,,,,,,2017,,,US00,,0,,0,0,0,,0,2,,,,,,,,,B,,,,0,,,,,0,0,0,,,,,0,,0,0,0,,,,,0,,,,0,0,0,,,,,,,,,,,,,,,,,,,,,,,,,,,,,,,,,,,,,,,,,,,,,,,,,,,,,,,,,,,,,,,,,,,,,,,,,,,,,,,,,,,,,,,,,,,,
375,5000003563,2017,1,1,0,0,0,551,,ADAMANTIUM,SD00,RM00,,,,,,,,,0,0,,H,USD,11891.70,0,11891.70,,,,58,LB,58,LB,58,LB,,,,,0,,,0,X,,,,,,NA00,,,,,,,,,,,,2017,,,US00,,0,,0,0,0,,0,2,,,,,,,,,B,,,,0,,,,,0,0,0,,,,,0,,0,0,0,,,,,0,,,,0,0,0,,,,,,,,,,,,,,,,,,,,,,,,,,,,,,,,,,,,,,,,,,,,,,,,,,,,,,,,,,,,,,,,,,,,,,,,,,,,,,,,,,,,,,,,,,,,
375,5000003564,2017,1,1,0,0,0,551,,ADAMANTIUM,SD00,RM00,,,,,,,,,0,0,,H,USD,40595.79,0,40595.79,,,,198,LB,198,LB,198,LB,,,,,0,,,0,X,,,,,,NA00,,,,,,,,,,,,2017,,,US00,,0,,0,0,0,,0,2,,,,,,,,,B,,,,0,,,,,0,0,0,,,,,0,,0,0,0,,,,,0,,,,0,0,0,,,,,,,,,,,,,,,,,,,,,,,,,,,,,,,,,,,,,,,,,,,,,,,,,,,,,,,,,,,,,,,,,,,,,,,,,,,,,,,,,,,,,,,,,,,,
375,5000003565,2017,1,1,0,0,0,551,,ADAMANTIUM,SD00,RM00,,,,,,,,,0,0,,H,USD,33624.79,0,33624.79,,,,164,LB,164,LB,164,LB,,,,,0,,,0,X,,,,,,NA00,,,,,,,,,,,,2017,,,US00,,0,,0,0,0,,0,2,,,,,,,,,B,,,,0,,,,,0,0,0,,,,,0,,0,0,0,,,,,0,,,,0,0,0,,,,,,,,,,,,,,,,,,,,,,,,,,,,,,,,,,,,,,,,,,,,,,,,,,,,,,,,,,,,,,,,,,,,,,,,,,,,,,,,,,,,,,,,,,,,
375,5000003566,2017,1,1,0,0,0,551,,ADAMANTIUM,SD00,RM00,,,,,,,,,0,0,,H,USD,5945.85,0,5945.85,,,,29,LB,29,LB,29,LB,,,,,0,,,0,X,,,,,,NA00,,,,,,,,,,,,2017,,,US00,,0,,0,0,0,,0,2,,,,,,,,,B,,,,0,,,,,0,0,0,,,,,0,,0,0,0,,,,,0,,,,0,0,0,,,,,,,,,,,,,,,,,,,,,,,,,,,,,,,,,,,,,,,,,,,,,,,,,,,,,,,,,,,,,,,,,,,,,,,,,,,,,,,,,,,,,,,,,,,,
375,5000003567,2017,1,1,0,0,0,551,,ANGOLAN AMETHYST,SD00,RM00,,,,,,,,,0,0,,H,USD,15219.05,0,15219.05,,,,7,G,7,G,7,G,,,,,0,,,0,X,,,,,,NA00,,,,,,,,,,,,2017,,,US00,,0,,0,0,0,,0,2,,,,,,,,,B,,,,0,,,,,0,0,0,,,,,0,,0,0,0,,,,,0,,,,0,0,0,,,,,,,,,,,,,,,,,,,,,,,,,,,,,,,,,,,,,,,,,,,,,,,,,,,,,,,,,,,,,,,,,,,,,,,,,,,,,,,,,,,,,,,,,,,,
375,5000003568,2017,1,1,0,0,0,551,,ANGOLAN AMETHYST,SD00,RM00,,,,,,,,,0,0,,H,USD,13044.90,0,13044.90,,,,6,G,6,G,6,G,,,,,0,,,0,X,,,,,,NA00,,,,,,,,,,,,2017,,,US00,,0,,0,0,0,,0,2,,,,,,,,,B,,,,0,,,,,0,0,0,,,,,0,,0,0,0,,,,,0,,,,0,0,0,,,,,,,,,,,,,,,,,,,,,,,,,,,,,,,,,,,,,,,,,,,,,,,,,,,,,,,,,,,,,,,,,,,,,,,,,,,,,,,,,,,,,,,,,,,,
375,5000003569,2017,1,1,0,0,0,551,,ANGOLAN AMETHYST,SD00,RM00,,,,,,,,,0,0,,H,USD,4348.30,0,4348.30,,,,2,G,2,G,2,G,,,,,0,,,0,X,,,,,,NA00,,,,,,,,,,,,2017,,,US00,,0,,0,0,0,,0,2,,,,,,,,,B,,,,0,,,,,0,0,0,,,,,0,,0,0,0,,,,,0,,,,0,0,0,,,,,,,,,,,,,,,,,,,,,,,,,,,,,,,,,,,,,,,,,,,,,,,,,,,,,,,,,,,,,,,,,,,,,,,,,,,,,,,,,,,,,,,,,,,,
375,5000003570,2017,1,1,0,0,0,551,,ANGOLAN AMETHYST,SD00,RM00,,,,,,,,,0,0,,H,USD,26089.80,0,26089.80,,,,12,G,12,G,12,G,,,,,0,,,0,X,,,,,,NA00,,,,,,,,,,,,2017,,,US00,,0,,0,0,0,,0,2,,,,,,,,,B,,,,0,,,,,0,0,0,,,,,0,,0,0,0,,,,,0,,,,0,0,0,,,,,,,,,,,,,,,,,,,,,,,,,,,,,,,,,,,,,,,,,,,,,,,,,,,,,,,,,,,,,,,,,,,,,,,,,,,,,,,,,,,,,,,,,,,,
375,5000003571,2017,1,1,0,0,0,551,,ANGOLAN AMETHYST,SD00,RM00,,,,,,,,,0,0,,H,USD,21741.50,0,21741.50,,,,10,G,10,G,10,G,,,,,0,,,0,X,,,,,,NA00,,,,,,,,,,,,2017,,,US00,,0,,0,0,0,,0,2,,,,,,,,,B,,,,0,,,,,0,0,0,,,,,0,,0,0,0,,,,,0,,,,0,0,0,,,,,,,,,,,,,,,,,,,,,,,,,,,,,,,,,,,,,,,,,,,,,,,,,,,,,,,,,,,,,,,,,,,,,,,,,,,,,,,,,,,,,,,,,,,,
375,5000003572,2017,1,1,0,0,0,551,,ANGOLAN AMETHYST,SD00,RM00,,,,,,,,,0,0,,H,USD,4348.30,0,4348.30,,,,2,G,2,G,2,G,,,,,0,,,0,X,,,,,,NA00,,,,,,,,,,,,2017,,,US00,,0,,0,0,0,,0,2,,,,,,,,,B,,,,0,,,,,0,0,0,,,,,0,,0,0,0,,,,,0,,,,0,0,0,,,,,,,,,,,,,,,,,,,,,,,,,,,,,,,,,,,,,,,,,,,,,,,,,,,,,,,,,,,,,,,,,,,,,,,,,,,,,,,,,,,,,,,,,,,,
375,5000003573,2017,1,1,0,0,0,551,,ANGOLAN AMETHYST,SD00,RM00,,,,,,,,,0,0,,H,USD,23915.65,0,23915.65,,,,11,G,11,G,11,G,,,,,0,,,0,X,,,,,,NA00,,,,,,,,,,,,2017,,,US00,,0,,0,0,0,,0,2,,,,,,,,,B,,,,0,,,,,0,0,0,,,,,0,,0,0,0,,,,,0,,,,0,0,0,,,,,,,,,,,,,,,,,,,,,,,,,,,,,,,,,,,,,,,,,,,,,,,,,,,,,,,,,,,,,,,,,,,,,,,,,,,,,,,,,,,,,,,,,,,,
375,5000003574,2017,1,1,0,0,0,551,,ANGOLAN AMETHYST,SD00,RM00,,,,,,,,,0,0,,H,USD,13044.90,0,13044.90,,,,6,G,6,G,6,G,,,,,0,,,0,X,,,,,,NA00,,,,,,,,,,,,2017,,,US00,,0,,0,0,0,,0,2,,,,,,,,,B,,,,0,,,,,0,0,0,,,,,0,,0,0,0,,,,,0,,,,0,0,0,,,,,,,,,,,,,,,,,,,,,,,,,,,,,,,,,,,,,,,,,,,,,,,,,,,,,,,,,,,,,,,,,,,,,,,,,,,,,,,,,,,,,,,,,,,,
375,5000003575,2017,1,1,0,0,0,551,,ANGOLAN AMETHYST,SD00,RM00,,,,,,,,,0,0,,H,USD,15219.05,0,15219.05,,,,7,G,7,G,7,G,,,,,0,,,0,X,,,,,,NA00,,,,,,,,,,,,2017,,,US00,,0,,0,0,0,,0,2,,,,,,,,,B,,,,0,,,,,0,0,0,,,,,0,,0,0,0,,,,,0,,,,0,0,0,,,,,,,,,,,,,,,,,,,,,,,,,,,,,,,,,,,,,,,,,,,,,,,,,,,,,,,,,,,,,,,,,,,,,,,,,,,,,,,,,,,,,,,,,,,,
375,5000003576,2017,1,1,0,0,0,551,,AUSTRALIAN AMETHYST,SD00,RM00,,,,,,,,,0,0,,H,USD,24305.56,0,24305.56,,,,1,G,1,G,1,G,,,,,0,,,0,X,,,,,,NA00,,,,,,,,,,,,2017,,,US00,,0,,0,0,0,,0,2,,,,,,,,,B,,,,0,,,,,0,0,0,,,,,0,,0,0,0,,,,,0,,,,0,0,0,,,,,,,,,,,,,,,,,,,,,,,,,,,,,,,,,,,,,,,,,,,,,,,,,,,,,,,,,,,,,,,,,,,,,,,,,,,,,,,,,,,,,,,,,,,,
375,5000003577,2017,1,1,0,0,0,551,,BLUEPAINT,SD00,RM00,,,,,,,,,0,0,,H,USD,1026.64,0,1026.64,,,,27,L,27,L,27,L,,,,,0,,,0,X,,,,,,NA00,,,,,,,,,,,,2017,,,US00,,0,,0,0,0,,0,2,,,,,,,,,B,,,,0,,,,,0,0,0,,,,,0,,0,0,0,,,,,0,,,,0,0,0,,,,,,,,,,,,,,,,,,,,,,,,,,,,,,,,,,,,,,,,,,,,,,,,,,,,,,,,,,,,,,,,,,,,,,,,,,,,,,,,,,,,,,,,,,,,
375,5000003578,2017,1,1,0,0,0,551,,BLUEPAINT,SD00,RM00,,,,,,,,,0,0,,H,USD,532.33,0,532.33,,,,14,L,14,L,14,L,,,,,0,,,0,X,,,,,,NA00,,,,,,,,,,,,2017,,,US00,,0,,0,0,0,,0,2,,,,,,,,,B,,,,0,,,,,0,0,0,,,,,0,,0,0,0,,,,,0,,,,0,0,0,,,,,,,,,,,,,,,,,,,,,,,,,,,,,,,,,,,,,,,,,,,,,,,,,,,,,,,,,,,,,,,,,,,,,,,,,,,,,,,,,,,,,,,,,,,,
375,5000003579,2017,1,1,0,0,0,551,,BLUEPAINT,SD00,RM00,,,,,,,,,0,0,,H,USD,114.07,0,114.07,,,,3,L,3,L,3,L,,,,,0,,,0,X,,,,,,NA00,,,,,,,,,,,,2017,,,US00,,0,,0,0,0,,0,2,,,,,,,,,B,,,,0,,,,,0,0,0,,,,,0,,0,0,0,,,,,0,,,,0,0,0,,,,,,,,,,,,,,,,,,,,,,,,,,,,,,,,,,,,,,,,,,,,,,,,,,,,,,,,,,,,,,,,,,,,,,,,,,,,,,,,,,,,,,,,,,,,
375,5000003580,2017,1,1,0,0,0,551,,BLUEPAINT,SD00,RM00,,,,,,,,,0,0,,H,USD,1026.64,0,1026.64,,,,27,L,27,L,27,L,,,,,0,,,0,X,,,,,,NA00,,,,,,,,,,,,2017,,,US00,,0,,0,0,0,,0,2,,,,,,,,,B,,,,0,,,,,0,0,0,,,,,0,,0,0,0,,,,,0,,,,0,0,0,,,,,,,,,,,,,,,,,,,,,,,,,,,,,,,,,,,,,,,,,,,,,,,,,,,,,,,,,,,,,,,,,,,,,,,,,,,,,,,,,,,,,,,,,,,,
375,5000003581,2017,1,1,0,0,0,551,,BLUEPAINT,SD00,RM00,,,,,,,,,0,0,,H,USD,76.05,0,76.05,,,,2,L,2,L,2,L,,,,,0,,,0,X,,,,,,NA00,,,,,,,,,,,,2017,,,US00,,0,,0,0,0,,0,2,,,,,,,,,B,,,,0,,,,,0,0,0,,,,,0,,0,0,0,,,,,0,,,,0,0,0,,,,,,,,,,,,,,,,,,,,,,,,,,,,,,,,,,,,,,,,,,,,,,,,,,,,,,,,,,,,,,,,,,,,,,,,,,,,,,,,,,,,,,,,,,,,
375,5000003582,2017,1,1,0,0,0,551,,BLUEPAINT,SD00,RM00,,,,,,,,,0,0,,H,USD,342.21,0,342.21,,,,9,L,9,L,9,L,,,,,0,,,0,X,,,,,,NA00,,,,,,,,,,,,2017,,,US00,,0,,0,0,0,,0,2,,,,,,,,,B,,,,0,,,,,0,0,0,,,,,0,,0,0,0,,,,,0,,,,0,0,0,,,,,,,,,,,,,,,,,,,,,,,,,,,,,,,,,,,,,,,,,,,,,,,,,,,,,,,,,,,,,,,,,,,,,,,,,,,,,,,,,,,,,,,,,,,,
375,5000003583,2017,1,1,0,0,0,551,,BLUEPAINT,SD00,RM00,,,,,,,,,0,0,,H,USD,304.19,0,304.19,,,,8,L,8,L,8,L,,,,,0,,,0,X,,,,,,NA00,,,,,,,,,,,,2017,,,US00,,0,,0,0,0,,0,2,,,,,,,,,B,,,,0,,,,,0,0,0,,,,,0,,0,0,0,,,,,0,,,,0,0,0,,,,,,,,,,,,,,,,,,,,,,,,,,,,,,,,,,,,,,,,,,,,,,,,,,,,,,,,,,,,,,,,,,,,,,,,,,,,,,,,,,,,,,,,,,,,
375,5000003584,2017,1,1,0,0,0,551,,BLUEPAINT,SD00,RM00,,,,,,,,,0,0,,H,USD,1102.69,0,1102.69,,,,29,L,29,L,29,L,,,,,0,,,0,X,,,,,,NA00,,,,,,,,,,,,2017,,,US00,,0,,0,0,0,,0,2,,,,,,,,,B,,,,0,,,,,0,0,0,,,,,0,,0,0,0,,,,,0,,,,0,0,0,,,,,,,,,,,,,,,,,,,,,,,,,,,,,,,,,,,,,,,,,,,,,,,,,,,,,,,,,,,,,,,,,,,,,,,,,,,,,,,,,,,,,,,,,,,,
375,5000003585,2017,1,1,0,0,0,551,,BLUEPAINT,SD00,RM00,,,,,,,,,0,0,,H,USD,1444.90,0,1444.90,,,,38,L,38,L,38,L,,,,,0,,,0,X,,,,,,NA00,,,,,,,,,,,,2017,,,US00,,0,,0,0,0,,0,2,,,,,,,,,B,,,,0,,,,,0,0,0,,,,,0,,0,0,0,,,,,0,,,,0,0,0,,,,,,,,,,,,,,,,,,,,,,,,,,,,,,,,,,,,,,,,,,,,,,,,,,,,,,,,,,,,,,,,,,,,,,,,,,,,,,,,,,,,,,,,,,,,
375,5000003586,2017,1,1,0,0,0,551,,BLUEPAINT,SD00,RM00,,,,,,,,,0,0,,H,USD,266.17,0,266.17,,,,7,L,7,L,7,L,,,,,0,,,0,X,,,,,,NA00,,,,,,,,,,,,2017,,,US00,,0,,0,0,0,,0,2,,,,,,,,,B,,,,0,,,,,0,0,0,,,,,0,,0,0,0,,,,,0,,,,0,0,0,,,,,,,,,,,,,,,,,,,,,,,,,,,,,,,,,,,,,,,,,,,,,,,,,,,,,,,,,,,,,,,,,,,,,,,,,,,,,,,,,,,,,,,,,,,,
375,5000003587,2017,1,1,0,0,0,551,,BLUEPAINT,SD00,RM00,,,,,,,,,0,0,,H,USD,874.54,0,874.54,,,,23,L,23,L,23,L,,,,,0,,,0,X,,,,,,NA00,,,,,,,,,,,,2017,,,US00,,0,,0,0,0,,0,2,,,,,,,,,B,,,,0,,,,,0,0,0,,,,,0,,0,0,0,,,,,0,,,,0,0,0,,,,,,,,,,,,,,,,,,,,,,,,,,,,,,,,,,,,,,,,,,,,,,,,,,,,,,,,,,,,,,,,,,,,,,,,,,,,,,,,,,,,,,,,,,,,
375,5000003588,2017,1,1,0,0,0,551,,BLUEPAINT,SD00,RM00,,,,,,,,,0,0,,H,USD,1330.83,0,1330.83,,,,35,L,35,L,35,L,,,,,0,,,0,X,,,,,,NA00,,,,,,,,,,,,2017,,,US00,,0,,0,0,0,,0,2,,,,,,,,,B,,,,0,,,,,0,0,0,,,,,0,,0,0,0,,,,,0,,,,0,0,0,,,,,,,,,,,,,,,,,,,,,,,,,,,,,,,,,,,,,,,,,,,,,,,,,,,,,,,,,,,,,,,,,,,,,,,,,,,,,,,,,,,,,,,,,,,,
375,5000003589,2017,1,1,0,0,0,551,,BOLT1000,SD00,RM00,,,,,,,,,0,0,,H,USD,1.22,0,1.22,,,,1,EA,1,EA,1,EA,,,,,0,,,0,X,,,,,,NA00,,,,,,,,,,,,2017,,,US00,,0,,0,0,0,,0,2,,,,,,,,,B,,,,0,,,,,0,0,0,,,,,0,,0,0,0,,,,,0,,,,0,0,0,,,,,,,,,,,,,,,,,,,,,,,,,,,,,,,,,,,,,,,,,,,,,,,,,,,,,,,,,,,,,,,,,,,,,,,,,,,,,,,,,,,,,,,,,,,,
375,5000003590,2017,1,1,0,0,0,551,,BOLT1000,SD00,RM00,,,,,,,,,0,0,,H,USD,1.22,0,1.22,,,,1,EA,1,EA,1,EA,,,,,0,,,0,X,,,,,,NA00,,,,,,,,,,,,2017,,,US00,,0,,0,0,0,,0,2,,,,,,,,,B,,,,0,,,,,0,0,0,,,,,0,,0,0,0,,,,,0,,,,0,0,0,,,,,,,,,,,,,,,,,,,,,,,,,,,,,,,,,,,,,,,,,,,,,,,,,,,,,,,,,,,,,,,,,,,,,,,,,,,,,,,,,,,,,,,,,,,,
375,5000003591,2017,1,1,0,0,0,551,,BOLT1000,SD00,RM00,,,,,,,,,0,0,,H,USD,1.22,0,1.22,,,,1,EA,1,EA,1,EA,,,,,0,,,0,X,,,,,,NA00,,,,,,,,,,,,2017,,,US00,,0,,0,0,0,,0,2,,,,,,,,,B,,,,0,,,,,0,0,0,,,,,0,,0,0,0,,,,,0,,,,0,0,0,,,,,,,,,,,,,,,,,,,,,,,,,,,,,,,,,,,,,,,,,,,,,,,,,,,,,,,,,,,,,,,,,,,,,,,,,,,,,,,,,,,,,,,,,,,,
375,5000003592,2017,1,1,0,0,0,551,,BOLT1000,SD00,RM00,,,,,,,,,0,0,,H,USD,2.44,0,2.44,,,,2,EA,2,EA,2,EA,,,,,0,,,0,X,,,,,,NA00,,,,,,,,,,,,2017,,,US00,,0,,0,0,0,,0,2,,,,,,,,,B,,,,0,,,,,0,0,0,,,,,0,,0,0,0,,,,,0,,,,0,0,0,,,,,,,,,,,,,,,,,,,,,,,,,,,,,,,,,,,,,,,,,,,,,,,,,,,,,,,,,,,,,,,,,,,,,,,,,,,,,,,,,,,,,,,,,,,,
375,5000003593,2017,1,1,0,0,0,551,,BOLT1000,SD00,RM00,,,,,,,,,0,0,,H,USD,1.22,0,1.22,,,,1,EA,1,EA,1,EA,,,,,0,,,0,X,,,,,,NA00,,,,,,,,,,,,2017,,,US00,,0,,0,0,0,,0,2,,,,,,,,,B,,,,0,,,,,0,0,0,,,,,0,,0,0,0,,,,,0,,,,0,0,0,,,,,,,,,,,,,,,,,,,,,,,,,,,,,,,,,,,,,,,,,,,,,,,,,,,,,,,,,,,,,,,,,,,,,,,,,,,,,,,,,,,,,,,,,,,,
375,5000003594,2017,1,1,0,0,0,551,,BOLT1000,SD00,RM00,,,,,,,,,0,0,,H,USD,1.22,0,1.22,,,,1,EA,1,EA,1,EA,,,,,0,,,0,X,,,,,,NA00,,,,,,,,,,,,2017,,,US00,,0,,0,0,0,,0,2,,,,,,,,,B,,,,0,,,,,0,0,0,,,,,0,,0,0,0,,,,,0,,,,0,0,0,,,,,,,,,,,,,,,,,,,,,,,,,,,,,,,,,,,,,,,,,,,,,,,,,,,,,,,,,,,,,,,,,,,,,,,,,,,,,,,,,,,,,,,,,,,,
375,5000003595,2017,1,1,0,0,0,551,,BOTSWANA BLACK PE,SD00,RM00,,,,,,,,,0,0,,H,USD,21068.17,0,21068.17,,,,1,G,1,G,1,G,,,,,0,,,0,X,,,,,,NA00,,,,,,,,,,,,2017,,,US00,,0,,0,0,0,,0,2,,,,,,,,,B,,,,0,,,,,0,0,0,,,,,0,,0,0,0,,,,,0,,,,0,0,0,,,,,,,,,,,,,,,,,,,,,,,,,,,,,,,,,,,,,,,,,,,,,,,,,,,,,,,,,,,,,,,,,,,,,,,,,,,,,,,,,,,,,,,,,,,,
375,5000003596,2017,1,1,0,0,0,551,,BOTSWANA BLACK PE,SD00,RM00,,,,,,,,,0,0,,H,USD,21068.17,0,21068.17,,,,1,G,1,G,1,G,,,,,0,,,0,X,,,,,,NA00,,,,,,,,,,,,2017,,,US00,,0,,0,0,0,,0,2,,,,,,,,,B,,,,0,,,,,0,0,0,,,,,0,,0,0,0,,,,,0,,,,0,0,0,,,,,,,,,,,,,,,,,,,,,,,,,,,,,,,,,,,,,,,,,,,,,,,,,,,,,,,,,,,,,,,,,,,,,,,,,,,,,,,,,,,,,,,,,,,,
375,5000003597,2017,1,1,0,0,0,551,,CANADIAN CRYSTAL,SD00,RM00,,,,,,,,,0,0,,H,USD,431654.68,0,431654.68,,,,12,G,12,G,12,G,,,,,0,,,0,X,,,,,,NA00,,,,,,,,,,,,2017,,,US00,,0,,0,0,0,,0,2,,,,,,,,,B,,,,0,,,,,0,0,0,,,,,0,,0,0,0,,,,,0,,,,0,0,0,,,,,,,,,,,,,,,,,,,,,,,,,,,,,,,,,,,,,,,,,,,,,,,,,,,,,,,,,,,,,,,,,,,,,,,,,,,,,,,,,,,,,,,,,,,,
375,5000003598,2017,1,1,0,0,0,551,,CARBONITE,SD00,RM00,,,,,,,,,0,0,,H,USD,585.94,0,585.94,,,,1,G,1,G,1,G,,,,,0,,,0,X,,,,,,NA00,,,,,,,,,,,,2017,,,US00,,0,,0,0,0,,0,2,,,,,,,,,B,,,,0,,,,,0,0,0,,,,,0,,0,0,0,,,,,0,,,,0,0,0,,,,,,,,,,,,,,,,,,,,,,,,,,,,,,,,,,,,,,,,,,,,,,,,,,,,,,,,,,,,,,,,,,,,,,,,,,,,,,,,,,,,,,,,,,,,
375,5000003599,2017,1,1,0,0,0,551,,CHRONIUM,SD00,RM00,,,,,,,,,0,0,,H,USD,21.18,0,21.18,,,,59,LB,59,LB,59,LB,,,,,0,,,0,X,,,,,,NA00,,,,,,,,,,,,2017,,,US00,,0,,0,0,0,,0,2,,,,,,,,,B,,,,0,,,,,0,0,0,,,,,0,,0,0,0,,,,,0,,,,0,0,0,,,,,,,,,,,,,,,,,,,,,,,,,,,,,,,,,,,,,,,,,,,,,,,,,,,,,,,,,,,,,,,,,,,,,,,,,,,,,,,,,,,,,,,,,,,,
375,5000003600,2017,1,1,0,0,0,551,,CHRONIUM,SD00,RM00,,,,,,,,,0,0,,H,USD,1.44,0,1.44,,,,4,LB,4,LB,4,LB,,,,,0,,,0,X,,,,,,NA00,,,,,,,,,,,,2017,,,US00,,0,,0,0,0,,0,2,,,,,,,,,B,,,,0,,,,,0,0,0,,,,,0,,0,0,0,,,,,0,,,,0,0,0,,,,,,,,,,,,,,,,,,,,,,,,,,,,,,,,,,,,,,,,,,,,,,,,,,,,,,,,,,,,,,,,,,,,,,,,,,,,,,,,,,,,,,,,,,,,
375,5000003601,2017,1,1,0,0,0,551,,CHRONIUM,SD00,RM00,,,,,,,,,0,0,,H,USD,1.44,0,1.44,,,,4,LB,4,LB,4,LB,,,,,0,,,0,X,,,,,,NA00,,,,,,,,,,,,2017,,,US00,,0,,0,0,0,,0,2,,,,,,,,,B,,,,0,,,,,0,0,0,,,,,0,,0,0,0,,,,,0,,,,0,0,0,,,,,,,,,,,,,,,,,,,,,,,,,,,,,,,,,,,,,,,,,,,,,,,,,,,,,,,,,,,,,,,,,,,,,,,,,,,,,,,,,,,,,,,,,,,,
375,5000003602,2017,1,1,0,0,0,551,,CHRONIUM,SD00,RM00,,,,,,,,,0,0,,H,USD,0.36,0,0.36,,,,1,LB,1,LB,1,LB,,,,,0,,,0,X,,,,,,NA00,,,,,,,,,,,,2017,,,US00,,0,,0,0,0,,0,2,,,,,,,,,B,,,,0,,,,,0,0,0,,,,,0,,0,0,0,,,,,0,,,,0,0,0,,,,,,,,,,,,,,,,,,,,,,,,,,,,,,,,,,,,,,,,,,,,,,,,,,,,,,,,,,,,,,,,,,,,,,,,,,,,,,,,,,,,,,,,,,,,
375,5000003603,2017,1,1,0,0,0,551,,CHRONIUM,SD00,RM00,,,,,,,,,0,0,,H,USD,3.95,0,3.95,,,,11,LB,11,LB,11,LB,,,,,0,,,0,X,,,,,,NA00,,,,,,,,,,,,2017,,,US00,,0,,0,0,0,,0,2,,,,,,,,,B,,,,0,,,,,0,0,0,,,,,0,,0,0,0,,,,,0,,,,0,0,0,,,,,,,,,,,,,,,,,,,,,,,,,,,,,,,,,,,,,,,,,,,,,,,,,,,,,,,,,,,,,,,,,,,,,,,,,,,,,,,,,,,,,,,,,,,,
375,5000003604,2017,1,1,0,0,0,551,,CHRONIUM,SD00,RM00,,,,,,,,,0,0,,H,USD,8.26,0,8.26,,,,23,LB,23,LB,23,LB,,,,,0,,,0,X,,,,,,NA00,,,,,,,,,,,,2017,,,US00,,0,,0,0,0,,0,2,,,,,,,,,B,,,,0,,,,,0,0,0,,,,,0,,0,0,0,,,,,0,,,,0,0,0,,,,,,,,,,,,,,,,,,,,,,,,,,,,,,,,,,,,,,,,,,,,,,,,,,,,,,,,,,,,,,,,,,,,,,,,,,,,,,,,,,,,,,,,,,,,
375,5000003605,2017,1,1,0,0,0,551,,CHRONIUM,SD00,RM00,,,,,,,,,0,0,,H,USD,18.67,0,18.67,,,,52,LB,52,LB,52,LB,,,,,0,,,0,X,,,,,,NA00,,,,,,,,,,,,2017,,,US00,,0,,0,0,0,,0,2,,,,,,,,,B,,,,0,,,,,0,0,0,,,,,0,,0,0,0,,,,,0,,,,0,0,0,,,,,,,,,,,,,,,,,,,,,,,,,,,,,,,,,,,,,,,,,,,,,,,,,,,,,,,,,,,,,,,,,,,,,,,,,,,,,,,,,,,,,,,,,,,,
375,5000003606,2017,1,1,0,0,0,551,,CHRONIUM,SD00,RM00,,,,,,,,,0,0,,H,USD,17.23,0,17.23,,,,48,LB,48,LB,48,LB,,,,,0,,,0,X,,,,,,NA00,,,,,,,,,,,,2017,,,US00,,0,,0,0,0,,0,2,,,,,,,,,B,,,,0,,,,,0,0,0,,,,,0,,0,0,0,,,,,0,,,,0,0,0,,,,,,,,,,,,,,,,,,,,,,,,,,,,,,,,,,,,,,,,,,,,,,,,,,,,,,,,,,,,,,,,,,,,,,,,,,,,,,,,,,,,,,,,,,,,
375,5000003607,2017,1,1,0,0,0,551,,CONCRETE,SD00,RM00,,,,,,,,,0,0,,H,USD,173.27,0,173.27,,,,2,YD3,2,YD3,2,YD3,,,,,0,,,0,X,,,,,,NA00,,,,,,,,,,,,2017,,,US00,,0,,0,0,0,,0,2,,,,,,,,,B,,,,0,,,,,0,0,0,,,,,0,,0,0,0,,,,,0,,,,0,0,0,,,,,,,,,,,,,,,,,,,,,,,,,,,,,,,,,,,,,,,,,,,,,,,,,,,,,,,,,,,,,,,,,,,,,,,,,,,,,,,,,,,,,,,,,,,,
375,5000003608,2017,1,1,0,0,0,551,,CONCRETE,SD00,RM00,,,,,,,,,0,0,,H,USD,86.63,0,86.63,,,,1,YD3,1,YD3,1,YD3,,,,,0,,,0,X,,,,,,NA00,,,,,,,,,,,,2017,,,US00,,0,,0,0,0,,0,2,,,,,,,,,B,,,,0,,,,,0,0,0,,,,,0,,0,0,0,,,,,0,,,,0,0,0,,,,,,,,,,,,,,,,,,,,,,,,,,,,,,,,,,,,,,,,,,,,,,,,,,,,,,,,,,,,,,,,,,,,,,,,,,,,,,,,,,,,,,,,,,,,
375,5000003609,2017,1,1,0,0,0,551,,CONCRETE,SD00,RM00,,,,,,,,,0,0,,H,USD,779.71,0,779.71,,,,9,YD3,9,YD3,9,YD3,,,,,0,,,0,X,,,,,,NA00,,,,,,,,,,,,2017,,,US00,,0,,0,0,0,,0,2,,,,,,,,,B,,,,0,,,,,0,0,0,,,,,0,,0,0,0,,,,,0,,,,0,0,0,,,,,,,,,,,,,,,,,,,,,,,,,,,,,,,,,,,,,,,,,,,,,,,,,,,,,,,,,,,,,,,,,,,,,,,,,,,,,,,,,,,,,,,,,,,,
375,5000003610,2017,1,1,0,0,0,551,,CONCRETE,SD00,RM00,,,,,,,,,0,0,,H,USD,866.35,0,866.35,,,,10,YD3,10,YD3,10,YD3,,,,,0,,,0,X,,,,,,NA00,,,,,,,,,,,,2017,,,US00,,0,,0,0,0,,0,2,,,,,,,,,B,,,,0,,,,,0,0,0,,,,,0,,0,0,0,,,,,0,,,,0,0,0,,,,,,,,,,,,,,,,,,,,,,,,,,,,,,,,,,,,,,,,,,,,,,,,,,,,,,,,,,,,,,,,,,,,,,,,,,,,,,,,,,,,,,,,,,,,
375,5000003611,2017,1,1,0,0,0,551,,CONCRETE,SD00,RM00,,,,,,,,,0,0,,H,USD,433.17,0,433.17,,,,5,YD3,5,YD3,5,YD3,,,,,0,,,0,X,,,,,,NA00,,,,,,,,,,,,2017,,,US00,,0,,0,0,0,,0,2,,,,,,,,,B,,,,0,,,,,0,0,0,,,,,0,,0,0,0,,,,,0,,,,0,0,0,,,,,,,,,,,,,,,,,,,,,,,,,,,,,,,,,,,,,,,,,,,,,,,,,,,,,,,,,,,,,,,,,,,,,,,,,,,,,,,,,,,,,,,,,,,,
375,5000003612,2017,1,1,0,0,0,551,,CONCRETE,SD00,RM00,,,,,,,,,0,0,,H,USD,519.81,0,519.81,,,,6,YD3,6,YD3,6,YD3,,,,,0,,,0,X,,,,,,NA00,,,,,,,,,,,,2017,,,US00,,0,,0,0,0,,0,2,,,,,,,,,B,,,,0,,,,,0,0,0,,,,,0,,0,0,0,,,,,0,,,,0,0,0,,,,,,,,,,,,,,,,,,,,,,,,,,,,,,,,,,,,,,,,,,,,,,,,,,,,,,,,,,,,,,,,,,,,,,,,,,,,,,,,,,,,,,,,,,,,
375,5000003613,2017,1,1,0,0,0,551,,CONCRETE,SD00,RM00,,,,,,,,,0,0,,H,USD,86.63,0,86.63,,,,1,YD3,1,YD3,1,YD3,,,,,0,,,0,X,,,,,,NA00,,,,,,,,,,,,2017,,,US00,,0,,0,0,0,,0,2,,,,,,,,,B,,,,0,,,,,0,0,0,,,,,0,,0,0,0,,,,,0,,,,0,0,0,,,,,,,,,,,,,,,,,,,,,,,,,,,,,,,,,,,,,,,,,,,,,,,,,,,,,,,,,,,,,,,,,,,,,,,,,,,,,,,,,,,,,,,,,,,,
375,5000003614,2017,1,1,0,0,0,551,,CONCRETE,SD00,RM00,,,,,,,,,0,0,,H,USD,86.63,0,86.63,,,,1,YD3,1,YD3,1,YD3,,,,,0,,,0,X,,,,,,NA00,,,,,,,,,,,,2017,,,US00,,0,,0,0,0,,0,2,,,,,,,,,B,,,,0,,,,,0,0,0,,,,,0,,0,0,0,,,,,0,,,,0,0,0,,,,,,,,,,,,,,,,,,,,,,,,,,,,,,,,,,,,,,,,,,,,,,,,,,,,,,,,,,,,,,,,,,,,,,,,,,,,,,,,,,,,,,,,,,,,
375,5000003615,2017,1,1,0,0,0,551,,CONGOCRYSTAL,SD00,RM00,,,,,,,,,0,0,,H,USD,6184.52,0,6184.52,,,,1,G,1,G,1,G,,,,,0,,,0,X,,,,,,NA00,,,,,,,,,,,,2017,,,US00,,0,,0,0,0,,0,2,,,,,,,,,B,,,,0,,,,,0,0,0,,,,,0,,0,0,0,,,,,0,,,,0,0,0,,,,,,,,,,,,,,,,,,,,,,,,,,,,,,,,,,,,,,,,,,,,,,,,,,,,,,,,,,,,,,,,,,,,,,,,,,,,,,,,,,,,,,,,,,,,
375,5000003616,2017,1,1,0,0,0,551,,CONGOCRYSTAL,SD00,RM00,,,,,,,,,0,0,,H,USD,12369.04,0,12369.04,,,,2,G,2,G,2,G,,,,,0,,,0,X,,,,,,NA00,,,,,,,,,,,,2017,,,US00,,0,,0,0,0,,0,2,,,,,,,,,B,,,,0,,,,,0,0,0,,,,,0,,0,0,0,,,,,0,,,,0,0,0,,,,,,,,,,,,,,,,,,,,,,,,,,,,,,,,,,,,,,,,,,,,,,,,,,,,,,,,,,,,,,,,,,,,,,,,,,,,,,,,,,,,,,,,,,,,
375,5000003617,2017,1,1,0,0,0,551,,CONGOCRYSTAL,SD00,RM00,,,,,,,,,0,0,,H,USD,6184.52,0,6184.52,,,,1,G,1,G,1,G,,,,,0,,,0,X,,,,,,NA00,,,,,,,,,,,,2017,,,US00,,0,,0,0,0,,0,2,,,,,,,,,B,,,,0,,,,,0,0,0,,,,,0,,0,0,0,,,,,0,,,,0,0,0,,,,,,,,,,,,,,,,,,,,,,,,,,,,,,,,,,,,,,,,,,,,,,,,,,,,,,,,,,,,,,,,,,,,,,,,,,,,,,,,,,,,,,,,,,,,
375,5000003618,2017,1,1,0,0,0,551,,CONGOCRYSTAL,SD00,RM00,,,,,,,,,0,0,,H,USD,18553.56,0,18553.56,,,,3,G,3,G,3,G,,,,,0,,,0,X,,,,,,NA00,,,,,,,,,,,,2017,,,US00,,0,,0,0,0,,0,2,,,,,,,,,B,,,,0,,,,,0,0,0,,,,,0,,0,0,0,,,,,0,,,,0,0,0,,,,,,,,,,,,,,,,,,,,,,,,,,,,,,,,,,,,,,,,,,,,,,,,,,,,,,,,,,,,,,,,,,,,,,,,,,,,,,,,,,,,,,,,,,,,
375,5000003619,2017,1,1,0,0,0,551,,CONGOCRYSTAL,SD00,RM00,,,,,,,,,0,0,,H,USD,6184.52,0,6184.52,,,,1,G,1,G,1,G,,,,,0,,,0,X,,,,,,NA00,,,,,,,,,,,,2017,,,US00,,0,,0,0,0,,0,2,,,,,,,,,B,,,,0,,,,,0,0,0,,,,,0,,0,0,0,,,,,0,,,,0,0,0,,,,,,,,,,,,,,,,,,,,,,,,,,,,,,,,,,,,,,,,,,,,,,,,,,,,,,,,,,,,,,,,,,,,,,,,,,,,,,,,,,,,,,,,,,,,
375,5000003620,2017,1,1,0,0,0,551,,CONGOCRYSTAL,SD00,RM00,,,,,,,,,0,0,,H,USD,30922.60,0,30922.60,,,,5,G,5,G,5,G,,,,,0,,,0,X,,,,,,NA00,,,,,,,,,,,,2017,,,US00,,0,,0,0,0,,0,2,,,,,,,,,B,,,,0,,,,,0,0,0,,,,,0,,0,0,0,,,,,0,,,,0,0,0,,,,,,,,,,,,,,,,,,,,,,,,,,,,,,,,,,,,,,,,,,,,,,,,,,,,,,,,,,,,,,,,,,,,,,,,,,,,,,,,,,,,,,,,,,,,
375,5000003621,2017,1,1,0,0,0,551,,DIAMOND,SD00,RM00,,,,,,,,,0,0,,H,USD,441.90,0,441.90,,,,3,LB,3,LB,3,LB,,,,,0,,,0,X,,,,,,NA00,,,,,,,,,,,,2017,,,US00,,0,,0,0,0,,0,2,,,,,,,,,B,,,,0,,,,,0,0,0,,,,,0,,0,0,0,,,,,0,,,,0,0,0,,,,,,,,,,,,,,,,,,,,,,,,,,,,,,,,,,,,,,,,,,,,,,,,,,,,,,,,,,,,,,,,,,,,,,,,,,,,,,,,,,,,,,,,,,,,
375,5000003622,2017,1,1,0,0,0,551,,DIAMOND,SD00,RM00,,,,,,,,,0,0,,H,USD,2945.99,0,2945.99,,,,20,LB,20,LB,20,LB,,,,,0,,,0,X,,,,,,NA00,,,,,,,,,,,,2017,,,US00,,0,,0,0,0,,0,2,,,,,,,,,B,,,,0,,,,,0,0,0,,,,,0,,0,0,0,,,,,0,,,,0,0,0,,,,,,,,,,,,,,,,,,,,,,,,,,,,,,,,,,,,,,,,,,,,,,,,,,,,,,,,,,,,,,,,,,,,,,,,,,,,,,,,,,,,,,,,,,,,
375,5000003623,2017,1,1,0,0,0,551,,DIAMOND,SD00,RM00,,,,,,,,,0,0,,H,USD,2209.49,0,2209.49,,,,15,LB,15,LB,15,LB,,,,,0,,,0,X,,,,,,NA00,,,,,,,,,,,,2017,,,US00,,0,,0,0,0,,0,2,,,,,,,,,B,,,,0,,,,,0,0,0,,,,,0,,0,0,0,,,,,0,,,,0,0,0,,,,,,,,,,,,,,,,,,,,,,,,,,,,,,,,,,,,,,,,,,,,,,,,,,,,,,,,,,,,,,,,,,,,,,,,,,,,,,,,,,,,,,,,,,,,
375,5000003624,2017,1,1,0,0,0,551,,GOLD,SD00,RM00,,,,,,,,,0,0,,H,USD,14351.86,0,14351.86,,,,58,G,58,G,58,G,,,,,0,,,0,X,,,,,,NA00,,,,,,,,,,,,2017,,,US00,,0,,0,0,0,,0,2,,,,,,,,,B,,,,0,,,,,0,0,0,,,,,0,,0,0,0,,,,,0,,,,0,0,0,,,,,,,,,,,,,,,,,,,,,,,,,,,,,,,,,,,,,,,,,,,,,,,,,,,,,,,,,,,,,,,,,,,,,,,,,,,,,,,,,,,,,,,,,,,,
375,5000003625,2017,1,1,0,0,0,551,,GOLD,SD00,RM00,,,,,,,,,0,0,,H,USD,6681.04,0,6681.04,,,,27,G,27,G,27,G,,,,,0,,,0,X,,,,,,NA00,,,,,,,,,,,,2017,,,US00,,0,,0,0,0,,0,2,,,,,,,,,B,,,,0,,,,,0,0,0,,,,,0,,0,0,0,,,,,0,,,,0,0,0,,,,,,,,,,,,,,,,,,,,,,,,,,,,,,,,,,,,,,,,,,,,,,,,,,,,,,,,,,,,,,,,,,,,,,,,,,,,,,,,,,,,,,,,,,,,
375,5000003626,2017,1,1,0,0,0,551,,GOLD,SD00,RM00,,,,,,,,,0,0,,H,USD,11877.41,0,11877.41,,,,48,G,48,G,48,G,,,,,0,,,0,X,,,,,,NA00,,,,,,,,,,,,2017,,,US00,,0,,0,0,0,,0,2,,,,,,,,,B,,,,0,,,,,0,0,0,,,,,0,,0,0,0,,,,,0,,,,0,0,0,,,,,,,,,,,,,,,,,,,,,,,,,,,,,,,,,,,,,,,,,,,,,,,,,,,,,,,,,,,,,,,,,,,,,,,,,,,,,,,,,,,,,,,,,,,,
375,5000003627,2017,1,1,0,0,0,551,,GOLD,SD00,RM00,,,,,,,,,0,0,,H,USD,247.45,0,247.45,,,,1,G,1,G,1,G,,,,,0,,,0,X,,,,,,NA00,,,,,,,,,,,,2017,,,US00,,0,,0,0,0,,0,2,,,,,,,,,B,,,,0,,,,,0,0,0,,,,,0,,0,0,0,,,,,0,,,,0,0,0,,,,,,,,,,,,,,,,,,,,,,,,,,,,,,,,,,,,,,,,,,,,,,,,,,,,,,,,,,,,,,,,,,,,,,,,,,,,,,,,,,,,,,,,,,,,
375,5000003628,2017,1,1,0,0,0,551,,GOLD,SD00,RM00,,,,,,,,,0,0,,H,USD,13609.53,0,13609.53,,,,55,G,55,G,55,G,,,,,0,,,0,X,,,,,,NA00,,,,,,,,,,,,2017,,,US00,,0,,0,0,0,,0,2,,,,,,,,,B,,,,0,,,,,0,0,0,,,,,0,,0,0,0,,,,,0,,,,0,0,0,,,,,,,,,,,,,,,,,,,,,,,,,,,,,,,,,,,,,,,,,,,,,,,,,,,,,,,,,,,,,,,,,,,,,,,,,,,,,,,,,,,,,,,,,,,,
375,5000003629,2017,1,1,0,0,0,551,,GOLD,SD00,RM00,,,,,,,,,0,0,,H,USD,9402.95,0,9402.95,,,,38,G,38,G,38,G,,,,,0,,,0,X,,,,,,NA00,,,,,,,,,,,,2017,,,US00,,0,,0,0,0,,0,2,,,,,,,,,B,,,,0,,,,,0,0,0,,,,,0,,0,0,0,,,,,0,,,,0,0,0,,,,,,,,,,,,,,,,,,,,,,,,,,,,,,,,,,,,,,,,,,,,,,,,,,,,,,,,,,,,,,,,,,,,,,,,,,,,,,,,,,,,,,,,,,,,
375,5000003630,2017,1,1,0,0,0,551,,GOLD,SD00,RM00,,,,,,,,,0,0,,H,USD,5691.26,0,5691.26,,,,23,G,23,G,23,G,,,,,0,,,0,X,,,,,,NA00,,,,,,,,,,,,2017,,,US00,,0,,0,0,0,,0,2,,,,,,,,,B,,,,0,,,,,0,0,0,,,,,0,,0,0,0,,,,,0,,,,0,0,0,,,,,,,,,,,,,,,,,,,,,,,,,,,,,,,,,,,,,,,,,,,,,,,,,,,,,,,,,,,,,,,,,,,,,,,,,,,,,,,,,,,,,,,,,,,,
375,5000003631,2017,1,1,0,0,0,551,,GOLD,SD00,RM00,,,,,,,,,0,0,,H,USD,5938.70,0,5938.70,,,,24,G,24,G,24,G,,,,,0,,,0,X,,,,,,NA00,,,,,,,,,,,,2017,,,US00,,0,,0,0,0,,0,2,,,,,,,,,B,,,,0,,,,,0,0,0,,,,,0,,0,0,0,,,,,0,,,,0,0,0,,,,,,,,,,,,,,,,,,,,,,,,,,,,,,,,,,,,,,,,,,,,,,,,,,,,,,,,,,,,,,,,,,,,,,,,,,,,,,,,,,,,,,,,,,,,
375,5000003632,2017,1,1,0,0,0,551,,GOLD,SD00,RM00,,,,,,,,,0,0,,H,USD,3711.69,0,3711.69,,,,15,G,15,G,15,G,,,,,0,,,0,X,,,,,,NA00,,,,,,,,,,,,2017,,,US00,,0,,0,0,0,,0,2,,,,,,,,,B,,,,0,,,,,0,0,0,,,,,0,,0,0,0,,,,,0,,,,0,0,0,,,,,,,,,,,,,,,,,,,,,,,,,,,,,,,,,,,,,,,,,,,,,,,,,,,,,,,,,,,,,,,,,,,,,,,,,,,,,,,,,,,,,,,,,,,,
375,5000003633,2017,1,1,0,0,0,551,,HEXNT,SD00,RM00,,,,,,,,,0,0,,H,USD,1022.15,0,1022.15,,,,839,LB,839,LB,839,LB,,,,,0,,,0,X,,,,,,NA00,,,,,,,,,,,,2017,,,US00,,0,,0,0,0,,0,2,,,,,,,,,B,,,,0,,,,,0,0,0,,,,,0,,0,0,0,,,,,0,,,,0,0,0,,,,,,,,,,,,,,,,,,,,,,,,,,,,,,,,,,,,,,,,,,,,,,,,,,,,,,,,,,,,,,,,,,,,,,,,,,,,,,,,,,,,,,,,,,,,
375,5000003634,2017,1,1,0,0,0,551,,HEXNT,SD00,RM00,,,,,,,,,0,0,,H,USD,363.05,0,363.05,,,,298,LB,298,LB,298,LB,,,,,0,,,0,X,,,,,,NA00,,,,,,,,,,,,2017,,,US00,,0,,0,0,0,,0,2,,,,,,,,,B,,,,0,,,,,0,0,0,,,,,0,,0,0,0,,,,,0,,,,0,0,0,,,,,,,,,,,,,,,,,,,,,,,,,,,,,,,,,,,,,,,,,,,,,,,,,,,,,,,,,,,,,,,,,,,,,,,,,,,,,,,,,,,,,,,,,,,,
375,5000003635,2017,1,1,0,0,0,551,,HEXNT,SD00,RM00,,,,,,,,,0,0,,H,USD,810.17,0,810.17,,,,665,LB,665,LB,665,LB,,,,,0,,,0,X,,,,,,NA00,,,,,,,,,,,,2017,,,US00,,0,,0,0,0,,0,2,,,,,,,,,B,,,,0,,,,,0,0,0,,,,,0,,0,0,0,,,,,0,,,,0,0,0,,,,,,,,,,,,,,,,,,,,,,,,,,,,,,,,,,,,,,,,,,,,,,,,,,,,,,,,,,,,,,,,,,,,,,,,,,,,,,,,,,,,,,,,,,,,
375,5000003636,2017,1,1,0,0,0,551,,HEXNT,SD00,RM00,,,,,,,,,0,0,,H,USD,1126.93,0,1126.93,,,,925,LB,925,LB,925,LB,,,,,0,,,0,X,,,,,,NA00,,,,,,,,,,,,2017,,,US00,,0,,0,0,0,,0,2,,,,,,,,,B,,,,0,,,,,0,0,0,,,,,0,,0,0,0,,,,,0,,,,0,0,0,,,,,,,,,,,,,,,,,,,,,,,,,,,,,,,,,,,,,,,,,,,,,,,,,,,,,,,,,,,,,,,,,,,,,,,,,,,,,,,,,,,,,,,,,,,,
375,5000003637,2017,1,1,0,0,0,551,,HEXNT,SD00,RM00,,,,,,,,,0,0,,H,USD,2220.96,0,2220.96,,,,1823,LB,1823,LB,1823,LB,,,,,0,,,0,X,,,,,,NA00,,,,,,,,,,,,2017,,,US00,,0,,0,0,0,,0,2,,,,,,,,,B,,,,0,,,,,0,0,0,,,,,0,,0,0,0,,,,,0,,,,0,0,0,,,,,,,,,,,,,,,,,,,,,,,,,,,,,,,,,,,,,,,,,,,,,,,,,,,,,,,,,,,,,,,,,,,,,,,,,,,,,,,,,,,,,,,,,,,,
375,5000003638,2017,1,1,0,0,0,551,,HEXNT,SD00,RM00,,,,,,,,,0,0,,H,USD,942.96,0,942.96,,,,774,LB,774,LB,774,LB,,,,,0,,,0,X,,,,,,NA00,,,,,,,,,,,,2017,,,US00,,0,,0,0,0,,0,2,,,,,,,,,B,,,,0,,,,,0,0,0,,,,,0,,0,0,0,,,,,0,,,,0,0,0,,,,,,,,,,,,,,,,,,,,,,,,,,,,,,,,,,,,,,,,,,,,,,,,,,,,,,,,,,,,,,,,,,,,,,,,,,,,,,,,,,,,,,,,,,,,
375,5000003639,2017,1,1,0,0,0,551,,HEXNT,SD00,RM00,,,,,,,,,0,0,,H,USD,79.19,0,79.19,,,,65,LB,65,LB,65,LB,,,,,0,,,0,X,,,,,,NA00,,,,,,,,,,,,2017,,,US00,,0,,0,0,0,,0,2,,,,,,,,,B,,,,0,,,,,0,0,0,,,,,0,,0,0,0,,,,,0,,,,0,0,0,,,,,,,,,,,,,,,,,,,,,,,,,,,,,,,,,,,,,,,,,,,,,,,,,,,,,,,,,,,,,,,,,,,,,,,,,,,,,,,,,,,,,,,,,,,,
375,5000003640,2017,1,1,0,0,0,551,,HEXNT,SD00,RM00,,,,,,,,,0,0,,H,USD,294.83,0,294.83,,,,242,LB,242,LB,242,LB,,,,,0,,,0,X,,,,,,NA00,,,,,,,,,,,,2017,,,US00,,0,,0,0,0,,0,2,,,,,,,,,B,,,,0,,,,,0,0,0,,,,,0,,0,0,0,,,,,0,,,,0,0,0,,,,,,,,,,,,,,,,,,,,,,,,,,,,,,,,,,,,,,,,,,,,,,,,,,,,,,,,,,,,,,,,,,,,,,,,,,,,,,,,,,,,,,,,,,,,
375,5000003641,2017,1,1,0,0,0,551,,HEXNT,SD00,RM00,,,,,,,,,0,0,,H,USD,705.39,0,705.39,,,,579,LB,579,LB,579,LB,,,,,0,,,0,X,,,,,,NA00,,,,,,,,,,,,2017,,,US00,,0,,0,0,0,,0,2,,,,,,,,,B,,,,0,,,,,0,0,0,,,,,0,,0,0,0,,,,,0,,,,0,0,0,,,,,,,,,,,,,,,,,,,,,,,,,,,,,,,,,,,,,,,,,,,,,,,,,,,,,,,,,,,,,,,,,,,,,,,,,,,,,,,,,,,,,,,,,,,,
375,5000003642,2017,1,1,0,0,0,551,,HEXNT,SD00,RM00,,,,,,,,,0,0,,H,USD,3.65,0,3.65,,,,3,LB,3,LB,3,LB,,,,,0,,,0,X,,,,,,NA00,,,,,,,,,,,,2017,,,US00,,0,,0,0,0,,0,2,,,,,,,,,B,,,,0,,,,,0,0,0,,,,,0,,0,0,0,,,,,0,,,,0,0,0,,,,,,,,,,,,,,,,,,,,,,,,,,,,,,,,,,,,,,,,,,,,,,,,,,,,,,,,,,,,,,,,,,,,,,,,,,,,,,,,,,,,,,,,,,,,
375,5000003643,2017,1,1,0,0,0,551,,HEXNT,SD00,RM00,,,,,,,,,0,0,,H,USD,947.84,0,947.84,,,,778,LB,778,LB,778,LB,,,,,0,,,0,X,,,,,,NA00,,,,,,,,,,,,2017,,,US00,,0,,0,0,0,,0,2,,,,,,,,,B,,,,0,,,,,0,0,0,,,,,0,,0,0,0,,,,,0,,,,0,0,0,,,,,,,,,,,,,,,,,,,,,,,,,,,,,,,,,,,,,,,,,,,,,,,,,,,,,,,,,,,,,,,,,,,,,,,,,,,,,,,,,,,,,,,,,,,,
375,5000003644,2017,1,1,0,0,0,551,,HEXNT,SD00,RM00,,,,,,,,,0,0,,H,USD,13.40,0,13.40,,,,11,LB,11,LB,11,LB,,,,,0,,,0,X,,,,,,NA00,,,,,,,,,,,,2017,,,US00,,0,,0,0,0,,0,2,,,,,,,,,B,,,,0,,,,,0,0,0,,,,,0,,0,0,0,,,,,0,,,,0,0,0,,,,,,,,,,,,,,,,,,,,,,,,,,,,,,,,,,,,,,,,,,,,,,,,,,,,,,,,,,,,,,,,,,,,,,,,,,,,,,,,,,,,,,,,,,,,
375,5000003645,2017,1,1,0,0,0,551,,HEXNT,SD00,RM00,,,,,,,,,0,0,,H,USD,430.06,0,430.06,,,,353,LB,353,LB,353,LB,,,,,0,,,0,X,,,,,,NA00,,,,,,,,,,,,2017,,,US00,,0,,0,0,0,,0,2,,,,,,,,,B,,,,0,,,,,0,0,0,,,,,0,,0,0,0,,,,,0,,,,0,0,0,,,,,,,,,,,,,,,,,,,,,,,,,,,,,,,,,,,,,,,,,,,,,,,,,,,,,,,,,,,,,,,,,,,,,,,,,,,,,,,,,,,,,,,,,,,,
375,5000003646,2017,1,1,0,0,0,551,,ICAN HEADMASK,SD00,RM00,,,,,,,,,0,0,,H,USD,1913.88,0,1913.88,,,,1,EA,1,EA,1,EA,,,,,0,,,0,X,,,,,,NA00,,,,,,,,,,,,2017,,,US00,,0,,0,0,0,,0,2,,,,,,,,,B,,,,0,,,,,0,0,0,,,,,0,,0,0,0,,,,,0,,,,0,0,0,,,,,,,,,,,,,,,,,,,,,,,,,,,,,,,,,,,,,,,,,,,,,,,,,,,,,,,,,,,,,,,,,,,,,,,,,,,,,,,,,,,,,,,,,,,,
375,5000003647,2017,1,1,0,0,0,551,,ICAN HEADMASK,SD00,RM00,,,,,,,,,0,0,,H,USD,17224.88,0,17224.88,,,,9,EA,9,EA,9,EA,,,,,0,,,0,X,,,,,,NA00,,,,,,,,,,,,2017,,,US00,,0,,0,0,0,,0,2,,,,,,,,,B,,,,0,,,,,0,0,0,,,,,0,,0,0,0,,,,,0,,,,0,0,0,,,,,,,,,,,,,,,,,,,,,,,,,,,,,,,,,,,,,,,,,,,,,,,,,,,,,,,,,,,,,,,,,,,,,,,,,,,,,,,,,,,,,,,,,,,,
375,5000003648,2017,1,1,0,0,0,551,,ICAN HEADMASK,SD00,RM00,,,,,,,,,0,0,,H,USD,3827.75,0,3827.75,,,,2,EA,2,EA,2,EA,,,,,0,,,0,X,,,,,,NA00,,,,,,,,,,,,2017,,,US00,,0,,0,0,0,,0,2,,,,,,,,,B,,,,0,,,,,0,0,0,,,,,0,,0,0,0,,,,,0,,,,0,0,0,,,,,,,,,,,,,,,,,,,,,,,,,,,,,,,,,,,,,,,,,,,,,,,,,,,,,,,,,,,,,,,,,,,,,,,,,,,,,,,,,,,,,,,,,,,,
375,5000003649,2017,1,1,0,0,0,551,,ICAN HEADMASK,SD00,RM00,,,,,,,,,0,0,,H,USD,1913.88,0,1913.88,,,,1,EA,1,EA,1,EA,,,,,0,,,0,X,,,,,,NA00,,,,,,,,,,,,2017,,,US00,,0,,0,0,0,,0,2,,,,,,,,,B,,,,0,,,,,0,0,0,,,,,0,,0,0,0,,,,,0,,,,0,0,0,,,,,,,,,,,,,,,,,,,,,,,,,,,,,,,,,,,,,,,,,,,,,,,,,,,,,,,,,,,,,,,,,,,,,,,,,,,,,,,,,,,,,,,,,,,,
375,5000003650,2017,1,1,0,0,0,551,,ICAN HEADMASK,SD00,RM00,,,,,,,,,0,0,,H,USD,1913.88,0,1913.88,,,,1,EA,1,EA,1,EA,,,,,0,,,0,X,,,,,,NA00,,,,,,,,,,,,2017,,,US00,,0,,0,0,0,,0,2,,,,,,,,,B,,,,0,,,,,0,0,0,,,,,0,,0,0,0,,,,,0,,,,0,0,0,,,,,,,,,,,,,,,,,,,,,,,,,,,,,,,,,,,,,,,,,,,,,,,,,,,,,,,,,,,,,,,,,,,,,,,,,,,,,,,,,,,,,,,,,,,,
375,5000003651,2017,1,1,0,0,0,551,,ICAN HEADMASK,SD00,RM00,,,,,,,,,0,0,,H,USD,11483.25,0,11483.25,,,,6,EA,6,EA,6,EA,,,,,0,,,0,X,,,,,,NA00,,,,,,,,,,,,2017,,,US00,,0,,0,0,0,,0,2,,,,,,,,,B,,,,0,,,,,0,0,0,,,,,0,,0,0,0,,,,,0,,,,0,0,0,,,,,,,,,,,,,,,,,,,,,,,,,,,,,,,,,,,,,,,,,,,,,,,,,,,,,,,,,,,,,,,,,,,,,,,,,,,,,,,,,,,,,,,,,,,,
375,5000003652,2017,1,1,0,0,0,551,,ICAN HEADMASK,SD00,RM00,,,,,,,,,0,0,,H,USD,7655.50,0,7655.50,,,,4,EA,4,EA,4,EA,,,,,0,,,0,X,,,,,,NA00,,,,,,,,,,,,2017,,,US00,,0,,0,0,0,,0,2,,,,,,,,,B,,,,0,,,,,0,0,0,,,,,0,,0,0,0,,,,,0,,,,0,0,0,,,,,,,,,,,,,,,,,,,,,,,,,,,,,,,,,,,,,,,,,,,,,,,,,,,,,,,,,,,,,,,,,,,,,,,,,,,,,,,,,,,,,,,,,,,,
375,5000003653,2017,1,1,0,0,0,551,,ICAN HEADMASK,SD00,RM00,,,,,,,,,0,0,,H,USD,1913.88,0,1913.88,,,,1,EA,1,EA,1,EA,,,,,0,,,0,X,,,,,,NA00,,,,,,,,,,,,2017,,,US00,,0,,0,0,0,,0,2,,,,,,,,,B,,,,0,,,,,0,0,0,,,,,0,,0,0,0,,,,,0,,,,0,0,0,,,,,,,,,,,,,,,,,,,,,,,,,,,,,,,,,,,,,,,,,,,,,,,,,,,,,,,,,,,,,,,,,,,,,,,,,,,,,,,,,,,,,,,,,,,,
375,5000003654,2017,1,1,0,0,0,551,,ICAN HEADMASK,SD00,RM00,,,,,,,,,0,0,,H,USD,9569.38,0,9569.38,,,,5,EA,5,EA,5,EA,,,,,0,,,0,X,,,,,,NA00,,,,,,,,,,,,2017,,,US00,,0,,0,0,0,,0,2,,,,,,,,,B,,,,0,,,,,0,0,0,,,,,0,,0,0,0,,,,,0,,,,0,0,0,,,,,,,,,,,,,,,,,,,,,,,,,,,,,,,,,,,,,,,,,,,,,,,,,,,,,,,,,,,,,,,,,,,,,,,,,,,,,,,,,,,,,,,,,,,,
375,5000003655,2017,1,1,0,0,0,551,,IRON,SD00,RM00,,,,,,,,,0,0,,H,USD,106.64,0,106.64,,,,105,LB,105,LB,105,LB,,,,,0,,,0,X,,,,,,NA00,,,,,,,,,,,,2017,,,US00,,0,,0,0,0,,0,2,,,,,,,,,B,,,,0,,,,,0,0,0,,,,,0,,0,0,0,,,,,0,,,,0,0,0,,,,,,,,,,,,,,,,,,,,,,,,,,,,,,,,,,,,,,,,,,,,,,,,,,,,,,,,,,,,,,,,,,,,,,,,,,,,,,,,,,,,,,,,,,,,
375,5000003656,2017,1,1,0,0,0,551,,IRON,SD00,RM00,,,,,,,,,0,0,,H,USD,163.51,0,163.51,,,,161,LB,161,LB,161,LB,,,,,0,,,0,X,,,,,,NA00,,,,,,,,,,,,2017,,,US00,,0,,0,0,0,,0,2,,,,,,,,,B,,,,0,,,,,0,0,0,,,,,0,,0,0,0,,,,,0,,,,0,0,0,,,,,,,,,,,,,,,,,,,,,,,,,,,,,,,,,,,,,,,,,,,,,,,,,,,,,,,,,,,,,,,,,,,,,,,,,,,,,,,,,,,,,,,,,,,,
375,5000003657,2017,1,1,0,0,0,551,,KRYPTONITE,SD00,RM00,,,,,,,,,0,0,,H,USD,60306.83,0,60306.83,,,,2480,LB,2480,LB,2480,LB,,,,,0,,,0,X,,,,,,NA00,,,,,,,,,,,,2017,,,US00,,0,,0,0,0,,0,2,,,,,,,,,B,,,,0,,,,,0,0,0,,,,,0,,0,0,0,,,,,0,,,,0,0,0,,,,,,,,,,,,,,,,,,,,,,,,,,,,,,,,,,,,,,,,,,,,,,,,,,,,,,,,,,,,,,,,,,,,,,,,,,,,,,,,,,,,,,,,,,,,
375,5000003658,2017,1,1,0,0,0,551,,KRYPTONITE,SD00,RM00,,,,,,,,,0,0,,H,USD,156797.75,0,156797.75,,,,6448,LB,6448,LB,6448,LB,,,,,0,,,0,X,,,,,,NA00,,,,,,,,,,,,2017,,,US00,,0,,0,0,0,,0,2,,,,,,,,,B,,,,0,,,,,0,0,0,,,,,0,,0,0,0,,,,,0,,,,0,0,0,,,,,,,,,,,,,,,,,,,,,,,,,,,,,,,,,,,,,,,,,,,,,,,,,,,,,,,,,,,,,,,,,,,,,,,,,,,,,,,,,,,,,,,,,,,,
375,5000003659,2017,1,1,0,0,0,551,,KRYPTONITE,SD00,RM00,,,,,,,,,0,0,,H,USD,130218.98,0,130218.98,,,,5355,LB,5355,LB,5355,LB,,,,,0,,,0,X,,,,,,NA00,,,,,,,,,,,,2017,,,US00,,0,,0,0,0,,0,2,,,,,,,,,B,,,,0,,,,,0,0,0,,,,,0,,0,0,0,,,,,0,,,,0,0,0,,,,,,,,,,,,,,,,,,,,,,,,,,,,,,,,,,,,,,,,,,,,,,,,,,,,,,,,,,,,,,,,,,,,,,,,,,,,,,,,,,,,,,,,,,,,
375,5000003660,2017,1,1,0,0,0,551,,LIQUID,SD00,RM00,,,,,,,,,0,0,,H,USD,219.35,0,219.35,,,,2,FOZ,2,FOZ,2,FOZ,,,,,0,,,0,X,,,,,,NA00,,,,,,,,,,,,2017,,,US00,,0,,0,0,0,,0,2,,,,,,,,,B,,,,0,,,,,0,0,0,,,,,0,,0,0,0,,,,,0,,,,0,0,0,,,,,,,,,,,,,,,,,,,,,,,,,,,,,,,,,,,,,,,,,,,,,,,,,,,,,,,,,,,,,,,,,,,,,,,,,,,,,,,,,,,,,,,,,,,,
375,5000003661,2017,1,1,0,0,0,551,,LIQUID,SD00,RM00,,,,,,,,,0,0,,H,USD,109.68,0,109.68,,,,1,FOZ,1,FOZ,1,FOZ,,,,,0,,,0,X,,,,,,NA00,,,,,,,,,,,,2017,,,US00,,0,,0,0,0,,0,2,,,,,,,,,B,,,,0,,,,,0,0,0,,,,,0,,0,0,0,,,,,0,,,,0,0,0,,,,,,,,,,,,,,,,,,,,,,,,,,,,,,,,,,,,,,,,,,,,,,,,,,,,,,,,,,,,,,,,,,,,,,,,,,,,,,,,,,,,,,,,,,,,
375,5000003662,2017,1,1,0,0,0,551,,LIQUID,SD00,RM00,,,,,,,,,0,0,,H,USD,329.03,0,329.03,,,,3,FOZ,3,FOZ,3,FOZ,,,,,0,,,0,X,,,,,,NA00,,,,,,,,,,,,2017,,,US00,,0,,0,0,0,,0,2,,,,,,,,,B,,,,0,,,,,0,0,0,,,,,0,,0,0,0,,,,,0,,,,0,0,0,,,,,,,,,,,,,,,,,,,,,,,,,,,,,,,,,,,,,,,,,,,,,,,,,,,,,,,,,,,,,,,,,,,,,,,,,,,,,,,,,,,,,,,,,,,,
375,5000003663,2017,1,1,0,0,0,551,,MAGICDUST,SD00,RM00,,,,,,,,,0,0,,H,USD,5276.38,0,5276.38,,,,483,LB,483,LB,483,LB,,,,,0,,,0,X,,,,,,NA00,,,,,,,,,,,,2017,,,US00,,0,,0,0,0,,0,2,,,,,,,,,B,,,,0,,,,,0,0,0,,,,,0,,0,0,0,,,,,0,,,,0,0,0,,,,,,,,,,,,,,,,,,,,,,,,,,,,,,,,,,,,,,,,,,,,,,,,,,,,,,,,,,,,,,,,,,,,,,,,,,,,,,,,,,,,,,,,,,,,
375,5000003664,2017,1,1,0,0,0,551,,MAGICDUST,SD00,RM00,,,,,,,,,0,0,,H,USD,3408.35,0,3408.35,,,,312,LB,312,LB,312,LB,,,,,0,,,0,X,,,,,,NA00,,,,,,,,,,,,2017,,,US00,,0,,0,0,0,,0,2,,,,,,,,,B,,,,0,,,,,0,0,0,,,,,0,,0,0,0,,,,,0,,,,0,0,0,,,,,,,,,,,,,,,,,,,,,,,,,,,,,,,,,,,,,,,,,,,,,,,,,,,,,,,,,,,,,,,,,,,,,,,,,,,,,,,,,,,,,,,,,,,,
375,5000003665,2017,1,1,0,0,0,551,,MAGICDUST,SD00,RM00,,,,,,,,,0,0,,H,USD,5571.33,0,5571.33,,,,510,LB,510,LB,510,LB,,,,,0,,,0,X,,,,,,NA00,,,,,,,,,,,,2017,,,US00,,0,,0,0,0,,0,2,,,,,,,,,B,,,,0,,,,,0,0,0,,,,,0,,0,0,0,,,,,0,,,,0,0,0,,,,,,,,,,,,,,,,,,,,,,,,,,,,,,,,,,,,,,,,,,,,,,,,,,,,,,,,,,,,,,,,,,,,,,,,,,,,,,,,,,,,,,,,,,,,
375,5000003666,2017,1,1,0,0,0,551,,ORANGE,SD00,RM00,,,,,,,,,0,0,,H,USD,44222.08,0,44222.08,,,,137,TO,137,TO,137,TO,,,,,0,,,0,X,,,,,,NA00,,,,,,,,,,,,2017,,,US00,,0,,0,0,0,,0,2,,,,,,,,,B,,,,0,,,,,0,0,0,,,,,0,,0,0,0,,,,,0,,,,0,0,0,,,,,,,,,,,,,,,,,,,,,,,,,,,,,,,,,,,,,,,,,,,,,,,,,,,,,,,,,,,,,,,,,,,,,,,,,,,,,,,,,,,,,,,,,,,,
375,5000003667,2017,1,1,0,0,0,551,,ORANGE,SD00,RM00,,,,,,,,,0,0,,H,USD,5164.62,0,5164.62,,,,16,TO,16,TO,16,TO,,,,,0,,,0,X,,,,,,NA00,,,,,,,,,,,,2017,,,US00,,0,,0,0,0,,0,2,,,,,,,,,B,,,,0,,,,,0,0,0,,,,,0,,0,0,0,,,,,0,,,,0,0,0,,,,,,,,,,,,,,,,,,,,,,,,,,,,,,,,,,,,,,,,,,,,,,,,,,,,,,,,,,,,,,,,,,,,,,,,,,,,,,,,,,,,,,,,,,,,
375,5000003668,2017,1,1,0,0,0,551,,ORANGE,SD00,RM00,,,,,,,,,0,0,,H,USD,25500.32,0,25500.32,,,,79,TO,79,TO,79,TO,,,,,0,,,0,X,,,,,,NA00,,,,,,,,,,,,2017,,,US00,,0,,0,0,0,,0,2,,,,,,,,,B,,,,0,,,,,0,0,0,,,,,0,,0,0,0,,,,,0,,,,0,0,0,,,,,,,,,,,,,,,,,,,,,,,,,,,,,,,,,,,,,,,,,,,,,,,,,,,,,,,,,,,,,,,,,,,,,,,,,,,,,,,,,,,,,,,,,,,,
375,5000003669,2017,1,1,0,0,0,551,,ORANGE,SD00,RM00,,,,,,,,,0,0,,H,USD,2905.10,0,2905.10,,,,9,TO,9,TO,9,TO,,,,,0,,,0,X,,,,,,NA00,,,,,,,,,,,,2017,,,US00,,0,,0,0,0,,0,2,,,,,,,,,B,,,,0,,,,,0,0,0,,,,,0,,0,0,0,,,,,0,,,,0,0,0,,,,,,,,,,,,,,,,,,,,,,,,,,,,,,,,,,,,,,,,,,,,,,,,,,,,,,,,,,,,,,,,,,,,,,,,,,,,,,,,,,,,,,,,,,,,
375,5000003670,2017,1,1,0,0,0,551,,ORANGE,SD00,RM00,,,,,,,,,0,0,,H,USD,2259.52,0,2259.52,,,,7,TO,7,TO,7,TO,,,,,0,,,0,X,,,,,,NA00,,,,,,,,,,,,2017,,,US00,,0,,0,0,0,,0,2,,,,,,,,,B,,,,0,,,,,0,0,0,,,,,0,,0,0,0,,,,,0,,,,0,0,0,,,,,,,,,,,,,,,,,,,,,,,,,,,,,,,,,,,,,,,,,,,,,,,,,,,,,,,,,,,,,,,,,,,,,,,,,,,,,,,,,,,,,,,,,,,,
375,5000003671,2017,1,1,0,0,0,551,,ORANGE,SD00,RM00,,,,,,,,,0,0,,H,USD,20335.70,0,20335.70,,,,63,TO,63,TO,63,TO,,,,,0,,,0,X,,,,,,NA00,,,,,,,,,,,,2017,,,US00,,0,,0,0,0,,0,2,,,,,,,,,B,,,,0,,,,,0,0,0,,,,,0,,0,0,0,,,,,0,,,,0,0,0,,,,,,,,,,,,,,,,,,,,,,,,,,,,,,,,,,,,,,,,,,,,,,,,,,,,,,,,,,,,,,,,,,,,,,,,,,,,,,,,,,,,,,,,,,,,
375,5000003672,2017,1,1,0,0,0,551,,ORANGE,SD00,RM00,,,,,,,,,0,0,,H,USD,19367.33,0,19367.33,,,,60,TO,60,TO,60,TO,,,,,0,,,0,X,,,,,,NA00,,,,,,,,,,,,2017,,,US00,,0,,0,0,0,,0,2,,,,,,,,,B,,,,0,,,,,0,0,0,,,,,0,,0,0,0,,,,,0,,,,0,0,0,,,,,,,,,,,,,,,,,,,,,,,,,,,,,,,,,,,,,,,,,,,,,,,,,,,,,,,,,,,,,,,,,,,,,,,,,,,,,,,,,,,,,,,,,,,,
375,5000003673,2017,1,1,0,0,0,551,,ORANGE,SD00,RM00,,,,,,,,,0,0,,H,USD,12265.98,0,12265.98,,,,38,TO,38,TO,38,TO,,,,,0,,,0,X,,,,,,NA00,,,,,,,,,,,,2017,,,US00,,0,,0,0,0,,0,2,,,,,,,,,B,,,,0,,,,,0,0,0,,,,,0,,0,0,0,,,,,0,,,,0,0,0,,,,,,,,,,,,,,,,,,,,,,,,,,,,,,,,,,,,,,,,,,,,,,,,,,,,,,,,,,,,,,,,,,,,,,,,,,,,,,,,,,,,,,,,,,,,
375,5000003674,2017,1,1,0,0,0,551,,ORANGE,SD00,RM00,,,,,,,,,0,0,,H,USD,21949.64,0,21949.64,,,,68,TO,68,TO,68,TO,,,,,0,,,0,X,,,,,,NA00,,,,,,,,,,,,2017,,,US00,,0,,0,0,0,,0,2,,,,,,,,,B,,,,0,,,,,0,0,0,,,,,0,,0,0,0,,,,,0,,,,0,0,0,,,,,,,,,,,,,,,,,,,,,,,,,,,,,,,,,,,,,,,,,,,,,,,,,,,,,,,,,,,,,,,,,,,,,,,,,,,,,,,,,,,,,,,,,,,,
375,5000003675,2017,1,1,0,0,0,551,,ORANGE,SD00,RM00,,,,,,,,,0,0,,H,USD,21626.86,0,21626.86,,,,67,TO,67,TO,67,TO,,,,,0,,,0,X,,,,,,NA00,,,,,,,,,,,,2017,,,US00,,0,,0,0,0,,0,2,,,,,,,,,B,,,,0,,,,,0,0,0,,,,,0,,0,0,0,,,,,0,,,,0,0,0,,,,,,,,,,,,,,,,,,,,,,,,,,,,,,,,,,,,,,,,,,,,,,,,,,,,,,,,,,,,,,,,,,,,,,,,,,,,,,,,,,,,,,,,,,,,
375,5000003676,2017,1,1,0,0,0,551,,ORANGE,SD00,RM00,,,,,,,,,0,0,,H,USD,16139.44,0,16139.44,,,,50,TO,50,TO,50,TO,,,,,0,,,0,X,,,,,,NA00,,,,,,,,,,,,2017,,,US00,,0,,0,0,0,,0,2,,,,,,,,,B,,,,0,,,,,0,0,0,,,,,0,,0,0,0,,,,,0,,,,0,0,0,,,,,,,,,,,,,,,,,,,,,,,,,,,,,,,,,,,,,,,,,,,,,,,,,,,,,,,,,,,,,,,,,,,,,,,,,,,,,,,,,,,,,,,,,,,,
375,5000003677,2017,1,1,0,0,0,551,,ORANGE,SD00,RM00,,,,,,,,,0,0,,H,USD,14202.71,0,14202.71,,,,44,TO,44,TO,44,TO,,,,,0,,,0,X,,,,,,NA00,,,,,,,,,,,,2017,,,US00,,0,,0,0,0,,0,2,,,,,,,,,B,,,,0,,,,,0,0,0,,,,,0,,0,0,0,,,,,0,,,,0,0,0,,,,,,,,,,,,,,,,,,,,,,,,,,,,,,,,,,,,,,,,,,,,,,,,,,,,,,,,,,,,,,,,,,,,,,,,,,,,,,,,,,,,,,,,,,,,
375,5000003678,2017,1,1,0,0,0,551,,ORANGE,SD00,RM00,,,,,,,,,0,0,,H,USD,22272.43,0,22272.43,,,,69,TO,69,TO,69,TO,,,,,0,,,0,X,,,,,,NA00,,,,,,,,,,,,2017,,,US00,,0,,0,0,0,,0,2,,,,,,,,,B,,,,0,,,,,0,0,0,,,,,0,,0,0,0,,,,,0,,,,0,0,0,,,,,,,,,,,,,,,,,,,,,,,,,,,,,,,,,,,,,,,,,,,,,,,,,,,,,,,,,,,,,,,,,,,,,,,,,,,,,,,,,,,,,,,,,,,,
375,5000003679,2017,1,1,0,0,0,551,,ORANGE,SD00,RM00,,,,,,,,,0,0,,H,USD,16139.44,0,16139.44,,,,50,TO,50,TO,50,TO,,,,,0,,,0,X,,,,,,NA00,,,,,,,,,,,,2017,,,US00,,0,,0,0,0,,0,2,,,,,,,,,B,,,,0,,,,,0,0,0,,,,,0,,0,0,0,,,,,0,,,,0,0,0,,,,,,,,,,,,,,,,,,,,,,,,,,,,,,,,,,,,,,,,,,,,,,,,,,,,,,,,,,,,,,,,,,,,,,,,,,,,,,,,,,,,,,,,,,,,
375,5000003680,2017,1,1,0,0,0,551,,PALLADIUM,SD00,RM00,,,,,,,,,0,0,,H,USD,12.38,0,12.38,,,,2,G,2,G,2,G,,,,,0,,,0,X,,,,,,NA00,,,,,,,,,,,,2017,,,US00,,0,,0,0,0,,0,2,,,,,,,,,B,,,,0,,,,,0,0,0,,,,,0,,0,0,0,,,,,0,,,,0,0,0,,,,,,,,,,,,,,,,,,,,,,,,,,,,,,,,,,,,,,,,,,,,,,,,,,,,,,,,,,,,,,,,,,,,,,,,,,,,,,,,,,,,,,,,,,,,
375,5000003681,2017,1,1,0,0,0,551,,PALLADIUM,SD00,RM00,,,,,,,,,0,0,,H,USD,30.96,0,30.96,,,,5,G,5,G,5,G,,,,,0,,,0,X,,,,,,NA00,,,,,,,,,,,,2017,,,US00,,0,,0,0,0,,0,2,,,,,,,,,B,,,,0,,,,,0,0,0,,,,,0,,0,0,0,,,,,0,,,,0,0,0,,,,,,,,,,,,,,,,,,,,,,,,,,,,,,,,,,,,,,,,,,,,,,,,,,,,,,,,,,,,,,,,,,,,,,,,,,,,,,,,,,,,,,,,,,,,
375,5000003682,2017,1,1,0,0,0,551,,PALLADIUM,SD00,RM00,,,,,,,,,0,0,,H,USD,6.19,0,6.19,,,,1,G,1,G,1,G,,,,,0,,,0,X,,,,,,NA00,,,,,,,,,,,,2017,,,US00,,0,,0,0,0,,0,2,,,,,,,,,B,,,,0,,,,,0,0,0,,,,,0,,0,0,0,,,,,0,,,,0,0,0,,,,,,,,,,,,,,,,,,,,,,,,,,,,,,,,,,,,,,,,,,,,,,,,,,,,,,,,,,,,,,,,,,,,,,,,,,,,,,,,,,,,,,,,,,,,
375,5000003683,2017,1,1,0,0,0,551,,PALLADIUM,SD00,RM00,,,,,,,,,0,0,,H,USD,30.96,0,30.96,,,,5,G,5,G,5,G,,,,,0,,,0,X,,,,,,NA00,,,,,,,,,,,,2017,,,US00,,0,,0,0,0,,0,2,,,,,,,,,B,,,,0,,,,,0,0,0,,,,,0,,0,0,0,,,,,0,,,,0,0,0,,,,,,,,,,,,,,,,,,,,,,,,,,,,,,,,,,,,,,,,,,,,,,,,,,,,,,,,,,,,,,,,,,,,,,,,,,,,,,,,,,,,,,,,,,,,
375,5000003684,2017,1,1,0,0,0,551,,PALLADIUM,SD00,RM00,,,,,,,,,0,0,,H,USD,24.77,0,24.77,,,,4,G,4,G,4,G,,,,,0,,,0,X,,,,,,NA00,,,,,,,,,,,,2017,,,US00,,0,,0,0,0,,0,2,,,,,,,,,B,,,,0,,,,,0,0,0,,,,,0,,0,0,0,,,,,0,,,,0,0,0,,,,,,,,,,,,,,,,,,,,,,,,,,,,,,,,,,,,,,,,,,,,,,,,,,,,,,,,,,,,,,,,,,,,,,,,,,,,,,,,,,,,,,,,,,,,
375,5000003685,2017,1,1,0,0,0,551,,PALLADIUM,SD00,RM00,,,,,,,,,0,0,,H,USD,37.15,0,37.15,,,,6,G,6,G,6,G,,,,,0,,,0,X,,,,,,NA00,,,,,,,,,,,,2017,,,US00,,0,,0,0,0,,0,2,,,,,,,,,B,,,,0,,,,,0,0,0,,,,,0,,0,0,0,,,,,0,,,,0,0,0,,,,,,,,,,,,,,,,,,,,,,,,,,,,,,,,,,,,,,,,,,,,,,,,,,,,,,,,,,,,,,,,,,,,,,,,,,,,,,,,,,,,,,,,,,,,
375,5000003686,2017,1,1,0,0,0,551,,PALLADIUM,SD00,RM00,,,,,,,,,0,0,,H,USD,6.19,0,6.19,,,,1,G,1,G,1,G,,,,,0,,,0,X,,,,,,NA00,,,,,,,,,,,,2017,,,US00,,0,,0,0,0,,0,2,,,,,,,,,B,,,,0,,,,,0,0,0,,,,,0,,0,0,0,,,,,0,,,,0,0,0,,,,,,,,,,,,,,,,,,,,,,,,,,,,,,,,,,,,,,,,,,,,,,,,,,,,,,,,,,,,,,,,,,,,,,,,,,,,,,,,,,,,,,,,,,,,
375,5000003687,2017,1,1,0,0,0,551,,PALLADIUM,SD00,RM00,,,,,,,,,0,0,,H,USD,12.38,0,12.38,,,,2,G,2,G,2,G,,,,,0,,,0,X,,,,,,NA00,,,,,,,,,,,,2017,,,US00,,0,,0,0,0,,0,2,,,,,,,,,B,,,,0,,,,,0,0,0,,,,,0,,0,0,0,,,,,0,,,,0,0,0,,,,,,,,,,,,,,,,,,,,,,,,,,,,,,,,,,,,,,,,,,,,,,,,,,,,,,,,,,,,,,,,,,,,,,,,,,,,,,,,,,,,,,,,,,,,
375,5000003688,2017,1,1,0,0,0,551,,PALLADIUM,SD00,RM00,,,,,,,,,0,0,,H,USD,18.58,0,18.58,,,,3,G,3,G,3,G,,,,,0,,,0,X,,,,,,NA00,,,,,,,,,,,,2017,,,US00,,0,,0,0,0,,0,2,,,,,,,,,B,,,,0,,,,,0,0,0,,,,,0,,0,0,0,,,,,0,,,,0,0,0,,,,,,,,,,,,,,,,,,,,,,,,,,,,,,,,,,,,,,,,,,,,,,,,,,,,,,,,,,,,,,,,,,,,,,,,,,,,,,,,,,,,,,,,,,,,
375,5000003689,2017,1,1,0,0,0,551,,PALLADIUM,SD00,RM00,,,,,,,,,0,0,,H,USD,24.77,0,24.77,,,,4,G,4,G,4,G,,,,,0,,,0,X,,,,,,NA00,,,,,,,,,,,,2017,,,US00,,0,,0,0,0,,0,2,,,,,,,,,B,,,,0,,,,,0,0,0,,,,,0,,0,0,0,,,,,0,,,,0,0,0,,,,,,,,,,,,,,,,,,,,,,,,,,,,,,,,,,,,,,,,,,,,,,,,,,,,,,,,,,,,,,,,,,,,,,,,,,,,,,,,,,,,,,,,,,,,
375,5000003690,2017,1,1,0,0,0,551,,PALLADIUM,SD00,RM00,,,,,,,,,0,0,,H,USD,30.96,0,30.96,,,,5,G,5,G,5,G,,,,,0,,,0,X,,,,,,NA00,,,,,,,,,,,,2017,,,US00,,0,,0,0,0,,0,2,,,,,,,,,B,,,,0,,,,,0,0,0,,,,,0,,0,0,0,,,,,0,,,,0,0,0,,,,,,,,,,,,,,,,,,,,,,,,,,,,,,,,,,,,,,,,,,,,,,,,,,,,,,,,,,,,,,,,,,,,,,,,,,,,,,,,,,,,,,,,,,,,
375,5000003691,2017,1,1,0,0,0,551,,PALLADIUM,SD00,RM00,,,,,,,,,0,0,,H,USD,18.58,0,18.58,,,,3,G,3,G,3,G,,,,,0,,,0,X,,,,,,NA00,,,,,,,,,,,,2017,,,US00,,0,,0,0,0,,0,2,,,,,,,,,B,,,,0,,,,,0,0,0,,,,,0,,0,0,0,,,,,0,,,,0,0,0,,,,,,,,,,,,,,,,,,,,,,,,,,,,,,,,,,,,,,,,,,,,,,,,,,,,,,,,,,,,,,,,,,,,,,,,,,,,,,,,,,,,,,,,,,,,
375,5000003692,2017,1,1,0,0,0,551,,ROMANIAN RUBY,SD00,RM00,,,,,,,,,0,0,,H,USD,31218.04,0,31218.04,,,,3,G,3,G,3,G,,,,,0,,,0,X,,,,,,NA00,,,,,,,,,,,,2017,,,US00,,0,,0,0,0,,0,2,,,,,,,,,B,,,,0,,,,,0,0,0,,,,,0,,0,0,0,,,,,0,,,,0,0,0,,,,,,,,,,,,,,,,,,,,,,,,,,,,,,,,,,,,,,,,,,,,,,,,,,,,,,,,,,,,,,,,,,,,,,,,,,,,,,,,,,,,,,,,,,,,
375,5000003693,2017,1,1,0,0,0,551,,ROMANIAN RUBY,SD00,RM00,,,,,,,,,0,0,,H,USD,52030.06,0,52030.06,,,,5,G,5,G,5,G,,,,,0,,,0,X,,,,,,NA00,,,,,,,,,,,,2017,,,US00,,0,,0,0,0,,0,2,,,,,,,,,B,,,,0,,,,,0,0,0,,,,,0,,0,0,0,,,,,0,,,,0,0,0,,,,,,,,,,,,,,,,,,,,,,,,,,,,,,,,,,,,,,,,,,,,,,,,,,,,,,,,,,,,,,,,,,,,,,,,,,,,,,,,,,,,,,,,,,,,
375,5000003694,2017,1,1,0,0,0,551,,ROMANIAN RUBY,SD00,RM00,,,,,,,,,0,0,,H,USD,10406.01,0,10406.01,,,,1,G,1,G,1,G,,,,,0,,,0,X,,,,,,NA00,,,,,,,,,,,,2017,,,US00,,0,,0,0,0,,0,2,,,,,,,,,B,,,,0,,,,,0,0,0,,,,,0,,0,0,0,,,,,0,,,,0,0,0,,,,,,,,,,,,,,,,,,,,,,,,,,,,,,,,,,,,,,,,,,,,,,,,,,,,,,,,,,,,,,,,,,,,,,,,,,,,,,,,,,,,,,,,,,,,
375,5000003695,2017,1,1,0,0,0,551,,ROMANIAN RUBY,SD00,RM00,,,,,,,,,0,0,,H,USD,31218.04,0,31218.04,,,,3,G,3,G,3,G,,,,,0,,,0,X,,,,,,NA00,,,,,,,,,,,,2017,,,US00,,0,,0,0,0,,0,2,,,,,,,,,B,,,,0,,,,,0,0,0,,,,,0,,0,0,0,,,,,0,,,,0,0,0,,,,,,,,,,,,,,,,,,,,,,,,,,,,,,,,,,,,,,,,,,,,,,,,,,,,,,,,,,,,,,,,,,,,,,,,,,,,,,,,,,,,,,,,,,,,
375,5000003696,2017,1,1,0,0,0,551,,ROMANIAN RUBY,SD00,RM00,,,,,,,,,0,0,,H,USD,41624.05,0,41624.05,,,,4,G,4,G,4,G,,,,,0,,,0,X,,,,,,NA00,,,,,,,,,,,,2017,,,US00,,0,,0,0,0,,0,2,,,,,,,,,B,,,,0,,,,,0,0,0,,,,,0,,0,0,0,,,,,0,,,,0,0,0,,,,,,,,,,,,,,,,,,,,,,,,,,,,,,,,,,,,,,,,,,,,,,,,,,,,,,,,,,,,,,,,,,,,,,,,,,,,,,,,,,,,,,,,,,,,
375,5000003697,2017,1,1,0,0,0,551,,ROMANIAN RUBY,SD00,RM00,,,,,,,,,0,0,,H,USD,10406.01,0,10406.01,,,,1,G,1,G,1,G,,,,,0,,,0,X,,,,,,NA00,,,,,,,,,,,,2017,,,US00,,0,,0,0,0,,0,2,,,,,,,,,B,,,,0,,,,,0,0,0,,,,,0,,0,0,0,,,,,0,,,,0,0,0,,,,,,,,,,,,,,,,,,,,,,,,,,,,,,,,,,,,,,,,,,,,,,,,,,,,,,,,,,,,,,,,,,,,,,,,,,,,,,,,,,,,,,,,,,,,
375,5000003698,2017,1,1,0,0,0,551,,ROMANIAN RUBY,SD00,RM00,,,,,,,,,0,0,,H,USD,31218.04,0,31218.04,,,,3,G,3,G,3,G,,,,,0,,,0,X,,,,,,NA00,,,,,,,,,,,,2017,,,US00,,0,,0,0,0,,0,2,,,,,,,,,B,,,,0,,,,,0,0,0,,,,,0,,0,0,0,,,,,0,,,,0,0,0,,,,,,,,,,,,,,,,,,,,,,,,,,,,,,,,,,,,,,,,,,,,,,,,,,,,,,,,,,,,,,,,,,,,,,,,,,,,,,,,,,,,,,,,,,,,
375,5000003699,2017,1,1,0,0,0,551,,ROMANIAN RUBY,SD00,RM00,,,,,,,,,0,0,,H,USD,31218.04,0,31218.04,,,,3,G,3,G,3,G,,,,,0,,,0,X,,,,,,NA00,,,,,,,,,,,,2017,,,US00,,0,,0,0,0,,0,2,,,,,,,,,B,,,,0,,,,,0,0,0,,,,,0,,0,0,0,,,,,0,,,,0,0,0,,,,,,,,,,,,,,,,,,,,,,,,,,,,,,,,,,,,,,,,,,,,,,,,,,,,,,,,,,,,,,,,,,,,,,,,,,,,,,,,,,,,,,,,,,,,
375,5000003700,2017,1,1,0,0,0,551,,ROMANIAN RUBY,SD00,RM00,,,,,,,,,0,0,,H,USD,52030.06,0,52030.06,,,,5,G,5,G,5,G,,,,,0,,,0,X,,,,,,NA00,,,,,,,,,,,,2017,,,US00,,0,,0,0,0,,0,2,,,,,,,,,B,,,,0,,,,,0,0,0,,,,,0,,0,0,0,,,,,0,,,,0,0,0,,,,,,,,,,,,,,,,,,,,,,,,,,,,,,,,,,,,,,,,,,,,,,,,,,,,,,,,,,,,,,,,,,,,,,,,,,,,,,,,,,,,,,,,,,,,
375,5000003701,2017,1,1,0,0,0,551,,ROMANIAN RUBY,SD00,RM00,,,,,,,,,0,0,,H,USD,114466.13,0,114466.13,,,,11,G,11,G,11,G,,,,,0,,,0,X,,,,,,NA00,,,,,,,,,,,,2017,,,US00,,0,,0,0,0,,0,2,,,,,,,,,B,,,,0,,,,,0,0,0,,,,,0,,0,0,0,,,,,0,,,,0,0,0,,,,,,,,,,,,,,,,,,,,,,,,,,,,,,,,,,,,,,,,,,,,,,,,,,,,,,,,,,,,,,,,,,,,,,,,,,,,,,,,,,,,,,,,,,,,
375,5000003702,2017,1,1,0,0,0,551,,ROMANIAN RUBY,SD00,RM00,,,,,,,,,0,0,,H,USD,72842.09,0,72842.09,,,,7,G,7,G,7,G,,,,,0,,,0,X,,,,,,NA00,,,,,,,,,,,,2017,,,US00,,0,,0,0,0,,0,2,,,,,,,,,B,,,,0,,,,,0,0,0,,,,,0,,0,0,0,,,,,0,,,,0,0,0,,,,,,,,,,,,,,,,,,,,,,,,,,,,,,,,,,,,,,,,,,,,,,,,,,,,,,,,,,,,,,,,,,,,,,,,,,,,,,,,,,,,,,,,,,,,
375,5000003703,2017,1,1,0,0,0,551,,ROSE ESSENTIAL OIL,SD00,RM00,,,,,,,,,0,0,,H,USD,320.10,0,320.10,,,,105,L,105,L,105,L,,,,,0,,,0,X,,,,,,NA00,,,,,,,,,,,,2017,,,US00,,0,,0,0,0,,0,2,,,,,,,,,B,,,,0,,,,,0,0,0,,,,,0,,0,0,0,,,,,0,,,,0,0,0,,,,,,,,,,,,,,,,,,,,,,,,,,,,,,,,,,,,,,,,,,,,,,,,,,,,,,,,,,,,,,,,,,,,,,,,,,,,,,,,,,,,,,,,,,,,
375,5000003704,2017,1,1,0,0,0,551,,ROSE ESSENTIAL OIL,SD00,RM00,,,,,,,,,0,0,,H,USD,51.83,0,51.83,,,,17,L,17,L,17,L,,,,,0,,,0,X,,,,,,NA00,,,,,,,,,,,,2017,,,US00,,0,,0,0,0,,0,2,,,,,,,,,B,,,,0,,,,,0,0,0,,,,,0,,0,0,0,,,,,0,,,,0,0,0,,,,,,,,,,,,,,,,,,,,,,,,,,,,,,,,,,,,,,,,,,,,,,,,,,,,,,,,,,,,,,,,,,,,,,,,,,,,,,,,,,,,,,,,,,,,
375,5000003705,2017,1,1,0,0,0,551,,ROSE ESSENTIAL OIL,SD00,RM00,,,,,,,,,0,0,,H,USD,39.63,0,39.63,,,,13,L,13,L,13,L,,,,,0,,,0,X,,,,,,NA00,,,,,,,,,,,,2017,,,US00,,0,,0,0,0,,0,2,,,,,,,,,B,,,,0,,,,,0,0,0,,,,,0,,0,0,0,,,,,0,,,,0,0,0,,,,,,,,,,,,,,,,,,,,,,,,,,,,,,,,,,,,,,,,,,,,,,,,,,,,,,,,,,,,,,,,,,,,,,,,,,,,,,,,,,,,,,,,,,,,
375,5000003706,2017,1,1,0,0,0,551,,ROSE ESSENTIAL OIL,SD00,RM00,,,,,,,,,0,0,,H,USD,253.03,0,253.03,,,,83,L,83,L,83,L,,,,,0,,,0,X,,,,,,NA00,,,,,,,,,,,,2017,,,US00,,0,,0,0,0,,0,2,,,,,,,,,B,,,,0,,,,,0,0,0,,,,,0,,0,0,0,,,,,0,,,,0,0,0,,,,,,,,,,,,,,,,,,,,,,,,,,,,,,,,,,,,,,,,,,,,,,,,,,,,,,,,,,,,,,,,,,,,,,,,,,,,,,,,,,,,,,,,,,,,
375,5000003707,2017,1,1,0,0,0,551,,ROSE ESSENTIAL OIL,SD00,RM00,,,,,,,,,0,0,,H,USD,158.53,0,158.53,,,,52,L,52,L,52,L,,,,,0,,,0,X,,,,,,NA00,,,,,,,,,,,,2017,,,US00,,0,,0,0,0,,0,2,,,,,,,,,B,,,,0,,,,,0,0,0,,,,,0,,0,0,0,,,,,0,,,,0,0,0,,,,,,,,,,,,,,,,,,,,,,,,,,,,,,,,,,,,,,,,,,,,,,,,,,,,,,,,,,,,,,,,,,,,,,,,,,,,,,,,,,,,,,,,,,,,
375,5000003708,2017,1,1,0,0,0,551,,ROSE ESSENTIAL OIL,SD00,RM00,,,,,,,,,0,0,,H,USD,42.68,0,42.68,,,,14,L,14,L,14,L,,,,,0,,,0,X,,,,,,NA00,,,,,,,,,,,,2017,,,US00,,0,,0,0,0,,0,2,,,,,,,,,B,,,,0,,,,,0,0,0,,,,,0,,0,0,0,,,,,0,,,,0,0,0,,,,,,,,,,,,,,,,,,,,,,,,,,,,,,,,,,,,,,,,,,,,,,,,,,,,,,,,,,,,,,,,,,,,,,,,,,,,,,,,,,,,,,,,,,,,
375,5000003709,2017,1,1,0,0,0,551,,ROSE ESSENTIAL OIL,SD00,RM00,,,,,,,,,0,0,,H,USD,9.15,0,9.15,,,,3,L,3,L,3,L,,,,,0,,,0,X,,,,,,NA00,,,,,,,,,,,,2017,,,US00,,0,,0,0,0,,0,2,,,,,,,,,B,,,,0,,,,,0,0,0,,,,,0,,0,0,0,,,,,0,,,,0,0,0,,,,,,,,,,,,,,,,,,,,,,,,,,,,,,,,,,,,,,,,,,,,,,,,,,,,,,,,,,,,,,,,,,,,,,,,,,,,,,,,,,,,,,,,,,,,
375,5000003710,2017,1,1,0,0,0,551,,ROSE ESSENTIAL OIL,SD00,RM00,,,,,,,,,0,0,,H,USD,195.11,0,195.11,,,,64,L,64,L,64,L,,,,,0,,,0,X,,,,,,NA00,,,,,,,,,,,,2017,,,US00,,0,,0,0,0,,0,2,,,,,,,,,B,,,,0,,,,,0,0,0,,,,,0,,0,0,0,,,,,0,,,,0,0,0,,,,,,,,,,,,,,,,,,,,,,,,,,,,,,,,,,,,,,,,,,,,,,,,,,,,,,,,,,,,,,,,,,,,,,,,,,,,,,,,,,,,,,,,,,,,
375,5000003711,2017,1,1,0,0,0,551,,ROSE ESSENTIAL OIL,SD00,RM00,,,,,,,,,0,0,,H,USD,140.24,0,140.24,,,,46,L,46,L,46,L,,,,,0,,,0,X,,,,,,NA00,,,,,,,,,,,,2017,,,US00,,0,,0,0,0,,0,2,,,,,,,,,B,,,,0,,,,,0,0,0,,,,,0,,0,0,0,,,,,0,,,,0,0,0,,,,,,,,,,,,,,,,,,,,,,,,,,,,,,,,,,,,,,,,,,,,,,,,,,,,,,,,,,,,,,,,,,,,,,,,,,,,,,,,,,,,,,,,,,,,
375,5000003712,2017,1,1,0,0,0,551,,ROSE ESSENTIAL OIL,SD00,RM00,,,,,,,,,0,0,,H,USD,15.24,0,15.24,,,,5,L,5,L,5,L,,,,,0,,,0,X,,,,,,NA00,,,,,,,,,,,,2017,,,US00,,0,,0,0,0,,0,2,,,,,,,,,B,,,,0,,,,,0,0,0,,,,,0,,0,0,0,,,,,0,,,,0,0,0,,,,,,,,,,,,,,,,,,,,,,,,,,,,,,,,,,,,,,,,,,,,,,,,,,,,,,,,,,,,,,,,,,,,,,,,,,,,,,,,,,,,,,,,,,,,
375,5000003713,2017,1,1,0,0,0,551,,ROSE ESSENTIAL OIL,SD00,RM00,,,,,,,,,0,0,,H,USD,88.41,0,88.41,,,,29,L,29,L,29,L,,,,,0,,,0,X,,,,,,NA00,,,,,,,,,,,,2017,,,US00,,0,,0,0,0,,0,2,,,,,,,,,B,,,,0,,,,,0,0,0,,,,,0,,0,0,0,,,,,0,,,,0,0,0,,,,,,,,,,,,,,,,,,,,,,,,,,,,,,,,,,,,,,,,,,,,,,,,,,,,,,,,,,,,,,,,,,,,,,,,,,,,,,,,,,,,,,,,,,,,
375,5000003714,2017,1,1,0,0,0,551,,ROSE ESSENTIAL OIL,SD00,RM00,,,,,,,,,0,0,,H,USD,27.44,0,27.44,,,,9,L,9,L,9,L,,,,,0,,,0,X,,,,,,NA00,,,,,,,,,,,,2017,,,US00,,0,,0,0,0,,0,2,,,,,,,,,B,,,,0,,,,,0,0,0,,,,,0,,0,0,0,,,,,0,,,,0,0,0,,,,,,,,,,,,,,,,,,,,,,,,,,,,,,,,,,,,,,,,,,,,,,,,,,,,,,,,,,,,,,,,,,,,,,,,,,,,,,,,,,,,,,,,,,,,
375,5000003715,2017,1,1,0,0,0,551,,RUBY,SD00,RM00,,,,,,,,,0,0,,H,USD,224.22,0,224.22,,,,2,G,2,G,2,G,,,,,0,,,0,X,,,,,,NA00,,,,,,,,,,,,2017,,,US00,,0,,0,0,0,,0,2,,,,,,,,,B,,,,0,,,,,0,0,0,,,,,0,,0,0,0,,,,,0,,,,0,0,0,,,,,,,,,,,,,,,,,,,,,,,,,,,,,,,,,,,,,,,,,,,,,,,,,,,,,,,,,,,,,,,,,,,,,,,,,,,,,,,,,,,,,,,,,,,,
375,5000003716,2017,1,1,0,0,0,551,,RUBY,SD00,RM00,,,,,,,,,0,0,,H,USD,2242.15,0,2242.15,,,,20,G,20,G,20,G,,,,,0,,,0,X,,,,,,NA00,,,,,,,,,,,,2017,,,US00,,0,,0,0,0,,0,2,,,,,,,,,B,,,,0,,,,,0,0,0,,,,,0,,0,0,0,,,,,0,,,,0,0,0,,,,,,,,,,,,,,,,,,,,,,,,,,,,,,,,,,,,,,,,,,,,,,,,,,,,,,,,,,,,,,,,,,,,,,,,,,,,,,,,,,,,,,,,,,,,
375,5000003717,2017,1,1,0,0,0,551,,RUSSIAN RUBY,SD00,RM00,,,,,,,,,0,0,,H,USD,93322.36,0,93322.36,,,,30,G,30,G,30,G,,,,,0,,,0,X,,,,,,NA00,,,,,,,,,,,,2017,,,US00,,0,,0,0,0,,0,2,,,,,,,,,B,,,,0,,,,,0,0,0,,,,,0,,0,0,0,,,,,0,,,,0,0,0,,,,,,,,,,,,,,,,,,,,,,,,,,,,,,,,,,,,,,,,,,,,,,,,,,,,,,,,,,,,,,,,,,,,,,,,,,,,,,,,,,,,,,,,,,,,
375,5000003718,2017,1,1,0,0,0,551,,RUSSIAN RUBY,SD00,RM00,,,,,,,,,0,0,,H,USD,59104.16,0,59104.16,,,,19,G,19,G,19,G,,,,,0,,,0,X,,,,,,NA00,,,,,,,,,,,,2017,,,US00,,0,,0,0,0,,0,2,,,,,,,,,B,,,,0,,,,,0,0,0,,,,,0,,0,0,0,,,,,0,,,,0,0,0,,,,,,,,,,,,,,,,,,,,,,,,,,,,,,,,,,,,,,,,,,,,,,,,,,,,,,,,,,,,,,,,,,,,,,,,,,,,,,,,,,,,,,,,,,,,
375,5000003719,2017,1,1,0,0,0,551,,RUSSIAN RUBY,SD00,RM00,,,,,,,,,0,0,,H,USD,37328.94,0,37328.94,,,,12,G,12,G,12,G,,,,,0,,,0,X,,,,,,NA00,,,,,,,,,,,,2017,,,US00,,0,,0,0,0,,0,2,,,,,,,,,B,,,,0,,,,,0,0,0,,,,,0,,0,0,0,,,,,0,,,,0,0,0,,,,,,,,,,,,,,,,,,,,,,,,,,,,,,,,,,,,,,,,,,,,,,,,,,,,,,,,,,,,,,,,,,,,,,,,,,,,,,,,,,,,,,,,,,,,
375,5000003720,2017,1,1,0,0,0,551,,RUSSIAN RUBY,SD00,RM00,,,,,,,,,0,0,,H,USD,6221.49,0,6221.49,,,,2,G,2,G,2,G,,,,,0,,,0,X,,,,,,NA00,,,,,,,,,,,,2017,,,US00,,0,,0,0,0,,0,2,,,,,,,,,B,,,,0,,,,,0,0,0,,,,,0,,0,0,0,,,,,0,,,,0,0,0,,,,,,,,,,,,,,,,,,,,,,,,,,,,,,,,,,,,,,,,,,,,,,,,,,,,,,,,,,,,,,,,,,,,,,,,,,,,,,,,,,,,,,,,,,,,
375,5000003721,2017,1,1,0,0,0,551,,RUSSIAN RUBY,SD00,RM00,,,,,,,,,0,0,,H,USD,121319.07,0,121319.07,,,,39,G,39,G,39,G,,,,,0,,,0,X,,,,,,NA00,,,,,,,,,,,,2017,,,US00,,0,,0,0,0,,0,2,,,,,,,,,B,,,,0,,,,,0,0,0,,,,,0,,0,0,0,,,,,0,,,,0,0,0,,,,,,,,,,,,,,,,,,,,,,,,,,,,,,,,,,,,,,,,,,,,,,,,,,,,,,,,,,,,,,,,,,,,,,,,,,,,,,,,,,,,,,,,,,,,
375,5000003722,2017,1,1,0,0,0,551,,RUSSIAN RUBY,SD00,RM00,,,,,,,,,0,0,,H,USD,3110.75,0,3110.75,,,,1,G,1,G,1,G,,,,,0,,,0,X,,,,,,NA00,,,,,,,,,,,,2017,,,US00,,0,,0,0,0,,0,2,,,,,,,,,B,,,,0,,,,,0,0,0,,,,,0,,0,0,0,,,,,0,,,,0,0,0,,,,,,,,,,,,,,,,,,,,,,,,,,,,,,,,,,,,,,,,,,,,,,,,,,,,,,,,,,,,,,,,,,,,,,,,,,,,,,,,,,,,,,,,,,,,
375,5000003723,2017,1,1,0,0,0,551,,SA SAPPHIRE,SD00,RM00,,,,,,,,,0,0,,H,USD,12174.85,0,12174.85,,,,4,G,4,G,4,G,,,,,0,,,0,X,,,,,,NA00,,,,,,,,,,,,2017,,,US00,,0,,0,0,0,,0,2,,,,,,,,,B,,,,0,,,,,0,0,0,,,,,0,,0,0,0,,,,,0,,,,0,0,0,,,,,,,,,,,,,,,,,,,,,,,,,,,,,,,,,,,,,,,,,,,,,,,,,,,,,,,,,,,,,,,,,,,,,,,,,,,,,,,,,,,,,,,,,,,,
375,5000003724,2017,1,1,0,0,0,551,,SA SAPPHIRE,SD00,RM00,,,,,,,,,0,0,,H,USD,3043.71,0,3043.71,,,,1,G,1,G,1,G,,,,,0,,,0,X,,,,,,NA00,,,,,,,,,,,,2017,,,US00,,0,,0,0,0,,0,2,,,,,,,,,B,,,,0,,,,,0,0,0,,,,,0,,0,0,0,,,,,0,,,,0,0,0,,,,,,,,,,,,,,,,,,,,,,,,,,,,,,,,,,,,,,,,,,,,,,,,,,,,,,,,,,,,,,,,,,,,,,,,,,,,,,,,,,,,,,,,,,,,
375,5000003725,2017,1,1,0,0,0,551,,SA SAPPHIRE,SD00,RM00,,,,,,,,,0,0,,H,USD,21305.99,0,21305.99,,,,7,G,7,G,7,G,,,,,0,,,0,X,,,,,,NA00,,,,,,,,,,,,2017,,,US00,,0,,0,0,0,,0,2,,,,,,,,,B,,,,0,,,,,0,0,0,,,,,0,,0,0,0,,,,,0,,,,0,0,0,,,,,,,,,,,,,,,,,,,,,,,,,,,,,,,,,,,,,,,,,,,,,,,,,,,,,,,,,,,,,,,,,,,,,,,,,,,,,,,,,,,,,,,,,,,,
375,5000003726,2017,1,1,0,0,0,551,,SA SAPPHIRE,SD00,RM00,,,,,,,,,0,0,,H,USD,6087.43,0,6087.43,,,,2,G,2,G,2,G,,,,,0,,,0,X,,,,,,NA00,,,,,,,,,,,,2017,,,US00,,0,,0,0,0,,0,2,,,,,,,,,B,,,,0,,,,,0,0,0,,,,,0,,0,0,0,,,,,0,,,,0,0,0,,,,,,,,,,,,,,,,,,,,,,,,,,,,,,,,,,,,,,,,,,,,,,,,,,,,,,,,,,,,,,,,,,,,,,,,,,,,,,,,,,,,,,,,,,,,
375,5000003727,2017,1,1,0,0,0,551,,SA SAPPHIRE,SD00,RM00,,,,,,,,,0,0,,H,USD,3043.71,0,3043.71,,,,1,G,1,G,1,G,,,,,0,,,0,X,,,,,,NA00,,,,,,,,,,,,2017,,,US00,,0,,0,0,0,,0,2,,,,,,,,,B,,,,0,,,,,0,0,0,,,,,0,,0,0,0,,,,,0,,,,0,0,0,,,,,,,,,,,,,,,,,,,,,,,,,,,,,,,,,,,,,,,,,,,,,,,,,,,,,,,,,,,,,,,,,,,,,,,,,,,,,,,,,,,,,,,,,,,,
375,5000003728,2017,1,1,0,0,0,551,,SA SAPPHIRE,SD00,RM00,,,,,,,,,0,0,,H,USD,12174.85,0,12174.85,,,,4,G,4,G,4,G,,,,,0,,,0,X,,,,,,NA00,,,,,,,,,,,,2017,,,US00,,0,,0,0,0,,0,2,,,,,,,,,B,,,,0,,,,,0,0,0,,,,,0,,0,0,0,,,,,0,,,,0,0,0,,,,,,,,,,,,,,,,,,,,,,,,,,,,,,,,,,,,,,,,,,,,,,,,,,,,,,,,,,,,,,,,,,,,,,,,,,,,,,,,,,,,,,,,,,,,
375,5000003729,2017,1,1,0,0,0,551,,SA SAPPHIRE,SD00,RM00,,,,,,,,,0,0,,H,USD,33480.85,0,33480.85,,,,11,G,11,G,11,G,,,,,0,,,0,X,,,,,,NA00,,,,,,,,,,,,2017,,,US00,,0,,0,0,0,,0,2,,,,,,,,,B,,,,0,,,,,0,0,0,,,,,0,,0,0,0,,,,,0,,,,0,0,0,,,,,,,,,,,,,,,,,,,,,,,,,,,,,,,,,,,,,,,,,,,,,,,,,,,,,,,,,,,,,,,,,,,,,,,,,,,,,,,,,,,,,,,,,,,,
375,5000003730,2017,1,1,0,0,0,551,,SA SAPPHIRE,SD00,RM00,,,,,,,,,0,0,,H,USD,18262.28,0,18262.28,,,,6,G,6,G,6,G,,,,,0,,,0,X,,,,,,NA00,,,,,,,,,,,,2017,,,US00,,0,,0,0,0,,0,2,,,,,,,,,B,,,,0,,,,,0,0,0,,,,,0,,0,0,0,,,,,0,,,,0,0,0,,,,,,,,,,,,,,,,,,,,,,,,,,,,,,,,,,,,,,,,,,,,,,,,,,,,,,,,,,,,,,,,,,,,,,,,,,,,,,,,,,,,,,,,,,,,
375,5000003731,2017,1,1,0,0,0,551,,SA SAPPHIRE,SD00,RM00,,,,,,,,,0,0,,H,USD,9131.14,0,9131.14,,,,3,G,3,G,3,G,,,,,0,,,0,X,,,,,,NA00,,,,,,,,,,,,2017,,,US00,,0,,0,0,0,,0,2,,,,,,,,,B,,,,0,,,,,0,0,0,,,,,0,,0,0,0,,,,,0,,,,0,0,0,,,,,,,,,,,,,,,,,,,,,,,,,,,,,,,,,,,,,,,,,,,,,,,,,,,,,,,,,,,,,,,,,,,,,,,,,,,,,,,,,,,,,,,,,,,,
375,5000003732,2017,1,1,0,0,0,551,,SILVER,SD00,RM00,,,,,,,,,0,0,,H,USD,2687.52,0,2687.52,,,,409,LB,409,LB,409,LB,,,,,0,,,0,X,,,,,,NA00,,,,,,,,,,,,2017,,,US00,,0,,0,0,0,,0,2,,,,,,,,,B,,,,0,,,,,0,0,0,,,,,0,,0,0,0,,,,,0,,,,0,0,0,,,,,,,,,,,,,,,,,,,,,,,,,,,,,,,,,,,,,,,,,,,,,,,,,,,,,,,,,,,,,,,,,,,,,,,,,,,,,,,,,,,,,,,,,,,,
375,5000003733,2017,1,1,0,0,0,551,,SILVER,SD00,RM00,,,,,,,,,0,0,,H,USD,1255.05,0,1255.05,,,,191,LB,191,LB,191,LB,,,,,0,,,0,X,,,,,,NA00,,,,,,,,,,,,2017,,,US00,,0,,0,0,0,,0,2,,,,,,,,,B,,,,0,,,,,0,0,0,,,,,0,,0,0,0,,,,,0,,,,0,0,0,,,,,,,,,,,,,,,,,,,,,,,,,,,,,,,,,,,,,,,,,,,,,,,,,,,,,,,,,,,,,,,,,,,,,,,,,,,,,,,,,,,,,,,,,,,,
375,5000003734,2017,1,1,0,0,0,551,,SILVER,SD00,RM00,,,,,,,,,0,0,,H,USD,2339.26,0,2339.26,,,,356,LB,356,LB,356,LB,,,,,0,,,0,X,,,,,,NA00,,,,,,,,,,,,2017,,,US00,,0,,0,0,0,,0,2,,,,,,,,,B,,,,0,,,,,0,0,0,,,,,0,,0,0,0,,,,,0,,,,0,0,0,,,,,,,,,,,,,,,,,,,,,,,,,,,,,,,,,,,,,,,,,,,,,,,,,,,,,,,,,,,,,,,,,,,,,,,,,,,,,,,,,,,,,,,,,,,,
375,5000003735,2017,1,1,0,0,0,551,,SILVER,SD00,RM00,,,,,,,,,0,0,,H,USD,505.96,0,505.96,,,,77,LB,77,LB,77,LB,,,,,0,,,0,X,,,,,,NA00,,,,,,,,,,,,2017,,,US00,,0,,0,0,0,,0,2,,,,,,,,,B,,,,0,,,,,0,0,0,,,,,0,,0,0,0,,,,,0,,,,0,0,0,,,,,,,,,,,,,,,,,,,,,,,,,,,,,,,,,,,,,,,,,,,,,,,,,,,,,,,,,,,,,,,,,,,,,,,,,,,,,,,,,,,,,,,,,,,,
375,5000003736,2017,1,1,0,0,0,551,,TEST,SD00,RM00,,,,,,,,,0,0,,H,USD,17.58,0,17.58,,,,1,LB,1,LB,1,LB,,,,,0,,,0,X,,,,,,NA00,,,,,,,,,,,,2017,,,US00,,0,,0,0,0,,0,2,,,,,,,,,B,,,,0,,,,,0,0,0,,,,,0,,0,0,0,,,,,0,,,,0,0,0,,,,,,,,,,,,,,,,,,,,,,,,,,,,,,,,,,,,,,,,,,,,,,,,,,,,,,,,,,,,,,,,,,,,,,,,,,,,,,,,,,,,,,,,,,,,
375,5000003737,2017,1,1,0,0,0,551,,TEST,SD00,RM00,,,,,,,,,0,0,,H,USD,140.63,0,140.63,,,,8,LB,8,LB,8,LB,,,,,0,,,0,X,,,,,,NA00,,,,,,,,,,,,2017,,,US00,,0,,0,0,0,,0,2,,,,,,,,,B,,,,0,,,,,0,0,0,,,,,0,,0,0,0,,,,,0,,,,0,0,0,,,,,,,,,,,,,,,,,,,,,,,,,,,,,,,,,,,,,,,,,,,,,,,,,,,,,,,,,,,,,,,,,,,,,,,,,,,,,,,,,,,,,,,,,,,,
375,5000003738,2017,1,1,0,0,0,551,,TEST,SD00,RM00,,,,,,,,,0,0,,H,USD,87.89,0,87.89,,,,5,LB,5,LB,5,LB,,,,,0,,,0,X,,,,,,NA00,,,,,,,,,,,,2017,,,US00,,0,,0,0,0,,0,2,,,,,,,,,B,,,,0,,,,,0,0,0,,,,,0,,0,0,0,,,,,0,,,,0,0,0,,,,,,,,,,,,,,,,,,,,,,,,,,,,,,,,,,,,,,,,,,,,,,,,,,,,,,,,,,,,,,,,,,,,,,,,,,,,,,,,,,,,,,,,,,,,
375,5000003739,2017,1,1,0,0,0,551,,TEST,SD00,RM00,,,,,,,,,0,0,,H,USD,35.16,0,35.16,,,,2,LB,2,LB,2,LB,,,,,0,,,0,X,,,,,,NA00,,,,,,,,,,,,2017,,,US00,,0,,0,0,0,,0,2,,,,,,,,,B,,,,0,,,,,0,0,0,,,,,0,,0,0,0,,,,,0,,,,0,0,0,,,,,,,,,,,,,,,,,,,,,,,,,,,,,,,,,,,,,,,,,,,,,,,,,,,,,,,,,,,,,,,,,,,,,,,,,,,,,,,,,,,,,,,,,,,,
375,5000003740,2017,1,1,0,0,0,551,,TEST,SD00,RM00,,,,,,,,,0,0,,H,USD,35.16,0,35.16,,,,2,LB,2,LB,2,LB,,,,,0,,,0,X,,,,,,NA00,,,,,,,,,,,,2017,,,US00,,0,,0,0,0,,0,2,,,,,,,,,B,,,,0,,,,,0,0,0,,,,,0,,0,0,0,,,,,0,,,,0,0,0,,,,,,,,,,,,,,,,,,,,,,,,,,,,,,,,,,,,,,,,,,,,,,,,,,,,,,,,,,,,,,,,,,,,,,,,,,,,,,,,,,,,,,,,,,,,
375,5000003741,2017,1,1,0,0,0,551,,TEST,SD00,RM00,,,,,,,,,0,0,,H,USD,52.74,0,52.74,,,,3,LB,3,LB,3,LB,,,,,0,,,0,X,,,,,,NA00,,,,,,,,,,,,2017,,,US00,,0,,0,0,0,,0,2,,,,,,,,,B,,,,0,,,,,0,0,0,,,,,0,,0,0,0,,,,,0,,,,0,0,0,,,,,,,,,,,,,,,,,,,,,,,,,,,,,,,,,,,,,,,,,,,,,,,,,,,,,,,,,,,,,,,,,,,,,,,,,,,,,,,,,,,,,,,,,,,,
375,5000003742,2017,1,1,0,0,0,551,,TEST,SD00,RM00,,,,,,,,,0,0,,H,USD,228.52,0,228.52,,,,13,LB,13,LB,13,LB,,,,,0,,,0,X,,,,,,NA00,,,,,,,,,,,,2017,,,US00,,0,,0,0,0,,0,2,,,,,,,,,B,,,,0,,,,,0,0,0,,,,,0,,0,0,0,,,,,0,,,,0,0,0,,,,,,,,,,,,,,,,,,,,,,,,,,,,,,,,,,,,,,,,,,,,,,,,,,,,,,,,,,,,,,,,,,,,,,,,,,,,,,,,,,,,,,,,,,,,
375,5000003743,2017,1,1,0,0,0,551,,TEST,SD00,RM00,,,,,,,,,0,0,,H,USD,52.74,0,52.74,,,,3,LB,3,LB,3,LB,,,,,0,,,0,X,,,,,,NA00,,,,,,,,,,,,2017,,,US00,,0,,0,0,0,,0,2,,,,,,,,,B,,,,0,,,,,0,0,0,,,,,0,,0,0,0,,,,,0,,,,0,0,0,,,,,,,,,,,,,,,,,,,,,,,,,,,,,,,,,,,,,,,,,,,,,,,,,,,,,,,,,,,,,,,,,,,,,,,,,,,,,,,,,,,,,,,,,,,,
375,5000003744,2017,1,1,0,0,0,551,,TEST,SD00,RM00,,,,,,,,,0,0,,H,USD,52.74,0,52.74,,,,3,LB,3,LB,3,LB,,,,,0,,,0,X,,,,,,NA00,,,,,,,,,,,,2017,,,US00,,0,,0,0,0,,0,2,,,,,,,,,B,,,,0,,,,,0,0,0,,,,,0,,0,0,0,,,,,0,,,,0,0,0,,,,,,,,,,,,,,,,,,,,,,,,,,,,,,,,,,,,,,,,,,,,,,,,,,,,,,,,,,,,,,,,,,,,,,,,,,,,,,,,,,,,,,,,,,,,
375,5000003745,2017,1,1,0,0,0,551,,TEST,SD00,RM00,,,,,,,,,0,0,,H,USD,70.31,0,70.31,,,,4,LB,4,LB,4,LB,,,,,0,,,0,X,,,,,,NA00,,,,,,,,,,,,2017,,,US00,,0,,0,0,0,,0,2,,,,,,,,,B,,,,0,,,,,0,0,0,,,,,0,,0,0,0,,,,,0,,,,0,0,0,,,,,,,,,,,,,,,,,,,,,,,,,,,,,,,,,,,,,,,,,,,,,,,,,,,,,,,,,,,,,,,,,,,,,,,,,,,,,,,,,,,,,,,,,,,,
375,5000003746,2017,1,1,0,0,0,551,,WALLET,SD00,RM00,,,,,,,,,0,0,,H,USD,1.40,0,1.40,,,,58,LB,58,LB,58,LB,,,,,0,,,0,X,,,,,,NA00,,,,,,,,,,,,2017,,,US00,,0,,0,0,0,,0,2,,,,,,,,,B,,,,0,,,,,0,0,0,,,,,0,,0,0,0,,,,,0,,,,0,0,0,,,,,,,,,,,,,,,,,,,,,,,,,,,,,,,,,,,,,,,,,,,,,,,,,,,,,,,,,,,,,,,,,,,,,,,,,,,,,,,,,,,,,,,,,,,,
375,5000003747,2017,1,1,0,0,0,551,,WALLET,SD00,RM00,,,,,,,,,0,0,,H,USD,3.99,0,3.99,,,,165,LB,165,LB,165,LB,,,,,0,,,0,X,,,,,,NA00,,,,,,,,,,,,2017,,,US00,,0,,0,0,0,,0,2,,,,,,,,,B,,,,0,,,,,0,0,0,,,,,0,,0,0,0,,,,,0,,,,0,0,0,,,,,,,,,,,,,,,,,,,,,,,,,,,,,,,,,,,,,,,,,,,,,,,,,,,,,,,,,,,,,,,,,,,,,,,,,,,,,,,,,,,,,,,,,,,,
375,5000003748,2017,1,1,0,0,0,551,,WALLET,SD00,RM00,,,,,,,,,0,0,,H,USD,0.12,0,0.12,,,,5,LB,5,LB,5,LB,,,,,0,,,0,X,,,,,,NA00,,,,,,,,,,,,2017,,,US00,,0,,0,0,0,,0,2,,,,,,,,,B,,,,0,,,,,0,0,0,,,,,0,,0,0,0,,,,,0,,,,0,0,0,,,,,,,,,,,,,,,,,,,,,,,,,,,,,,,,,,,,,,,,,,,,,,,,,,,,,,,,,,,,,,,,,,,,,,,,,,,,,,,,,,,,,,,,,,,,
375,5000003749,2017,1,1,0,0,0,551,,ZTESTHEXNT,SD00,RM00,,,,,,,,,0,0,,H,USD,2014.82,0,2014.82,,,,367,LB,367,LB,367,LB,,,,,0,,,0,X,,,,,,NA00,,,,,,,,,,,,2017,,,US00,,0,,0,0,0,,0,2,,,,,,,,,B,,,,0,,,,,0,0,0,,,,,0,,0,0,0,,,,,0,,,,0,0,0,,,,,,,,,,,,,,,,,,,,,,,,,,,,,,,,,,,,,,,,,,,,,,,,,,,,,,,,,,,,,,,,,,,,,,,,,,,,,,,,,,,,,,,,,,,,
375,5000003750,2017,1,1,0,0,0,551,,ZTESTHEXNT,SD00,RM00,,,,,,,,,0,0,,H,USD,82.35,0,82.35,,,,15,LB,15,LB,15,LB,,,,,0,,,0,X,,,,,,NA00,,,,,,,,,,,,2017,,,US00,,0,,0,0,0,,0,2,,,,,,,,,B,,,,0,,,,,0,0,0,,,,,0,,0,0,0,,,,,0,,,,0,0,0,,,,,,,,,,,,,,,,,,,,,,,,,,,,,,,,,,,,,,,,,,,,,,,,,,,,,,,,,,,,,,,,,,,,,,,,,,,,,,,,,,,,,,,,,,,,
375,5000003751,2017,1,1,0,0,0,551,,ZTESTHEXNT,SD00,RM00,,,,,,,,,0,0,,H,USD,351.36,0,351.36,,,,64,LB,64,LB,64,LB,,,,,0,,,0,X,,,,,,NA00,,,,,,,,,,,,2017,,,US00,,0,,0,0,0,,0,2,,,,,,,,,B,,,,0,,,,,0,0,0,,,,,0,,0,0,0,,,,,0,,,,0,0,0,,,,,,,,,,,,,,,,,,,,,,,,,,,,,,,,,,,,,,,,,,,,,,,,,,,,,,,,,,,,,,,,,,,,,,,,,,,,,,,,,,,,,,,,,,,,
375,5000003752,2017,1,1,0,0,0,551,,ZTESTHEXNT,SD00,RM00,,,,,,,,,0,0,,H,USD,2124.62,0,2124.62,,,,387,LB,387,LB,387,LB,,,,,0,,,0,X,,,,,,NA00,,,,,,,,,,,,2017,,,US00,,0,,0,0,0,,0,2,,,,,,,,,B,,,,0,,,,,0,0,0,,,,,0,,0,0,0,,,,,0,,,,0,0,0,,,,,,,,,,,,,,,,,,,,,,,,,,,,,,,,,,,,,,,,,,,,,,,,,,,,,,,,,,,,,,,,,,,,,,,,,,,,,,,,,,,,,,,,,,,,
375,5000003753,2017,1,1,0,0,0,551,,ZTESTHEXNT,SD00,RM00,,,,,,,,,0,0,,H,USD,3436.73,0,3436.73,,,,626,LB,626,LB,626,LB,,,,,0,,,0,X,,,,,,NA00,,,,,,,,,,,,2017,,,US00,,0,,0,0,0,,0,2,,,,,,,,,B,,,,0,,,,,0,0,0,,,,,0,,0,0,0,,,,,0,,,,0,0,0,,,,,,,,,,,,,,,,,,,,,,,,,,,,,,,,,,,,,,,,,,,,,,,,,,,,,,,,,,,,,,,,,,,,,,,,,,,,,,,,,,,,,,,,,,,,
375,5000003754,2017,1,1,0,0,0,551,,ZTESTHEXNT,SD00,RM00,,,,,,,,,0,0,,H,USD,1301.13,0,1301.13,,,,237,LB,237,LB,237,LB,,,,,0,,,0,X,,,,,,NA00,,,,,,,,,,,,2017,,,US00,,0,,0,0,0,,0,2,,,,,,,,,B,,,,0,,,,,0,0,0,,,,,0,,0,0,0,,,,,0,,,,0,0,0,,,,,,,,,,,,,,,,,,,,,,,,,,,,,,,,,,,,,,,,,,,,,,,,,,,,,,,,,,,,,,,,,,,,,,,,,,,,,,,,,,,,,,,,,,,,
375,5000003755,2017,1,1,0,0,0,551,,ZTESTHEXNT,SD00,RM00,,,,,,,,,0,0,,H,USD,269.01,0,269.01,,,,49,LB,49,LB,49,LB,,,,,0,,,0,X,,,,,,NA00,,,,,,,,,,,,2017,,,US00,,0,,0,0,0,,0,2,,,,,,,,,B,,,,0,,,,,0,0,0,,,,,0,,0,0,0,,,,,0,,,,0,0,0,,,,,,,,,,,,,,,,,,,,,,,,,,,,,,,,,,,,,,,,,,,,,,,,,,,,,,,,,,,,,,,,,,,,,,,,,,,,,,,,,,,,,,,,,,,,
375,5000003756,2017,1,1,0,0,0,333,,AAA LUBE,DL00,RM00,,,,,,,,,0,0,,H,USD,5204.08,0,5204.08,,,,1,DR,1,DR,1,DR,,,,,0,,,0,X,,,,,,NA00,,,,,,,,,,,,2017,,,US00,,0,,0,0,0,,0,2,,,,,,,,,B,,,,0,,,,,0,0,0,,,,,0,,0,0,0,,,,,0,,,,0,0,0,,,,,,,,,,,,,,,,,,,,,,,,,,,,,,,,,,,,,,,,,,,,,,,,,,,,,,,,,,,,,,,,,,,,,,,,,,,,,,,,,,,,,,,,,,,,
375,5000003757,2017,1,1,0,0,0,333,,AAA LUBE,DL00,RM00,,,,,,,,,0,0,,H,USD,5204.08,0,5204.08,,,,1,DR,1,DR,1,DR,,,,,0,,,0,X,,,,,,NA00,,,,,,,,,,,,2017,,,US00,,0,,0,0,0,,0,2,,,,,,,,,B,,,,0,,,,,0,0,0,,,,,0,,0,0,0,,,,,0,,,,0,0,0,,,,,,,,,,,,,,,,,,,,,,,,,,,,,,,,,,,,,,,,,,,,,,,,,,,,,,,,,,,,,,,,,,,,,,,,,,,,,,,,,,,,,,,,,,,,
375,5000003758,2017,1,1,0,0,0,333,,ADAMANTIUM,DL00,RM00,,,,,,,,,0,0,,H,USD,9518.14,0,9518.14,,,,78,LB,78,LB,78,LB,,,,,0,,,0,X,,,,,,NA00,,,,,,,,,,,,2017,,,US00,,0,,0,0,0,,0,2,,,,,,,,,B,,,,0,,,,,0,0,0,,,,,0,,0,0,0,,,,,0,,,,0,0,0,,,,,,,,,,,,,,,,,,,,,,,,,,,,,,,,,,,,,,,,,,,,,,,,,,,,,,,,,,,,,,,,,,,,,,,,,,,,,,,,,,,,,,,,,,,,
375,5000003759,2017,1,1,0,0,0,333,,ADAMANTIUM,DL00,RM00,,,,,,,,,0,0,,H,USD,3416.77,0,3416.77,,,,28,LB,28,LB,28,LB,,,,,0,,,0,X,,,,,,NA00,,,,,,,,,,,,2017,,,US00,,0,,0,0,0,,0,2,,,,,,,,,B,,,,0,,,,,0,0,0,,,,,0,,0,0,0,,,,,0,,,,0,0,0,,,,,,,,,,,,,,,,,,,,,,,,,,,,,,,,,,,,,,,,,,,,,,,,,,,,,,,,,,,,,,,,,,,,,,,,,,,,,,,,,,,,,,,,,,,,
375,5000003760,2017,1,1,0,0,0,333,,ADAMANTIUM,DL00,RM00,,,,,,,,,0,0,,H,USD,16595.73,0,16595.73,,,,136,LB,136,LB,136,LB,,,,,0,,,0,X,,,,,,NA00,,,,,,,,,,,,2017,,,US00,,0,,0,0,0,,0,2,,,,,,,,,B,,,,0,,,,,0,0,0,,,,,0,,0,0,0,,,,,0,,,,0,0,0,,,,,,,,,,,,,,,,,,,,,,,,,,,,,,,,,,,,,,,,,,,,,,,,,,,,,,,,,,,,,,,,,,,,,,,,,,,,,,,,,,,,,,,,,,,,
375,5000003761,2017,1,1,0,0,0,333,,ADAMANTIUM,DL00,RM00,,,,,,,,,0,0,,H,USD,30994.96,0,30994.96,,,,254,LB,254,LB,254,LB,,,,,0,,,0,X,,,,,,NA00,,,,,,,,,,,,2017,,,US00,,0,,0,0,0,,0,2,,,,,,,,,B,,,,0,,,,,0,0,0,,,,,0,,0,0,0,,,,,0,,,,0,0,0,,,,,,,,,,,,,,,,,,,,,,,,,,,,,,,,,,,,,,,,,,,,,,,,,,,,,,,,,,,,,,,,,,,,,,,,,,,,,,,,,,,,,,,,,,,,
375,5000003762,2017,1,1,0,0,0,333,,ANGOLAN AMETHYST,DL00,RM00,,,,,,,,,0,0,,H,USD,14246.58,0,14246.58,,,,6,G,6,G,6,G,,,,,0,,,0,X,,,,,,NA00,,,,,,,,,,,,2017,,,US00,,0,,0,0,0,,0,2,,,,,,,,,B,,,,0,,,,,0,0,0,,,,,0,,0,0,0,,,,,0,,,,0,0,0,,,,,,,,,,,,,,,,,,,,,,,,,,,,,,,,,,,,,,,,,,,,,,,,,,,,,,,,,,,,,,,,,,,,,,,,,,,,,,,,,,,,,,,,,,,,
375,5000003763,2017,1,1,0,0,0,333,,ANGOLAN AMETHYST,DL00,RM00,,,,,,,,,0,0,,H,USD,2374.43,0,2374.43,,,,1,G,1,G,1,G,,,,,0,,,0,X,,,,,,NA00,,,,,,,,,,,,2017,,,US00,,0,,0,0,0,,0,2,,,,,,,,,B,,,,0,,,,,0,0,0,,,,,0,,0,0,0,,,,,0,,,,0,0,0,,,,,,,,,,,,,,,,,,,,,,,,,,,,,,,,,,,,,,,,,,,,,,,,,,,,,,,,,,,,,,,,,,,,,,,,,,,,,,,,,,,,,,,,,,,,
375,5000003764,2017,1,1,0,0,0,333,,ANGOLAN AMETHYST,DL00,RM00,,,,,,,,,0,0,,H,USD,2374.43,0,2374.43,,,,1,G,1,G,1,G,,,,,0,,,0,X,,,,,,NA00,,,,,,,,,,,,2017,,,US00,,0,,0,0,0,,0,2,,,,,,,,,B,,,,0,,,,,0,0,0,,,,,0,,0,0,0,,,,,0,,,,0,0,0,,,,,,,,,,,,,,,,,,,,,,,,,,,,,,,,,,,,,,,,,,,,,,,,,,,,,,,,,,,,,,,,,,,,,,,,,,,,,,,,,,,,,,,,,,,,
375,5000003765,2017,1,1,0,0,0,333,,ANGOLAN AMETHYST,DL00,RM00,,,,,,,,,0,0,,H,USD,35616.46,0,35616.46,,,,15,G,15,G,15,G,,,,,0,,,0,X,,,,,,NA00,,,,,,,,,,,,2017,,,US00,,0,,0,0,0,,0,2,,,,,,,,,B,,,,0,,,,,0,0,0,,,,,0,,0,0,0,,,,,0,,,,0,0,0,,,,,,,,,,,,,,,,,,,,,,,,,,,,,,,,,,,,,,,,,,,,,,,,,,,,,,,,,,,,,,,,,,,,,,,,,,,,,,,,,,,,,,,,,,,,
375,5000003766,2017,1,1,0,0,0,333,,ANGOLAN AMETHYST,DL00,RM00,,,,,,,,,0,0,,H,USD,2374.43,0,2374.43,,,,1,G,1,G,1,G,,,,,0,,,0,X,,,,,,NA00,,,,,,,,,,,,2017,,,US00,,0,,0,0,0,,0,2,,,,,,,,,B,,,,0,,,,,0,0,0,,,,,0,,0,0,0,,,,,0,,,,0,0,0,,,,,,,,,,,,,,,,,,,,,,,,,,,,,,,,,,,,,,,,,,,,,,,,,,,,,,,,,,,,,,,,,,,,,,,,,,,,,,,,,,,,,,,,,,,,
375,5000003767,2017,1,1,0,0,0,333,,ANGOLAN AMETHYST,DL00,RM00,,,,,,,,,0,0,,H,USD,9497.72,0,9497.72,,,,4,G,4,G,4,G,,,,,0,,,0,X,,,,,,NA00,,,,,,,,,,,,2017,,,US00,,0,,0,0,0,,0,2,,,,,,,,,B,,,,0,,,,,0,0,0,,,,,0,,0,0,0,,,,,0,,,,0,0,0,,,,,,,,,,,,,,,,,,,,,,,,,,,,,,,,,,,,,,,,,,,,,,,,,,,,,,,,,,,,,,,,,,,,,,,,,,,,,,,,,,,,,,,,,,,,
375,5000003768,2017,1,1,0,0,0,333,,ANGOLAN AMETHYST,DL00,RM00,,,,,,,,,0,0,,H,USD,7123.29,0,7123.29,,,,3,G,3,G,3,G,,,,,0,,,0,X,,,,,,NA00,,,,,,,,,,,,2017,,,US00,,0,,0,0,0,,0,2,,,,,,,,,B,,,,0,,,,,0,0,0,,,,,0,,0,0,0,,,,,0,,,,0,0,0,,,,,,,,,,,,,,,,,,,,,,,,,,,,,,,,,,,,,,,,,,,,,,,,,,,,,,,,,,,,,,,,,,,,,,,,,,,,,,,,,,,,,,,,,,,,
375,5000003769,2017,1,1,0,0,0,333,,ANGOLAN AMETHYST,DL00,RM00,,,,,,,,,0,0,,H,USD,4748.86,0,4748.86,,,,2,G,2,G,2,G,,,,,0,,,0,X,,,,,,NA00,,,,,,,,,,,,2017,,,US00,,0,,0,0,0,,0,2,,,,,,,,,B,,,,0,,,,,0,0,0,,,,,0,,0,0,0,,,,,0,,,,0,0,0,,,,,,,,,,,,,,,,,,,,,,,,,,,,,,,,,,,,,,,,,,,,,,,,,,,,,,,,,,,,,,,,,,,,,,,,,,,,,,,,,,,,,,,,,,,,
375,5000003770,2017,1,1,0,0,0,333,,ANGOLAN AMETHYST,DL00,RM00,,,,,,,,,0,0,,H,USD,68858.49,0,68858.49,,,,29,G,29,G,29,G,,,,,0,,,0,X,,,,,,NA00,,,,,,,,,,,,2017,,,US00,,0,,0,0,0,,0,2,,,,,,,,,B,,,,0,,,,,0,0,0,,,,,0,,0,0,0,,,,,0,,,,0,0,0,,,,,,,,,,,,,,,,,,,,,,,,,,,,,,,,,,,,,,,,,,,,,,,,,,,,,,,,,,,,,,,,,,,,,,,,,,,,,,,,,,,,,,,,,,,,
375,5000003771,2017,1,1,0,0,0,333,,AUSTRALIAN AMETHYST,DL00,RM00,,,,,,,,,0,0,,H,USD,9536.78,0,9536.78,,,,1,G,1,G,1,G,,,,,0,,,0,X,,,,,,NA00,,,,,,,,,,,,2017,,,US00,,0,,0,0,0,,0,2,,,,,,,,,B,,,,0,,,,,0,0,0,,,,,0,,0,0,0,,,,,0,,,,0,0,0,,,,,,,,,,,,,,,,,,,,,,,,,,,,,,,,,,,,,,,,,,,,,,,,,,,,,,,,,,,,,,,,,,,,,,,,,,,,,,,,,,,,,,,,,,,,
375,5000003772,2017,1,1,0,0,0,333,,AUSTRALIAN AMETHYST,DL00,RM00,,,,,,,,,0,0,,H,USD,19073.57,0,19073.57,,,,2,G,2,G,2,G,,,,,0,,,0,X,,,,,,NA00,,,,,,,,,,,,2017,,,US00,,0,,0,0,0,,0,2,,,,,,,,,B,,,,0,,,,,0,0,0,,,,,0,,0,0,0,,,,,0,,,,0,0,0,,,,,,,,,,,,,,,,,,,,,,,,,,,,,,,,,,,,,,,,,,,,,,,,,,,,,,,,,,,,,,,,,,,,,,,,,,,,,,,,,,,,,,,,,,,,
375,5000003773,2017,1,1,0,0,0,333,,AUSTRALIAN AMETHYST,DL00,RM00,,,,,,,,,0,0,,H,USD,9536.78,0,9536.78,,,,1,G,1,G,1,G,,,,,0,,,0,X,,,,,,NA00,,,,,,,,,,,,2017,,,US00,,0,,0,0,0,,0,2,,,,,,,,,B,,,,0,,,,,0,0,0,,,,,0,,0,0,0,,,,,0,,,,0,0,0,,,,,,,,,,,,,,,,,,,,,,,,,,,,,,,,,,,,,,,,,,,,,,,,,,,,,,,,,,,,,,,,,,,,,,,,,,,,,,,,,,,,,,,,,,,,
375,5000003774,2017,1,1,0,0,0,333,,AUSTRALIAN AMETHYST,DL00,RM00,,,,,,,,,0,0,,H,USD,19073.57,0,19073.57,,,,2,G,2,G,2,G,,,,,0,,,0,X,,,,,,NA00,,,,,,,,,,,,2017,,,US00,,0,,0,0,0,,0,2,,,,,,,,,B,,,,0,,,,,0,0,0,,,,,0,,0,0,0,,,,,0,,,,0,0,0,,,,,,,,,,,,,,,,,,,,,,,,,,,,,,,,,,,,,,,,,,,,,,,,,,,,,,,,,,,,,,,,,,,,,,,,,,,,,,,,,,,,,,,,,,,,
375,5000003775,2017,1,1,0,0,0,333,,BLUEPAINT,DL00,RM00,,,,,,,,,0,0,,H,USD,10573.45,0,10573.45,,,,260,L,260,L,260,L,,,,,0,,,0,X,,,,,,NA00,,,,,,,,,,,,2017,,,US00,,0,,0,0,0,,0,2,,,,,,,,,B,,,,0,,,,,0,0,0,,,,,0,,0,0,0,,,,,0,,,,0,0,0,,,,,,,,,,,,,,,,,,,,,,,,,,,,,,,,,,,,,,,,,,,,,,,,,,,,,,,,,,,,,,,,,,,,,,,,,,,,,,,,,,,,,,,,,,,,
375,5000003776,2017,1,1,0,0,0,333,,BLUEPAINT,DL00,RM00,,,,,,,,,0,0,,H,USD,5693.39,0,5693.39,,,,140,L,140,L,140,L,,,,,0,,,0,X,,,,,,NA00,,,,,,,,,,,,2017,,,US00,,0,,0,0,0,,0,2,,,,,,,,,B,,,,0,,,,,0,0,0,,,,,0,,0,0,0,,,,,0,,,,0,0,0,,,,,,,,,,,,,,,,,,,,,,,,,,,,,,,,,,,,,,,,,,,,,,,,,,,,,,,,,,,,,,,,,,,,,,,,,,,,,,,,,,,,,,,,,,,,
375,5000003777,2017,1,1,0,0,0,333,,BLUEPAINT,DL00,RM00,,,,,,,,,0,0,,H,USD,5530.73,0,5530.73,,,,136,L,136,L,136,L,,,,,0,,,0,X,,,,,,NA00,,,,,,,,,,,,2017,,,US00,,0,,0,0,0,,0,2,,,,,,,,,B,,,,0,,,,,0,0,0,,,,,0,,0,0,0,,,,,0,,,,0,0,0,,,,,,,,,,,,,,,,,,,,,,,,,,,,,,,,,,,,,,,,,,,,,,,,,,,,,,,,,,,,,,,,,,,,,,,,,,,,,,,,,,,,,,,,,,,,
375,5000003778,2017,1,1,0,0,0,333,,BLUEPAINT,DL00,RM00,,,,,,,,,0,0,,H,USD,6181.40,0,6181.40,,,,152,L,152,L,152,L,,,,,0,,,0,X,,,,,,NA00,,,,,,,,,,,,2017,,,US00,,0,,0,0,0,,0,2,,,,,,,,,B,,,,0,,,,,0,0,0,,,,,0,,0,0,0,,,,,0,,,,0,0,0,,,,,,,,,,,,,,,,,,,,,,,,,,,,,,,,,,,,,,,,,,,,,,,,,,,,,,,,,,,,,,,,,,,,,,,,,,,,,,,,,,,,,,,,,,,,
375,5000003779,2017,1,1,0,0,0,333,,BLUEPAINT,DL00,RM00,,,,,,,,,0,0,,H,USD,1138.68,0,1138.68,,,,28,L,28,L,28,L,,,,,0,,,0,X,,,,,,NA00,,,,,,,,,,,,2017,,,US00,,0,,0,0,0,,0,2,,,,,,,,,B,,,,0,,,,,0,0,0,,,,,0,,0,0,0,,,,,0,,,,0,0,0,,,,,,,,,,,,,,,,,,,,,,,,,,,,,,,,,,,,,,,,,,,,,,,,,,,,,,,,,,,,,,,,,,,,,,,,,,,,,,,,,,,,,,,,,,,,
375,5000003780,2017,1,1,0,0,0,333,,BOLT1000,DL00,RM00,,,,,,,,,0,0,,H,USD,5.54,0,5.54,,,,6,EA,6,EA,6,EA,,,,,0,,,0,X,,,,,,NA00,,,,,,,,,,,,2017,,,US00,,0,,0,0,0,,0,2,,,,,,,,,B,,,,0,,,,,0,0,0,,,,,0,,0,0,0,,,,,0,,,,0,0,0,,,,,,,,,,,,,,,,,,,,,,,,,,,,,,,,,,,,,,,,,,,,,,,,,,,,,,,,,,,,,,,,,,,,,,,,,,,,,,,,,,,,,,,,,,,,
375,5000003781,2017,1,1,0,0,0,333,,BOLT1000,DL00,RM00,,,,,,,,,0,0,,H,USD,19.38,0,19.38,,,,21,EA,21,EA,21,EA,,,,,0,,,0,X,,,,,,NA00,,,,,,,,,,,,2017,,,US00,,0,,0,0,0,,0,2,,,,,,,,,B,,,,0,,,,,0,0,0,,,,,0,,0,0,0,,,,,0,,,,0,0,0,,,,,,,,,,,,,,,,,,,,,,,,,,,,,,,,,,,,,,,,,,,,,,,,,,,,,,,,,,,,,,,,,,,,,,,,,,,,,,,,,,,,,,,,,,,,
375,5000003782,2017,1,1,0,0,0,333,,BOLT1000,DL00,RM00,,,,,,,,,0,0,,H,USD,0.92,0,0.92,,,,1,EA,1,EA,1,EA,,,,,0,,,0,X,,,,,,NA00,,,,,,,,,,,,2017,,,US00,,0,,0,0,0,,0,2,,,,,,,,,B,,,,0,,,,,0,0,0,,,,,0,,0,0,0,,,,,0,,,,0,0,0,,,,,,,,,,,,,,,,,,,,,,,,,,,,,,,,,,,,,,,,,,,,,,,,,,,,,,,,,,,,,,,,,,,,,,,,,,,,,,,,,,,,,,,,,,,,
375,5000003783,2017,1,1,0,0,0,333,,BOTSWANA BLACK PE,DL00,RM00,,,,,,,,,0,0,,H,USD,98555.53,0,98555.53,,,,7,G,7,G,7,G,,,,,0,,,0,X,,,,,,NA00,,,,,,,,,,,,2017,,,US00,,0,,0,0,0,,0,2,,,,,,,,,B,,,,0,,,,,0,0,0,,,,,0,,0,0,0,,,,,0,,,,0,0,0,,,,,,,,,,,,,,,,,,,,,,,,,,,,,,,,,,,,,,,,,,,,,,,,,,,,,,,,,,,,,,,,,,,,,,,,,,,,,,,,,,,,,,,,,,,,
375,5000003784,2017,1,1,0,0,0,333,,BOTSWANA BLACK PE,DL00,RM00,,,,,,,,,0,0,,H,USD,112634.89,0,112634.89,,,,8,G,8,G,8,G,,,,,0,,,0,X,,,,,,NA00,,,,,,,,,,,,2017,,,US00,,0,,0,0,0,,0,2,,,,,,,,,B,,,,0,,,,,0,0,0,,,,,0,,0,0,0,,,,,0,,,,0,0,0,,,,,,,,,,,,,,,,,,,,,,,,,,,,,,,,,,,,,,,,,,,,,,,,,,,,,,,,,,,,,,,,,,,,,,,,,,,,,,,,,,,,,,,,,,,,
375,5000003785,2017,1,1,0,0,0,333,,BOTSWANA BLACK PE,DL00,RM00,,,,,,,,,0,0,,H,USD,28158.72,0,28158.72,,,,2,G,2,G,2,G,,,,,0,,,0,X,,,,,,NA00,,,,,,,,,,,,2017,,,US00,,0,,0,0,0,,0,2,,,,,,,,,B,,,,0,,,,,0,0,0,,,,,0,,0,0,0,,,,,0,,,,0,0,0,,,,,,,,,,,,,,,,,,,,,,,,,,,,,,,,,,,,,,,,,,,,,,,,,,,,,,,,,,,,,,,,,,,,,,,,,,,,,,,,,,,,,,,,,,,,
375,5000003786,2017,1,1,0,0,0,333,,BOTSWANA BLACK PE,DL00,RM00,,,,,,,,,0,0,,H,USD,42238.09,0,42238.09,,,,3,G,3,G,3,G,,,,,0,,,0,X,,,,,,NA00,,,,,,,,,,,,2017,,,US00,,0,,0,0,0,,0,2,,,,,,,,,B,,,,0,,,,,0,0,0,,,,,0,,0,0,0,,,,,0,,,,0,0,0,,,,,,,,,,,,,,,,,,,,,,,,,,,,,,,,,,,,,,,,,,,,,,,,,,,,,,,,,,,,,,,,,,,,,,,,,,,,,,,,,,,,,,,,,,,,
375,5000003787,2017,1,1,0,0,0,333,,BOTSWANA BLACK PE,DL00,RM00,,,,,,,,,0,0,,H,USD,56317.45,0,56317.45,,,,4,G,4,G,4,G,,,,,0,,,0,X,,,,,,NA00,,,,,,,,,,,,2017,,,US00,,0,,0,0,0,,0,2,,,,,,,,,B,,,,0,,,,,0,0,0,,,,,0,,0,0,0,,,,,0,,,,0,0,0,,,,,,,,,,,,,,,,,,,,,,,,,,,,,,,,,,,,,,,,,,,,,,,,,,,,,,,,,,,,,,,,,,,,,,,,,,,,,,,,,,,,,,,,,,,,
375,5000003788,2017,1,1,0,0,0,333,,BOTSWANA BLACK PE,DL00,RM00,,,,,,,,,0,0,,H,USD,225269.79,0,225269.79,,,,16,G,16,G,16,G,,,,,0,,,0,X,,,,,,NA00,,,,,,,,,,,,2017,,,US00,,0,,0,0,0,,0,2,,,,,,,,,B,,,,0,,,,,0,0,0,,,,,0,,0,0,0,,,,,0,,,,0,0,0,,,,,,,,,,,,,,,,,,,,,,,,,,,,,,,,,,,,,,,,,,,,,,,,,,,,,,,,,,,,,,,,,,,,,,,,,,,,,,,,,,,,,,,,,,,,
375,5000003789,2017,1,1,0,0,0,333,,BOTSWANA BLACK PE,DL00,RM00,,,,,,,,,0,0,,H,USD,28158.72,0,28158.72,,,,2,G,2,G,2,G,,,,,0,,,0,X,,,,,,NA00,,,,,,,,,,,,2017,,,US00,,0,,0,0,0,,0,2,,,,,,,,,B,,,,0,,,,,0,0,0,,,,,0,,0,0,0,,,,,0,,,,0,0,0,,,,,,,,,,,,,,,,,,,,,,,,,,,,,,,,,,,,,,,,,,,,,,,,,,,,,,,,,,,,,,,,,,,,,,,,,,,,,,,,,,,,,,,,,,,,
375,5000003790,2017,1,1,0,0,0,333,,BOTSWANA BLACK PE,DL00,RM00,,,,,,,,,0,0,,H,USD,70396.81,0,70396.81,,,,5,G,5,G,5,G,,,,,0,,,0,X,,,,,,NA00,,,,,,,,,,,,2017,,,US00,,0,,0,0,0,,0,2,,,,,,,,,B,,,,0,,,,,0,0,0,,,,,0,,0,0,0,,,,,0,,,,0,0,0,,,,,,,,,,,,,,,,,,,,,,,,,,,,,,,,,,,,,,,,,,,,,,,,,,,,,,,,,,,,,,,,,,,,,,,,,,,,,,,,,,,,,,,,,,,,
375,5000003791,2017,1,1,0,0,0,333,,BRITAIN BLACK PEAR,DL00,RM00,,,,,,,,,0,0,,H,USD,60679.61,0,60679.61,,,,1,G,1,G,1,G,,,,,0,,,0,X,,,,,,NA00,,,,,,,,,,,,2017,,,US00,,0,,0,0,0,,0,2,,,,,,,,,B,,,,0,,,,,0,0,0,,,,,0,,0,0,0,,,,,0,,,,0,0,0,,,,,,,,,,,,,,,,,,,,,,,,,,,,,,,,,,,,,,,,,,,,,,,,,,,,,,,,,,,,,,,,,,,,,,,,,,,,,,,,,,,,,,,,,,,,
375,5000003792,2017,1,1,0,0,0,333,,BRITAIN BLACK PEAR,DL00,RM00,,,,,,,,,0,0,,H,USD,60679.61,0,60679.61,,,,1,G,1,G,1,G,,,,,0,,,0,X,,,,,,NA00,,,,,,,,,,,,2017,,,US00,,0,,0,0,0,,0,2,,,,,,,,,B,,,,0,,,,,0,0,0,,,,,0,,0,0,0,,,,,0,,,,0,0,0,,,,,,,,,,,,,,,,,,,,,,,,,,,,,,,,,,,,,,,,,,,,,,,,,,,,,,,,,,,,,,,,,,,,,,,,,,,,,,,,,,,,,,,,,,,,
375,5000003793,2017,1,1,0,0,0,333,,BRITAIN BLACK PEAR,DL00,RM00,,,,,,,,,0,0,,H,USD,303398.06,0,303398.06,,,,5,G,5,G,5,G,,,,,0,,,0,X,,,,,,NA00,,,,,,,,,,,,2017,,,US00,,0,,0,0,0,,0,2,,,,,,,,,B,,,,0,,,,,0,0,0,,,,,0,,0,0,0,,,,,0,,,,0,0,0,,,,,,,,,,,,,,,,,,,,,,,,,,,,,,,,,,,,,,,,,,,,,,,,,,,,,,,,,,,,,,,,,,,,,,,,,,,,,,,,,,,,,,,,,,,,
375,5000003794,2017,1,1,0,0,0,333,,BRITAIN BLACK PEAR,DL00,RM00,,,,,,,,,0,0,,H,USD,546116.50,0,546116.50,,,,9,G,9,G,9,G,,,,,0,,,0,X,,,,,,NA00,,,,,,,,,,,,2017,,,US00,,0,,0,0,0,,0,2,,,,,,,,,B,,,,0,,,,,0,0,0,,,,,0,,0,0,0,,,,,0,,,,0,0,0,,,,,,,,,,,,,,,,,,,,,,,,,,,,,,,,,,,,,,,,,,,,,,,,,,,,,,,,,,,,,,,,,,,,,,,,,,,,,,,,,,,,,,,,,,,,
375,5000003795,2017,1,1,0,0,0,333,,CANADIAN CRYSTAL,DL00,RM00,,,,,,,,,0,0,,H,USD,136612.02,0,136612.02,,,,5,G,5,G,5,G,,,,,0,,,0,X,,,,,,NA00,,,,,,,,,,,,2017,,,US00,,0,,0,0,0,,0,2,,,,,,,,,B,,,,0,,,,,0,0,0,,,,,0,,0,0,0,,,,,0,,,,0,0,0,,,,,,,,,,,,,,,,,,,,,,,,,,,,,,,,,,,,,,,,,,,,,,,,,,,,,,,,,,,,,,,,,,,,,,,,,,,,,,,,,,,,,,,,,,,,
375,5000003796,2017,1,1,0,0,0,333,,CANADIAN CRYSTAL,DL00,RM00,,,,,,,,,0,0,,H,USD,27322.40,0,27322.40,,,,1,G,1,G,1,G,,,,,0,,,0,X,,,,,,NA00,,,,,,,,,,,,2017,,,US00,,0,,0,0,0,,0,2,,,,,,,,,B,,,,0,,,,,0,0,0,,,,,0,,0,0,0,,,,,0,,,,0,0,0,,,,,,,,,,,,,,,,,,,,,,,,,,,,,,,,,,,,,,,,,,,,,,,,,,,,,,,,,,,,,,,,,,,,,,,,,,,,,,,,,,,,,,,,,,,,
375,5000003797,2017,1,1,0,0,0,333,,CANADIAN CRYSTAL,DL00,RM00,,,,,,,,,0,0,,H,USD,54644.81,0,54644.81,,,,2,G,2,G,2,G,,,,,0,,,0,X,,,,,,NA00,,,,,,,,,,,,2017,,,US00,,0,,0,0,0,,0,2,,,,,,,,,B,,,,0,,,,,0,0,0,,,,,0,,0,0,0,,,,,0,,,,0,0,0,,,,,,,,,,,,,,,,,,,,,,,,,,,,,,,,,,,,,,,,,,,,,,,,,,,,,,,,,,,,,,,,,,,,,,,,,,,,,,,,,,,,,,,,,,,,
375,5000003798,2017,1,1,0,0,0,333,,CARBONITE,DL00,RM00,,,,,,,,,0,0,,H,USD,120.97,0,120.97,,,,1,G,1,G,1,G,,,,,0,,,0,X,,,,,,NA00,,,,,,,,,,,,2017,,,US00,,0,,0,0,0,,0,2,,,,,,,,,B,,,,0,,,,,0,0,0,,,,,0,,0,0,0,,,,,0,,,,0,0,0,,,,,,,,,,,,,,,,,,,,,,,,,,,,,,,,,,,,,,,,,,,,,,,,,,,,,,,,,,,,,,,,,,,,,,,,,,,,,,,,,,,,,,,,,,,,
375,5000003799,2017,1,1,0,0,0,333,,CARBONITE,DL00,RM00,,,,,,,,,0,0,,H,USD,120.97,0,120.97,,,,1,G,1,G,1,G,,,,,0,,,0,X,,,,,,NA00,,,,,,,,,,,,2017,,,US00,,0,,0,0,0,,0,2,,,,,,,,,B,,,,0,,,,,0,0,0,,,,,0,,0,0,0,,,,,0,,,,0,0,0,,,,,,,,,,,,,,,,,,,,,,,,,,,,,,,,,,,,,,,,,,,,,,,,,,,,,,,,,,,,,,,,,,,,,,,,,,,,,,,,,,,,,,,,,,,,
375,5000003800,2017,1,1,0,0,0,333,,CARBONITE,DL00,RM00,,,,,,,,,0,0,,H,USD,483.87,0,483.87,,,,4,G,4,G,4,G,,,,,0,,,0,X,,,,,,NA00,,,,,,,,,,,,2017,,,US00,,0,,0,0,0,,0,2,,,,,,,,,B,,,,0,,,,,0,0,0,,,,,0,,0,0,0,,,,,0,,,,0,0,0,,,,,,,,,,,,,,,,,,,,,,,,,,,,,,,,,,,,,,,,,,,,,,,,,,,,,,,,,,,,,,,,,,,,,,,,,,,,,,,,,,,,,,,,,,,,
375,5000003801,2017,1,1,0,0,0,333,,CARBONITE,DL00,RM00,,,,,,,,,0,0,,H,USD,120.97,0,120.97,,,,1,G,1,G,1,G,,,,,0,,,0,X,,,,,,NA00,,,,,,,,,,,,2017,,,US00,,0,,0,0,0,,0,2,,,,,,,,,B,,,,0,,,,,0,0,0,,,,,0,,0,0,0,,,,,0,,,,0,0,0,,,,,,,,,,,,,,,,,,,,,,,,,,,,,,,,,,,,,,,,,,,,,,,,,,,,,,,,,,,,,,,,,,,,,,,,,,,,,,,,,,,,,,,,,,,,
375,5000003802,2017,1,1,0,0,0,333,,CARBONITE,DL00,RM00,,,,,,,,,0,0,,H,USD,241.94,0,241.94,,,,2,G,2,G,2,G,,,,,0,,,0,X,,,,,,NA00,,,,,,,,,,,,2017,,,US00,,0,,0,0,0,,0,2,,,,,,,,,B,,,,0,,,,,0,0,0,,,,,0,,0,0,0,,,,,0,,,,0,0,0,,,,,,,,,,,,,,,,,,,,,,,,,,,,,,,,,,,,,,,,,,,,,,,,,,,,,,,,,,,,,,,,,,,,,,,,,,,,,,,,,,,,,,,,,,,,
375,5000003803,2017,1,1,0,0,0,333,,CHRONIUM,DL00,RM00,,,,,,,,,0,0,,H,USD,21.25,0,21.25,,,,42,LB,42,LB,42,LB,,,,,0,,,0,X,,,,,,NA00,,,,,,,,,,,,2017,,,US00,,0,,0,0,0,,0,2,,,,,,,,,B,,,,0,,,,,0,0,0,,,,,0,,0,0,0,,,,,0,,,,0,0,0,,,,,,,,,,,,,,,,,,,,,,,,,,,,,,,,,,,,,,,,,,,,,,,,,,,,,,,,,,,,,,,,,,,,,,,,,,,,,,,,,,,,,,,,,,,,
375,5000003804,2017,1,1,0,0,0,333,,CHRONIUM,DL00,RM00,,,,,,,,,0,0,,H,USD,62.23,0,62.23,,,,123,LB,123,LB,123,LB,,,,,0,,,0,X,,,,,,NA00,,,,,,,,,,,,2017,,,US00,,0,,0,0,0,,0,2,,,,,,,,,B,,,,0,,,,,0,0,0,,,,,0,,0,0,0,,,,,0,,,,0,0,0,,,,,,,,,,,,,,,,,,,,,,,,,,,,,,,,,,,,,,,,,,,,,,,,,,,,,,,,,,,,,,,,,,,,,,,,,,,,,,,,,,,,,,,,,,,,
375,5000003805,2017,1,1,0,0,0,333,,CHRONIUM,DL00,RM00,,,,,,,,,0,0,,H,USD,88.54,0,88.54,,,,175,LB,175,LB,175,LB,,,,,0,,,0,X,,,,,,NA00,,,,,,,,,,,,2017,,,US00,,0,,0,0,0,,0,2,,,,,,,,,B,,,,0,,,,,0,0,0,,,,,0,,0,0,0,,,,,0,,,,0,0,0,,,,,,,,,,,,,,,,,,,,,,,,,,,,,,,,,,,,,,,,,,,,,,,,,,,,,,,,,,,,,,,,,,,,,,,,,,,,,,,,,,,,,,,,,,,,
375,5000003806,2017,1,1,0,0,0,333,,CHRONIUM,DL00,RM00,,,,,,,,,0,0,,H,USD,18.72,0,18.72,,,,37,LB,37,LB,37,LB,,,,,0,,,0,X,,,,,,NA00,,,,,,,,,,,,2017,,,US00,,0,,0,0,0,,0,2,,,,,,,,,B,,,,0,,,,,0,0,0,,,,,0,,0,0,0,,,,,0,,,,0,0,0,,,,,,,,,,,,,,,,,,,,,,,,,,,,,,,,,,,,,,,,,,,,,,,,,,,,,,,,,,,,,,,,,,,,,,,,,,,,,,,,,,,,,,,,,,,,
375,5000003807,2017,1,1,0,0,0,333,,CHRONIUM,DL00,RM00,,,,,,,,,0,0,,H,USD,29.85,0,29.85,,,,59,LB,59,LB,59,LB,,,,,0,,,0,X,,,,,,NA00,,,,,,,,,,,,2017,,,US00,,0,,0,0,0,,0,2,,,,,,,,,B,,,,0,,,,,0,0,0,,,,,0,,0,0,0,,,,,0,,,,0,0,0,,,,,,,,,,,,,,,,,,,,,,,,,,,,,,,,,,,,,,,,,,,,,,,,,,,,,,,,,,,,,,,,,,,,,,,,,,,,,,,,,,,,,,,,,,,,
375,5000003808,2017,1,1,0,0,0,333,,CHRONIUM,DL00,RM00,,,,,,,,,0,0,,H,USD,11.13,0,11.13,,,,22,LB,22,LB,22,LB,,,,,0,,,0,X,,,,,,NA00,,,,,,,,,,,,2017,,,US00,,0,,0,0,0,,0,2,,,,,,,,,B,,,,0,,,,,0,0,0,,,,,0,,0,0,0,,,,,0,,,,0,0,0,,,,,,,,,,,,,,,,,,,,,,,,,,,,,,,,,,,,,,,,,,,,,,,,,,,,,,,,,,,,,,,,,,,,,,,,,,,,,,,,,,,,,,,,,,,,
375,5000003809,2017,1,1,0,0,0,333,,CHRONIUM,DL00,RM00,,,,,,,,,0,0,,H,USD,4.05,0,4.05,,,,8,LB,8,LB,8,LB,,,,,0,,,0,X,,,,,,NA00,,,,,,,,,,,,2017,,,US00,,0,,0,0,0,,0,2,,,,,,,,,B,,,,0,,,,,0,0,0,,,,,0,,0,0,0,,,,,0,,,,0,0,0,,,,,,,,,,,,,,,,,,,,,,,,,,,,,,,,,,,,,,,,,,,,,,,,,,,,,,,,,,,,,,,,,,,,,,,,,,,,,,,,,,,,,,,,,,,,
375,5000003810,2017,1,1,0,0,0,333,,CONCRETE,DL00,RM00,,,,,,,,,0,0,,H,USD,3856.57,0,3856.57,,,,44,YD3,44,YD3,44,YD3,,,,,0,,,0,X,,,,,,NA00,,,,,,,,,,,,2017,,,US00,,0,,0,0,0,,0,2,,,,,,,,,B,,,,0,,,,,0,0,0,,,,,0,,0,0,0,,,,,0,,,,0,0,0,,,,,,,,,,,,,,,,,,,,,,,,,,,,,,,,,,,,,,,,,,,,,,,,,,,,,,,,,,,,,,,,,,,,,,,,,,,,,,,,,,,,,,,,,,,,
375,5000003811,2017,1,1,0,0,0,333,,CONCRETE,DL00,RM00,,,,,,,,,0,0,,H,USD,350.60,0,350.60,,,,4,YD3,4,YD3,4,YD3,,,,,0,,,0,X,,,,,,NA00,,,,,,,,,,,,2017,,,US00,,0,,0,0,0,,0,2,,,,,,,,,B,,,,0,,,,,0,0,0,,,,,0,,0,0,0,,,,,0,,,,0,0,0,,,,,,,,,,,,,,,,,,,,,,,,,,,,,,,,,,,,,,,,,,,,,,,,,,,,,,,,,,,,,,,,,,,,,,,,,,,,,,,,,,,,,,,,,,,,
375,5000003812,2017,1,1,0,0,0,333,,CONGOCRYSTAL,DL00,RM00,,,,,,,,,0,0,,H,USD,25893.08,0,25893.08,,,,3,G,3,G,3,G,,,,,0,,,0,X,,,,,,NA00,,,,,,,,,,,,2017,,,US00,,0,,0,0,0,,0,2,,,,,,,,,B,,,,0,,,,,0,0,0,,,,,0,,0,0,0,,,,,0,,,,0,0,0,,,,,,,,,,,,,,,,,,,,,,,,,,,,,,,,,,,,,,,,,,,,,,,,,,,,,,,,,,,,,,,,,,,,,,,,,,,,,,,,,,,,,,,,,,,,
375,5000003813,2017,1,1,0,0,0,333,,CONGOCRYSTAL,DL00,RM00,,,,,,,,,0,0,,H,USD,17262.05,0,17262.05,,,,2,G,2,G,2,G,,,,,0,,,0,X,,,,,,NA00,,,,,,,,,,,,2017,,,US00,,0,,0,0,0,,0,2,,,,,,,,,B,,,,0,,,,,0,0,0,,,,,0,,0,0,0,,,,,0,,,,0,0,0,,,,,,,,,,,,,,,,,,,,,,,,,,,,,,,,,,,,,,,,,,,,,,,,,,,,,,,,,,,,,,,,,,,,,,,,,,,,,,,,,,,,,,,,,,,,
375,5000003814,2017,1,1,0,0,0,333,,CONGOCRYSTAL,DL00,RM00,,,,,,,,,0,0,,H,USD,51786.16,0,51786.16,,,,6,G,6,G,6,G,,,,,0,,,0,X,,,,,,NA00,,,,,,,,,,,,2017,,,US00,,0,,0,0,0,,0,2,,,,,,,,,B,,,,0,,,,,0,0,0,,,,,0,,0,0,0,,,,,0,,,,0,0,0,,,,,,,,,,,,,,,,,,,,,,,,,,,,,,,,,,,,,,,,,,,,,,,,,,,,,,,,,,,,,,,,,,,,,,,,,,,,,,,,,,,,,,,,,,,,
375,5000003815,2017,1,1,0,0,0,333,,CONGOCRYSTAL,DL00,RM00,,,,,,,,,0,0,,H,USD,34524.11,0,34524.11,,,,4,G,4,G,4,G,,,,,0,,,0,X,,,,,,NA00,,,,,,,,,,,,2017,,,US00,,0,,0,0,0,,0,2,,,,,,,,,B,,,,0,,,,,0,0,0,,,,,0,,0,0,0,,,,,0,,,,0,0,0,,,,,,,,,,,,,,,,,,,,,,,,,,,,,,,,,,,,,,,,,,,,,,,,,,,,,,,,,,,,,,,,,,,,,,,,,,,,,,,,,,,,,,,,,,,,
375,5000003816,2017,1,1,0,0,0,333,,CONGOCRYSTAL,DL00,RM00,,,,,,,,,0,0,,H,USD,34524.11,0,34524.11,,,,4,G,4,G,4,G,,,,,0,,,0,X,,,,,,NA00,,,,,,,,,,,,2017,,,US00,,0,,0,0,0,,0,2,,,,,,,,,B,,,,0,,,,,0,0,0,,,,,0,,0,0,0,,,,,0,,,,0,0,0,,,,,,,,,,,,,,,,,,,,,,,,,,,,,,,,,,,,,,,,,,,,,,,,,,,,,,,,,,,,,,,,,,,,,,,,,,,,,,,,,,,,,,,,,,,,
375,5000003817,2017,1,1,0,0,0,333,,CONGOCRYSTAL,DL00,RM00,,,,,,,,,0,0,,H,USD,34524.11,0,34524.11,,,,4,G,4,G,4,G,,,,,0,,,0,X,,,,,,NA00,,,,,,,,,,,,2017,,,US00,,0,,0,0,0,,0,2,,,,,,,,,B,,,,0,,,,,0,0,0,,,,,0,,0,0,0,,,,,0,,,,0,0,0,,,,,,,,,,,,,,,,,,,,,,,,,,,,,,,,,,,,,,,,,,,,,,,,,,,,,,,,,,,,,,,,,,,,,,,,,,,,,,,,,,,,,,,,,,,,
375,5000003818,2017,1,1,0,0,0,333,,CONGOCRYSTAL,DL00,RM00,,,,,,,,,0,0,,H,USD,17262.05,0,17262.05,,,,2,G,2,G,2,G,,,,,0,,,0,X,,,,,,NA00,,,,,,,,,,,,2017,,,US00,,0,,0,0,0,,0,2,,,,,,,,,B,,,,0,,,,,0,0,0,,,,,0,,0,0,0,,,,,0,,,,0,0,0,,,,,,,,,,,,,,,,,,,,,,,,,,,,,,,,,,,,,,,,,,,,,,,,,,,,,,,,,,,,,,,,,,,,,,,,,,,,,,,,,,,,,,,,,,,,
375,5000003819,2017,1,1,0,0,0,333,,DIAMOND,DL00,RM00,,,,,,,,,0,0,,H,USD,1019.55,0,1019.55,,,,93,LB,93,LB,93,LB,,,,,0,,,0,X,,,,,,NA00,,,,,,,,,,,,2017,,,US00,,0,,0,0,0,,0,2,,,,,,,,,B,,,,0,,,,,0,0,0,,,,,0,,0,0,0,,,,,0,,,,0,0,0,,,,,,,,,,,,,,,,,,,,,,,,,,,,,,,,,,,,,,,,,,,,,,,,,,,,,,,,,,,,,,,,,,,,,,,,,,,,,,,,,,,,,,,,,,,,
375,5000003820,2017,1,1,0,0,0,333,,DIAMOND,DL00,RM00,,,,,,,,,0,0,,H,USD,10.96,0,10.96,,,,1,LB,1,LB,1,LB,,,,,0,,,0,X,,,,,,NA00,,,,,,,,,,,,2017,,,US00,,0,,0,0,0,,0,2,,,,,,,,,B,,,,0,,,,,0,0,0,,,,,0,,0,0,0,,,,,0,,,,0,0,0,,,,,,,,,,,,,,,,,,,,,,,,,,,,,,,,,,,,,,,,,,,,,,,,,,,,,,,,,,,,,,,,,,,,,,,,,,,,,,,,,,,,,,,,,,,,
375,5000003821,2017,1,1,0,0,0,333,,DIAMOND,DL00,RM00,,,,,,,,,0,0,,H,USD,624.89,0,624.89,,,,57,LB,57,LB,57,LB,,,,,0,,,0,X,,,,,,NA00,,,,,,,,,,,,2017,,,US00,,0,,0,0,0,,0,2,,,,,,,,,B,,,,0,,,,,0,0,0,,,,,0,,0,0,0,,,,,0,,,,0,0,0,,,,,,,,,,,,,,,,,,,,,,,,,,,,,,,,,,,,,,,,,,,,,,,,,,,,,,,,,,,,,,,,,,,,,,,,,,,,,,,,,,,,,,,,,,,,
375,5000003822,2017,1,1,0,0,0,333,,DIAMOND,DL00,RM00,,,,,,,,,0,0,,H,USD,350.81,0,350.81,,,,32,LB,32,LB,32,LB,,,,,0,,,0,X,,,,,,NA00,,,,,,,,,,,,2017,,,US00,,0,,0,0,0,,0,2,,,,,,,,,B,,,,0,,,,,0,0,0,,,,,0,,0,0,0,,,,,0,,,,0,0,0,,,,,,,,,,,,,,,,,,,,,,,,,,,,,,,,,,,,,,,,,,,,,,,,,,,,,,,,,,,,,,,,,,,,,,,,,,,,,,,,,,,,,,,,,,,,
375,5000003823,2017,1,1,0,0,0,333,,DIAMOND,DL00,RM00,,,,,,,,,0,0,,H,USD,252.15,0,252.15,,,,23,LB,23,LB,23,LB,,,,,0,,,0,X,,,,,,NA00,,,,,,,,,,,,2017,,,US00,,0,,0,0,0,,0,2,,,,,,,,,B,,,,0,,,,,0,0,0,,,,,0,,0,0,0,,,,,0,,,,0,0,0,,,,,,,,,,,,,,,,,,,,,,,,,,,,,,,,,,,,,,,,,,,,,,,,,,,,,,,,,,,,,,,,,,,,,,,,,,,,,,,,,,,,,,,,,,,,
375,5000003824,2017,1,1,0,0,0,333,,DIAMOND,DL00,RM00,,,,,,,,,0,0,,H,USD,888.00,0,888.00,,,,81,LB,81,LB,81,LB,,,,,0,,,0,X,,,,,,NA00,,,,,,,,,,,,2017,,,US00,,0,,0,0,0,,0,2,,,,,,,,,B,,,,0,,,,,0,0,0,,,,,0,,0,0,0,,,,,0,,,,0,0,0,,,,,,,,,,,,,,,,,,,,,,,,,,,,,,,,,,,,,,,,,,,,,,,,,,,,,,,,,,,,,,,,,,,,,,,,,,,,,,,,,,,,,,,,,,,,
375,5000003825,2017,1,1,0,0,0,333,,DIAMOND,DL00,RM00,,,,,,,,,0,0,,H,USD,1140.14,0,1140.14,,,,104,LB,104,LB,104,LB,,,,,0,,,0,X,,,,,,NA00,,,,,,,,,,,,2017,,,US00,,0,,0,0,0,,0,2,,,,,,,,,B,,,,0,,,,,0,0,0,,,,,0,,0,0,0,,,,,0,,,,0,0,0,,,,,,,,,,,,,,,,,,,,,,,,,,,,,,,,,,,,,,,,,,,,,,,,,,,,,,,,,,,,,,,,,,,,,,,,,,,,,,,,,,,,,,,,,,,,
375,5000003826,2017,1,1,0,0,0,333,,DIAMOND,DL00,RM00,,,,,,,,,0,0,,H,USD,537.18,0,537.18,,,,49,LB,49,LB,49,LB,,,,,0,,,0,X,,,,,,NA00,,,,,,,,,,,,2017,,,US00,,0,,0,0,0,,0,2,,,,,,,,,B,,,,0,,,,,0,0,0,,,,,0,,0,0,0,,,,,0,,,,0,0,0,,,,,,,,,,,,,,,,,,,,,,,,,,,,,,,,,,,,,,,,,,,,,,,,,,,,,,,,,,,,,,,,,,,,,,,,,,,,,,,,,,,,,,,,,,,,
375,5000003827,2017,1,1,0,0,0,333,,GOLD,DL00,RM00,,,,,,,,,0,0,,H,USD,10462.88,0,10462.88,,,,40,G,40,G,40,G,,,,,0,,,0,X,,,,,,NA00,,,,,,,,,,,,2017,,,US00,,0,,0,0,0,,0,2,,,,,,,,,B,,,,0,,,,,0,0,0,,,,,0,,0,0,0,,,,,0,,,,0,0,0,,,,,,,,,,,,,,,,,,,,,,,,,,,,,,,,,,,,,,,,,,,,,,,,,,,,,,,,,,,,,,,,,,,,,,,,,,,,,,,,,,,,,,,,,,,,
375,5000003828,2017,1,1,0,0,0,333,,GOLD,DL00,RM00,,,,,,,,,0,0,,H,USD,26680.34,0,26680.34,,,,102,G,102,G,102,G,,,,,0,,,0,X,,,,,,NA00,,,,,,,,,,,,2017,,,US00,,0,,0,0,0,,0,2,,,,,,,,,B,,,,0,,,,,0,0,0,,,,,0,,0,0,0,,,,,0,,,,0,0,0,,,,,,,,,,,,,,,,,,,,,,,,,,,,,,,,,,,,,,,,,,,,,,,,,,,,,,,,,,,,,,,,,,,,,,,,,,,,,,,,,,,,,,,,,,,,
375,5000003829,2017,1,1,0,0,0,333,,HEXNT,DL00,RM00,,,,,,,,,0,0,,H,USD,2452.07,0,2452.07,,,,1996,LB,1996,LB,1996,LB,,,,,0,,,0,X,,,,,,NA00,,,,,,,,,,,,2017,,,US00,,0,,0,0,0,,0,2,,,,,,,,,B,,,,0,,,,,0,0,0,,,,,0,,0,0,0,,,,,0,,,,0,0,0,,,,,,,,,,,,,,,,,,,,,,,,,,,,,,,,,,,,,,,,,,,,,,,,,,,,,,,,,,,,,,,,,,,,,,,,,,,,,,,,,,,,,,,,,,,,
375,5000003830,2017,1,1,0,0,0,333,,HEXNT,DL00,RM00,,,,,,,,,0,0,,H,USD,1696.55,0,1696.55,,,,1381,LB,1381,LB,1381,LB,,,,,0,,,0,X,,,,,,NA00,,,,,,,,,,,,2017,,,US00,,0,,0,0,0,,0,2,,,,,,,,,B,,,,0,,,,,0,0,0,,,,,0,,0,0,0,,,,,0,,,,0,0,0,,,,,,,,,,,,,,,,,,,,,,,,,,,,,,,,,,,,,,,,,,,,,,,,,,,,,,,,,,,,,,,,,,,,,,,,,,,,,,,,,,,,,,,,,,,,
375,5000003831,2017,1,1,0,0,0,333,,HEXNT,DL00,RM00,,,,,,,,,0,0,,H,USD,1491.39,0,1491.39,,,,1214,LB,1214,LB,1214,LB,,,,,0,,,0,X,,,,,,NA00,,,,,,,,,,,,2017,,,US00,,0,,0,0,0,,0,2,,,,,,,,,B,,,,0,,,,,0,0,0,,,,,0,,0,0,0,,,,,0,,,,0,0,0,,,,,,,,,,,,,,,,,,,,,,,,,,,,,,,,,,,,,,,,,,,,,,,,,,,,,,,,,,,,,,,,,,,,,,,,,,,,,,,,,,,,,,,,,,,,
375,5000003832,2017,1,1,0,0,0,333,,HEXNT,DL00,RM00,,,,,,,,,0,0,,H,USD,1.23,0,1.23,,,,1,LB,1,LB,1,LB,,,,,0,,,0,X,,,,,,NA00,,,,,,,,,,,,2017,,,US00,,0,,0,0,0,,0,2,,,,,,,,,B,,,,0,,,,,0,0,0,,,,,0,,0,0,0,,,,,0,,,,0,0,0,,,,,,,,,,,,,,,,,,,,,,,,,,,,,,,,,,,,,,,,,,,,,,,,,,,,,,,,,,,,,,,,,,,,,,,,,,,,,,,,,,,,,,,,,,,,
375,5000003833,2017,1,1,0,0,0,333,,HEXNT,DL00,RM00,,,,,,,,,0,0,,H,USD,2393.10,0,2393.10,,,,1948,LB,1948,LB,1948,LB,,,,,0,,,0,X,,,,,,NA00,,,,,,,,,,,,2017,,,US00,,0,,0,0,0,,0,2,,,,,,,,,B,,,,0,,,,,0,0,0,,,,,0,,0,0,0,,,,,0,,,,0,0,0,,,,,,,,,,,,,,,,,,,,,,,,,,,,,,,,,,,,,,,,,,,,,,,,,,,,,,,,,,,,,,,,,,,,,,,,,,,,,,,,,,,,,,,,,,,,
375,5000003834,2017,1,1,0,0,0,333,,HEXNT,DL00,RM00,,,,,,,,,0,0,,H,USD,234.64,0,234.64,,,,191,LB,191,LB,191,LB,,,,,0,,,0,X,,,,,,NA00,,,,,,,,,,,,2017,,,US00,,0,,0,0,0,,0,2,,,,,,,,,B,,,,0,,,,,0,0,0,,,,,0,,0,0,0,,,,,0,,,,0,0,0,,,,,,,,,,,,,,,,,,,,,,,,,,,,,,,,,,,,,,,,,,,,,,,,,,,,,,,,,,,,,,,,,,,,,,,,,,,,,,,,,,,,,,,,,,,,
375,5000003835,2017,1,1,0,0,0,333,,HEXNT,DL00,RM00,,,,,,,,,0,0,,H,USD,1242.01,0,1242.01,,,,1011,LB,1011,LB,1011,LB,,,,,0,,,0,X,,,,,,NA00,,,,,,,,,,,,2017,,,US00,,0,,0,0,0,,0,2,,,,,,,,,B,,,,0,,,,,0,0,0,,,,,0,,0,0,0,,,,,0,,,,0,0,0,,,,,,,,,,,,,,,,,,,,,,,,,,,,,,,,,,,,,,,,,,,,,,,,,,,,,,,,,,,,,,,,,,,,,,,,,,,,,,,,,,,,,,,,,,,,
375,5000003836,2017,1,1,0,0,0,333,,HEXNT,DL00,RM00,,,,,,,,,0,0,,H,USD,191.64,0,191.64,,,,156,LB,156,LB,156,LB,,,,,0,,,0,X,,,,,,NA00,,,,,,,,,,,,2017,,,US00,,0,,0,0,0,,0,2,,,,,,,,,B,,,,0,,,,,0,0,0,,,,,0,,0,0,0,,,,,0,,,,0,0,0,,,,,,,,,,,,,,,,,,,,,,,,,,,,,,,,,,,,,,,,,,,,,,,,,,,,,,,,,,,,,,,,,,,,,,,,,,,,,,,,,,,,,,,,,,,,
375,5000003837,2017,1,1,0,0,0,333,,HEXNT,DL00,RM00,,,,,,,,,0,0,,H,USD,1567.56,0,1567.56,,,,1276,LB,1276,LB,1276,LB,,,,,0,,,0,X,,,,,,NA00,,,,,,,,,,,,2017,,,US00,,0,,0,0,0,,0,2,,,,,,,,,B,,,,0,,,,,0,0,0,,,,,0,,0,0,0,,,,,0,,,,0,0,0,,,,,,,,,,,,,,,,,,,,,,,,,,,,,,,,,,,,,,,,,,,,,,,,,,,,,,,,,,,,,,,,,,,,,,,,,,,,,,,,,,,,,,,,,,,,
375,5000003838,2017,1,1,0,0,0,333,,ICAN HEADMASK,DL00,RM00,,,,,,,,,0,0,,H,USD,7944.39,0,7944.39,,,,8,EA,8,EA,8,EA,,,,,0,,,0,X,,,,,,NA00,,,,,,,,,,,,2017,,,US00,,0,,0,0,0,,0,2,,,,,,,,,B,,,,0,,,,,0,0,0,,,,,0,,0,0,0,,,,,0,,,,0,0,0,,,,,,,,,,,,,,,,,,,,,,,,,,,,,,,,,,,,,,,,,,,,,,,,,,,,,,,,,,,,,,,,,,,,,,,,,,,,,,,,,,,,,,,,,,,,
375,5000003839,2017,1,1,0,0,0,333,,ICAN HEADMASK,DL00,RM00,,,,,,,,,0,0,,H,USD,15888.78,0,15888.78,,,,16,EA,16,EA,16,EA,,,,,0,,,0,X,,,,,,NA00,,,,,,,,,,,,2017,,,US00,,0,,0,0,0,,0,2,,,,,,,,,B,,,,0,,,,,0,0,0,,,,,0,,0,0,0,,,,,0,,,,0,0,0,,,,,,,,,,,,,,,,,,,,,,,,,,,,,,,,,,,,,,,,,,,,,,,,,,,,,,,,,,,,,,,,,,,,,,,,,,,,,,,,,,,,,,,,,,,,
375,5000003840,2017,1,1,0,0,0,333,,ICAN HEADMASK,DL00,RM00,,,,,,,,,0,0,,H,USD,10923.54,0,10923.54,,,,11,EA,11,EA,11,EA,,,,,0,,,0,X,,,,,,NA00,,,,,,,,,,,,2017,,,US00,,0,,0,0,0,,0,2,,,,,,,,,B,,,,0,,,,,0,0,0,,,,,0,,0,0,0,,,,,0,,,,0,0,0,,,,,,,,,,,,,,,,,,,,,,,,,,,,,,,,,,,,,,,,,,,,,,,,,,,,,,,,,,,,,,,,,,,,,,,,,,,,,,,,,,,,,,,,,,,,
375,5000003841,2017,1,1,0,0,0,333,,ICAN HEADMASK,DL00,RM00,,,,,,,,,0,0,,H,USD,1986.10,0,1986.10,,,,2,EA,2,EA,2,EA,,,,,0,,,0,X,,,,,,NA00,,,,,,,,,,,,2017,,,US00,,0,,0,0,0,,0,2,,,,,,,,,B,,,,0,,,,,0,0,0,,,,,0,,0,0,0,,,,,0,,,,0,0,0,,,,,,,,,,,,,,,,,,,,,,,,,,,,,,,,,,,,,,,,,,,,,,,,,,,,,,,,,,,,,,,,,,,,,,,,,,,,,,,,,,,,,,,,,,,,
375,5000003842,2017,1,1,0,0,0,333,,IRON,DL00,RM00,,,,,,,,,0,0,,H,USD,101.75,0,101.75,,,,218,LB,218,LB,218,LB,,,,,0,,,0,X,,,,,,NA00,,,,,,,,,,,,2017,,,US00,,0,,0,0,0,,0,2,,,,,,,,,B,,,,0,,,,,0,0,0,,,,,0,,0,0,0,,,,,0,,,,0,0,0,,,,,,,,,,,,,,,,,,,,,,,,,,,,,,,,,,,,,,,,,,,,,,,,,,,,,,,,,,,,,,,,,,,,,,,,,,,,,,,,,,,,,,,,,,,,
375,5000003843,2017,1,1,0,0,0,333,,IRON,DL00,RM00,,,,,,,,,0,0,,H,USD,25.20,0,25.20,,,,54,LB,54,LB,54,LB,,,,,0,,,0,X,,,,,,NA00,,,,,,,,,,,,2017,,,US00,,0,,0,0,0,,0,2,,,,,,,,,B,,,,0,,,,,0,0,0,,,,,0,,0,0,0,,,,,0,,,,0,0,0,,,,,,,,,,,,,,,,,,,,,,,,,,,,,,,,,,,,,,,,,,,,,,,,,,,,,,,,,,,,,,,,,,,,,,,,,,,,,,,,,,,,,,,,,,,,
375,5000003844,2017,1,1,0,0,0,333,,IRON,DL00,RM00,,,,,,,,,0,0,,H,USD,64.41,0,64.41,,,,138,LB,138,LB,138,LB,,,,,0,,,0,X,,,,,,NA00,,,,,,,,,,,,2017,,,US00,,0,,0,0,0,,0,2,,,,,,,,,B,,,,0,,,,,0,0,0,,,,,0,,0,0,0,,,,,0,,,,0,0,0,,,,,,,,,,,,,,,,,,,,,,,,,,,,,,,,,,,,,,,,,,,,,,,,,,,,,,,,,,,,,,,,,,,,,,,,,,,,,,,,,,,,,,,,,,,,
375,5000003845,2017,1,1,0,0,0,333,,IRON,DL00,RM00,,,,,,,,,0,0,,H,USD,21.00,0,21.00,,,,45,LB,45,LB,45,LB,,,,,0,,,0,X,,,,,,NA00,,,,,,,,,,,,2017,,,US00,,0,,0,0,0,,0,2,,,,,,,,,B,,,,0,,,,,0,0,0,,,,,0,,0,0,0,,,,,0,,,,0,0,0,,,,,,,,,,,,,,,,,,,,,,,,,,,,,,,,,,,,,,,,,,,,,,,,,,,,,,,,,,,,,,,,,,,,,,,,,,,,,,,,,,,,,,,,,,,,
375,5000003846,2017,1,1,0,0,0,333,,IRON,DL00,RM00,,,,,,,,,0,0,,H,USD,61.61,0,61.61,,,,132,LB,132,LB,132,LB,,,,,0,,,0,X,,,,,,NA00,,,,,,,,,,,,2017,,,US00,,0,,0,0,0,,0,2,,,,,,,,,B,,,,0,,,,,0,0,0,,,,,0,,0,0,0,,,,,0,,,,0,0,0,,,,,,,,,,,,,,,,,,,,,,,,,,,,,,,,,,,,,,,,,,,,,,,,,,,,,,,,,,,,,,,,,,,,,,,,,,,,,,,,,,,,,,,,,,,,
375,5000003847,2017,1,1,0,0,0,333,,IRON,DL00,RM00,,,,,,,,,0,0,,H,USD,25.67,0,25.67,,,,55,LB,55,LB,55,LB,,,,,0,,,0,X,,,,,,NA00,,,,,,,,,,,,2017,,,US00,,0,,0,0,0,,0,2,,,,,,,,,B,,,,0,,,,,0,0,0,,,,,0,,0,0,0,,,,,0,,,,0,0,0,,,,,,,,,,,,,,,,,,,,,,,,,,,,,,,,,,,,,,,,,,,,,,,,,,,,,,,,,,,,,,,,,,,,,,,,,,,,,,,,,,,,,,,,,,,,
375,5000003848,2017,1,1,0,0,0,333,,IRON,DL00,RM00,,,,,,,,,0,0,,H,USD,40.14,0,40.14,,,,86,LB,86,LB,86,LB,,,,,0,,,0,X,,,,,,NA00,,,,,,,,,,,,2017,,,US00,,0,,0,0,0,,0,2,,,,,,,,,B,,,,0,,,,,0,0,0,,,,,0,,0,0,0,,,,,0,,,,0,0,0,,,,,,,,,,,,,,,,,,,,,,,,,,,,,,,,,,,,,,,,,,,,,,,,,,,,,,,,,,,,,,,,,,,,,,,,,,,,,,,,,,,,,,,,,,,,
375,5000003849,2017,1,1,0,0,0,333,,IRON,DL00,RM00,,,,,,,,,0,0,,H,USD,79.81,0,79.81,,,,171,LB,171,LB,171,LB,,,,,0,,,0,X,,,,,,NA00,,,,,,,,,,,,2017,,,US00,,0,,0,0,0,,0,2,,,,,,,,,B,,,,0,,,,,0,0,0,,,,,0,,0,0,0,,,,,0,,,,0,0,0,,,,,,,,,,,,,,,,,,,,,,,,,,,,,,,,,,,,,,,,,,,,,,,,,,,,,,,,,,,,,,,,,,,,,,,,,,,,,,,,,,,,,,,,,,,,
375,5000003850,2017,1,1,0,0,0,333,,IRON,DL00,RM00,,,,,,,,,0,0,,H,USD,1.40,0,1.40,,,,3,LB,3,LB,3,LB,,,,,0,,,0,X,,,,,,NA00,,,,,,,,,,,,2017,,,US00,,0,,0,0,0,,0,2,,,,,,,,,B,,,,0,,,,,0,0,0,,,,,0,,0,0,0,,,,,0,,,,0,0,0,,,,,,,,,,,,,,,,,,,,,,,,,,,,,,,,,,,,,,,,,,,,,,,,,,,,,,,,,,,,,,,,,,,,,,,,,,,,,,,,,,,,,,,,,,,,
375,5000003851,2017,1,1,0,0,0,333,,KRYPTONITE,DL00,RM00,,,,,,,,,0,0,,H,USD,19470.17,0,19470.17,,,,776,LB,776,LB,776,LB,,,,,0,,,0,X,,,,,,NA00,,,,,,,,,,,,2017,,,US00,,0,,0,0,0,,0,2,,,,,,,,,B,,,,0,,,,,0,0,0,,,,,0,,0,0,0,,,,,0,,,,0,0,0,,,,,,,,,,,,,,,,,,,,,,,,,,,,,,,,,,,,,,,,,,,,,,,,,,,,,,,,,,,,,,,,,,,,,,,,,,,,,,,,,,,,,,,,,,,,
375,5000003852,2017,1,1,0,0,0,333,,KRYPTONITE,DL00,RM00,,,,,,,,,0,0,,H,USD,6975.14,0,6975.14,,,,278,LB,278,LB,278,LB,,,,,0,,,0,X,,,,,,NA00,,,,,,,,,,,,2017,,,US00,,0,,0,0,0,,0,2,,,,,,,,,B,,,,0,,,,,0,0,0,,,,,0,,0,0,0,,,,,0,,,,0,0,0,,,,,,,,,,,,,,,,,,,,,,,,,,,,,,,,,,,,,,,,,,,,,,,,,,,,,,,,,,,,,,,,,,,,,,,,,,,,,,,,,,,,,,,,,,,,
375,5000003853,2017,1,1,0,0,0,333,,KRYPTONITE,DL00,RM00,,,,,,,,,0,0,,H,USD,37510.19,0,37510.19,,,,1495,LB,1495,LB,1495,LB,,,,,0,,,0,X,,,,,,NA00,,,,,,,,,,,,2017,,,US00,,0,,0,0,0,,0,2,,,,,,,,,B,,,,0,,,,,0,0,0,,,,,0,,0,0,0,,,,,0,,,,0,0,0,,,,,,,,,,,,,,,,,,,,,,,,,,,,,,,,,,,,,,,,,,,,,,,,,,,,,,,,,,,,,,,,,,,,,,,,,,,,,,,,,,,,,,,,,,,,
375,5000003854,2017,1,1,0,0,0,333,,KRYPTONITE,DL00,RM00,,,,,,,,,0,0,,H,USD,30836.13,0,30836.13,,,,1229,LB,1229,LB,1229,LB,,,,,0,,,0,X,,,,,,NA00,,,,,,,,,,,,2017,,,US00,,0,,0,0,0,,0,2,,,,,,,,,B,,,,0,,,,,0,0,0,,,,,0,,0,0,0,,,,,0,,,,0,0,0,,,,,,,,,,,,,,,,,,,,,,,,,,,,,,,,,,,,,,,,,,,,,,,,,,,,,,,,,,,,,,,,,,,,,,,,,,,,,,,,,,,,,,,,,,,,
375,5000003855,2017,1,1,0,0,0,333,,KRYPTONITE,DL00,RM00,,,,,,,,,0,0,,H,USD,7351.49,0,7351.49,,,,293,LB,293,LB,293,LB,,,,,0,,,0,X,,,,,,NA00,,,,,,,,,,,,2017,,,US00,,0,,0,0,0,,0,2,,,,,,,,,B,,,,0,,,,,0,0,0,,,,,0,,0,0,0,,,,,0,,,,0,0,0,,,,,,,,,,,,,,,,,,,,,,,,,,,,,,,,,,,,,,,,,,,,,,,,,,,,,,,,,,,,,,,,,,,,,,,,,,,,,,,,,,,,,,,,,,,,
375,5000003856,2017,1,1,0,0,0,333,,KRYPTONITE,DL00,RM00,,,,,,,,,0,0,,H,USD,501.81,0,501.81,,,,20,LB,20,LB,20,LB,,,,,0,,,0,X,,,,,,NA00,,,,,,,,,,,,2017,,,US00,,0,,0,0,0,,0,2,,,,,,,,,B,,,,0,,,,,0,0,0,,,,,0,,0,0,0,,,,,0,,,,0,0,0,,,,,,,,,,,,,,,,,,,,,,,,,,,,,,,,,,,,,,,,,,,,,,,,,,,,,,,,,,,,,,,,,,,,,,,,,,,,,,,,,,,,,,,,,,,,
375,5000003857,2017,1,1,0,0,0,333,,KRYPTONITE,DL00,RM00,,,,,,,,,0,0,,H,USD,84956.18,0,84956.18,,,,3386,LB,3386,LB,3386,LB,,,,,0,,,0,X,,,,,,NA00,,,,,,,,,,,,2017,,,US00,,0,,0,0,0,,0,2,,,,,,,,,B,,,,0,,,,,0,0,0,,,,,0,,0,0,0,,,,,0,,,,0,0,0,,,,,,,,,,,,,,,,,,,,,,,,,,,,,,,,,,,,,,,,,,,,,,,,,,,,,,,,,,,,,,,,,,,,,,,,,,,,,,,,,,,,,,,,,,,,
375,5000003858,2017,1,1,0,0,0,333,,KRYPTONITE,DL00,RM00,,,,,,,,,0,0,,H,USD,31312.85,0,31312.85,,,,1248,LB,1248,LB,1248,LB,,,,,0,,,0,X,,,,,,NA00,,,,,,,,,,,,2017,,,US00,,0,,0,0,0,,0,2,,,,,,,,,B,,,,0,,,,,0,0,0,,,,,0,,0,0,0,,,,,0,,,,0,0,0,,,,,,,,,,,,,,,,,,,,,,,,,,,,,,,,,,,,,,,,,,,,,,,,,,,,,,,,,,,,,,,,,,,,,,,,,,,,,,,,,,,,,,,,,,,,
375,5000003859,2017,1,1,0,0,0,333,,KRYPTONITE,DL00,RM00,,,,,,,,,0,0,,H,USD,15254.98,0,15254.98,,,,608,LB,608,LB,608,LB,,,,,0,,,0,X,,,,,,NA00,,,,,,,,,,,,2017,,,US00,,0,,0,0,0,,0,2,,,,,,,,,B,,,,0,,,,,0,0,0,,,,,0,,0,0,0,,,,,0,,,,0,0,0,,,,,,,,,,,,,,,,,,,,,,,,,,,,,,,,,,,,,,,,,,,,,,,,,,,,,,,,,,,,,,,,,,,,,,,,,,,,,,,,,,,,,,,,,,,,
375,5000003860,2017,1,1,0,0,0,333,,LIQUID,DL00,RM00,,,,,,,,,0,0,,H,USD,230.51,0,230.51,,,,2,FOZ,2,FOZ,2,FOZ,,,,,0,,,0,X,,,,,,NA00,,,,,,,,,,,,2017,,,US00,,0,,0,0,0,,0,2,,,,,,,,,B,,,,0,,,,,0,0,0,,,,,0,,0,0,0,,,,,0,,,,0,0,0,,,,,,,,,,,,,,,,,,,,,,,,,,,,,,,,,,,,,,,,,,,,,,,,,,,,,,,,,,,,,,,,,,,,,,,,,,,,,,,,,,,,,,,,,,,,
375,5000003861,2017,1,1,0,0,0,333,,LIQUID,DL00,RM00,,,,,,,,,0,0,,H,USD,115.25,0,115.25,,,,1,FOZ,1,FOZ,1,FOZ,,,,,0,,,0,X,,,,,,NA00,,,,,,,,,,,,2017,,,US00,,0,,0,0,0,,0,2,,,,,,,,,B,,,,0,,,,,0,0,0,,,,,0,,0,0,0,,,,,0,,,,0,0,0,,,,,,,,,,,,,,,,,,,,,,,,,,,,,,,,,,,,,,,,,,,,,,,,,,,,,,,,,,,,,,,,,,,,,,,,,,,,,,,,,,,,,,,,,,,,
375,5000003862,2017,1,1,0,0,0,333,,MAGICDUST,DL00,RM00,,,,,,,,,0,0,,H,USD,2585.77,0,2585.77,,,,205,LB,205,LB,205,LB,,,,,0,,,0,X,,,,,,NA00,,,,,,,,,,,,2017,,,US00,,0,,0,0,0,,0,2,,,,,,,,,B,,,,0,,,,,0,0,0,,,,,0,,0,0,0,,,,,0,,,,0,0,0,,,,,,,,,,,,,,,,,,,,,,,,,,,,,,,,,,,,,,,,,,,,,,,,,,,,,,,,,,,,,,,,,,,,,,,,,,,,,,,,,,,,,,,,,,,,
375,5000003863,2017,1,1,0,0,0,333,,MAGICDUST,DL00,RM00,,,,,,,,,0,0,,H,USD,2018.16,0,2018.16,,,,160,LB,160,LB,160,LB,,,,,0,,,0,X,,,,,,NA00,,,,,,,,,,,,2017,,,US00,,0,,0,0,0,,0,2,,,,,,,,,B,,,,0,,,,,0,0,0,,,,,0,,0,0,0,,,,,0,,,,0,0,0,,,,,,,,,,,,,,,,,,,,,,,,,,,,,,,,,,,,,,,,,,,,,,,,,,,,,,,,,,,,,,,,,,,,,,,,,,,,,,,,,,,,,,,,,,,,
375,5000003864,2017,1,1,0,0,0,333,,MAGICDUST,DL00,RM00,,,,,,,,,0,0,,H,USD,643.29,0,643.29,,,,51,LB,51,LB,51,LB,,,,,0,,,0,X,,,,,,NA00,,,,,,,,,,,,2017,,,US00,,0,,0,0,0,,0,2,,,,,,,,,B,,,,0,,,,,0,0,0,,,,,0,,0,0,0,,,,,0,,,,0,0,0,,,,,,,,,,,,,,,,,,,,,,,,,,,,,,,,,,,,,,,,,,,,,,,,,,,,,,,,,,,,,,,,,,,,,,,,,,,,,,,,,,,,,,,,,,,,
375,5000003865,2017,1,1,0,0,0,333,,MAGICDUST,DL00,RM00,,,,,,,,,0,0,,H,USD,3039.86,0,3039.86,,,,241,LB,241,LB,241,LB,,,,,0,,,0,X,,,,,,NA00,,,,,,,,,,,,2017,,,US00,,0,,0,0,0,,0,2,,,,,,,,,B,,,,0,,,,,0,0,0,,,,,0,,0,0,0,,,,,0,,,,0,0,0,,,,,,,,,,,,,,,,,,,,,,,,,,,,,,,,,,,,,,,,,,,,,,,,,,,,,,,,,,,,,,,,,,,,,,,,,,,,,,,,,,,,,,,,,,,,
375,5000003866,2017,1,1,0,0,0,333,,MAGICDUST,DL00,RM00,,,,,,,,,0,0,,H,USD,504.54,0,504.54,,,,40,LB,40,LB,40,LB,,,,,0,,,0,X,,,,,,NA00,,,,,,,,,,,,2017,,,US00,,0,,0,0,0,,0,2,,,,,,,,,B,,,,0,,,,,0,0,0,,,,,0,,0,0,0,,,,,0,,,,0,0,0,,,,,,,,,,,,,,,,,,,,,,,,,,,,,,,,,,,,,,,,,,,,,,,,,,,,,,,,,,,,,,,,,,,,,,,,,,,,,,,,,,,,,,,,,,,,
375,5000003867,2017,1,1,0,0,0,333,,ORANGE,DL00,RM00,,,,,,,,,0,0,,H,USD,48481.31,0,48481.31,,,,166,TO,166,TO,166,TO,,,,,0,,,0,X,,,,,,NA00,,,,,,,,,,,,2017,,,US00,,0,,0,0,0,,0,2,,,,,,,,,B,,,,0,,,,,0,0,0,,,,,0,,0,0,0,,,,,0,,,,0,0,0,,,,,,,,,,,,,,,,,,,,,,,,,,,,,,,,,,,,,,,,,,,,,,,,,,,,,,,,,,,,,,,,,,,,,,,,,,,,,,,,,,,,,,,,,,,,
375,5000003868,2017,1,1,0,0,0,333,,ORANGE,DL00,RM00,,,,,,,,,0,0,,H,USD,56366.82,0,56366.82,,,,193,TO,193,TO,193,TO,,,,,0,,,0,X,,,,,,NA00,,,,,,,,,,,,2017,,,US00,,0,,0,0,0,,0,2,,,,,,,,,B,,,,0,,,,,0,0,0,,,,,0,,0,0,0,,,,,0,,,,0,0,0,,,,,,,,,,,,,,,,,,,,,,,,,,,,,,,,,,,,,,,,,,,,,,,,,,,,,,,,,,,,,,,,,,,,,,,,,,,,,,,,,,,,,,,,,,,,
375,5000003869,2017,1,1,0,0,0,333,,ORANGE,DL00,RM00,,,,,,,,,0,0,,H,USD,39427.57,0,39427.57,,,,135,TO,135,TO,135,TO,,,,,0,,,0,X,,,,,,NA00,,,,,,,,,,,,2017,,,US00,,0,,0,0,0,,0,2,,,,,,,,,B,,,,0,,,,,0,0,0,,,,,0,,0,0,0,,,,,0,,,,0,0,0,,,,,,,,,,,,,,,,,,,,,,,,,,,,,,,,,,,,,,,,,,,,,,,,,,,,,,,,,,,,,,,,,,,,,,,,,,,,,,,,,,,,,,,,,,,,
375,5000003870,2017,1,1,0,0,0,333,,ORANGE,DL00,RM00,,,,,,,,,0,0,,H,USD,16355.14,0,16355.14,,,,56,TO,56,TO,56,TO,,,,,0,,,0,X,,,,,,NA00,,,,,,,,,,,,2017,,,US00,,0,,0,0,0,,0,2,,,,,,,,,B,,,,0,,,,,0,0,0,,,,,0,,0,0,0,,,,,0,,,,0,0,0,,,,,,,,,,,,,,,,,,,,,,,,,,,,,,,,,,,,,,,,,,,,,,,,,,,,,,,,,,,,,,,,,,,,,,,,,,,,,,,,,,,,,,,,,,,,
375,5000003871,2017,1,1,0,0,0,333,,ORANGE,DL00,RM00,,,,,,,,,0,0,,H,USD,69217.29,0,69217.29,,,,237,TO,237,TO,237,TO,,,,,0,,,0,X,,,,,,NA00,,,,,,,,,,,,2017,,,US00,,0,,0,0,0,,0,2,,,,,,,,,B,,,,0,,,,,0,0,0,,,,,0,,0,0,0,,,,,0,,,,0,0,0,,,,,,,,,,,,,,,,,,,,,,,,,,,,,,,,,,,,,,,,,,,,,,,,,,,,,,,,,,,,,,,,,,,,,,,,,,,,,,,,,,,,,,,,,,,,
375,5000003872,2017,1,1,0,0,0,333,,ORANGE,DL00,RM00,,,,,,,,,0,0,,H,USD,53446.26,0,53446.26,,,,183,TO,183,TO,183,TO,,,,,0,,,0,X,,,,,,NA00,,,,,,,,,,,,2017,,,US00,,0,,0,0,0,,0,2,,,,,,,,,B,,,,0,,,,,0,0,0,,,,,0,,0,0,0,,,,,0,,,,0,0,0,,,,,,,,,,,,,,,,,,,,,,,,,,,,,,,,,,,,,,,,,,,,,,,,,,,,,,,,,,,,,,,,,,,,,,,,,,,,,,,,,,,,,,,,,,,,
375,5000003873,2017,1,1,0,0,0,333,,PALLADIUM,DL00,RM00,,,,,,,,,0,0,,H,USD,46.84,0,46.84,,,,2,G,2,G,2,G,,,,,0,,,0,X,,,,,,NA00,,,,,,,,,,,,2017,,,US00,,0,,0,0,0,,0,2,,,,,,,,,B,,,,0,,,,,0,0,0,,,,,0,,0,0,0,,,,,0,,,,0,0,0,,,,,,,,,,,,,,,,,,,,,,,,,,,,,,,,,,,,,,,,,,,,,,,,,,,,,,,,,,,,,,,,,,,,,,,,,,,,,,,,,,,,,,,,,,,,
375,5000003874,2017,1,1,0,0,0,333,,PALLADIUM,DL00,RM00,,,,,,,,,0,0,,H,USD,46.84,0,46.84,,,,2,G,2,G,2,G,,,,,0,,,0,X,,,,,,NA00,,,,,,,,,,,,2017,,,US00,,0,,0,0,0,,0,2,,,,,,,,,B,,,,0,,,,,0,0,0,,,,,0,,0,0,0,,,,,0,,,,0,0,0,,,,,,,,,,,,,,,,,,,,,,,,,,,,,,,,,,,,,,,,,,,,,,,,,,,,,,,,,,,,,,,,,,,,,,,,,,,,,,,,,,,,,,,,,,,,
375,5000003875,2017,1,1,0,0,0,333,,PAPER,DL00,RM00,,,,,,,,,0,0,,H,USD,0.03,0,0.03,,,,15,LB,15,LB,15,LB,,,,,0,,,0,X,,,,,,NA00,,,,,,,,,,,,2017,,,US00,,0,,0,0,0,,0,2,,,,,,,,,B,,,,0,,,,,0,0,0,,,,,0,,0,0,0,,,,,0,,,,0,0,0,,,,,,,,,,,,,,,,,,,,,,,,,,,,,,,,,,,,,,,,,,,,,,,,,,,,,,,,,,,,,,,,,,,,,,,,,,,,,,,,,,,,,,,,,,,,
375,5000003876,2017,1,1,0,0,0,333,,PAPER,DL00,RM00,,,,,,,,,0,0,,H,USD,0.06,0,0.06,,,,32,LB,32,LB,32,LB,,,,,0,,,0,X,,,,,,NA00,,,,,,,,,,,,2017,,,US00,,0,,0,0,0,,0,2,,,,,,,,,B,,,,0,,,,,0,0,0,,,,,0,,0,0,0,,,,,0,,,,0,0,0,,,,,,,,,,,,,,,,,,,,,,,,,,,,,,,,,,,,,,,,,,,,,,,,,,,,,,,,,,,,,,,,,,,,,,,,,,,,,,,,,,,,,,,,,,,,
375,5000003877,2017,1,1,0,0,0,333,,PAPER,DL00,RM00,,,,,,,,,0,0,,H,USD,0.22,0,0.22,,,,120,LB,120,LB,120,LB,,,,,0,,,0,X,,,,,,NA00,,,,,,,,,,,,2017,,,US00,,0,,0,0,0,,0,2,,,,,,,,,B,,,,0,,,,,0,0,0,,,,,0,,0,0,0,,,,,0,,,,0,0,0,,,,,,,,,,,,,,,,,,,,,,,,,,,,,,,,,,,,,,,,,,,,,,,,,,,,,,,,,,,,,,,,,,,,,,,,,,,,,,,,,,,,,,,,,,,,
375,5000003878,2017,1,1,0,0,0,333,,PAPER,DL00,RM00,,,,,,,,,0,0,,H,USD,0.09,0,0.09,,,,48,LB,48,LB,48,LB,,,,,0,,,0,X,,,,,,NA00,,,,,,,,,,,,2017,,,US00,,0,,0,0,0,,0,2,,,,,,,,,B,,,,0,,,,,0,0,0,,,,,0,,0,0,0,,,,,0,,,,0,0,0,,,,,,,,,,,,,,,,,,,,,,,,,,,,,,,,,,,,,,,,,,,,,,,,,,,,,,,,,,,,,,,,,,,,,,,,,,,,,,,,,,,,,,,,,,,,
375,5000003879,2017,1,1,0,0,0,333,,PAPER,DL00,RM00,,,,,,,,,0,0,,H,USD,0.07,0,0.07,,,,38,LB,38,LB,38,LB,,,,,0,,,0,X,,,,,,NA00,,,,,,,,,,,,2017,,,US00,,0,,0,0,0,,0,2,,,,,,,,,B,,,,0,,,,,0,0,0,,,,,0,,0,0,0,,,,,0,,,,0,0,0,,,,,,,,,,,,,,,,,,,,,,,,,,,,,,,,,,,,,,,,,,,,,,,,,,,,,,,,,,,,,,,,,,,,,,,,,,,,,,,,,,,,,,,,,,,,
375,5000003880,2017,1,1,0,0,0,333,,PAPER,DL00,RM00,,,,,,,,,0,0,,H,USD,0.03,0,0.03,,,,16,LB,16,LB,16,LB,,,,,0,,,0,X,,,,,,NA00,,,,,,,,,,,,2017,,,US00,,0,,0,0,0,,0,2,,,,,,,,,B,,,,0,,,,,0,0,0,,,,,0,,0,0,0,,,,,0,,,,0,0,0,,,,,,,,,,,,,,,,,,,,,,,,,,,,,,,,,,,,,,,,,,,,,,,,,,,,,,,,,,,,,,,,,,,,,,,,,,,,,,,,,,,,,,,,,,,,
375,5000003881,2017,1,1,0,0,0,333,,PAPER,DL00,RM00,,,,,,,,,0,0,,H,USD,0.06,0,0.06,,,,35,LB,35,LB,35,LB,,,,,0,,,0,X,,,,,,NA00,,,,,,,,,,,,2017,,,US00,,0,,0,0,0,,0,2,,,,,,,,,B,,,,0,,,,,0,0,0,,,,,0,,0,0,0,,,,,0,,,,0,0,0,,,,,,,,,,,,,,,,,,,,,,,,,,,,,,,,,,,,,,,,,,,,,,,,,,,,,,,,,,,,,,,,,,,,,,,,,,,,,,,,,,,,,,,,,,,,
375,5000003882,2017,1,1,0,0,0,333,,ROMANIAN RUBY,DL00,RM00,,,,,,,,,0,0,,H,USD,119297.60,0,119297.60,,,,23,G,23,G,23,G,,,,,0,,,0,X,,,,,,NA00,,,,,,,,,,,,2017,,,US00,,0,,0,0,0,,0,2,,,,,,,,,B,,,,0,,,,,0,0,0,,,,,0,,0,0,0,,,,,0,,,,0,0,0,,,,,,,,,,,,,,,,,,,,,,,,,,,,,,,,,,,,,,,,,,,,,,,,,,,,,,,,,,,,,,,,,,,,,,,,,,,,,,,,,,,,,,,,,,,,
375,5000003883,2017,1,1,0,0,0,333,,ROMANIAN RUBY,DL00,RM00,,,,,,,,,0,0,,H,USD,31121.11,0,31121.11,,,,6,G,6,G,6,G,,,,,0,,,0,X,,,,,,NA00,,,,,,,,,,,,2017,,,US00,,0,,0,0,0,,0,2,,,,,,,,,B,,,,0,,,,,0,0,0,,,,,0,,0,0,0,,,,,0,,,,0,0,0,,,,,,,,,,,,,,,,,,,,,,,,,,,,,,,,,,,,,,,,,,,,,,,,,,,,,,,,,,,,,,,,,,,,,,,,,,,,,,,,,,,,,,,,,,,,
375,5000003884,2017,1,1,0,0,0,333,,ROMANIAN RUBY,DL00,RM00,,,,,,,,,0,0,,H,USD,228221.50,0,228221.50,,,,44,G,44,G,44,G,,,,,0,,,0,X,,,,,,NA00,,,,,,,,,,,,2017,,,US00,,0,,0,0,0,,0,2,,,,,,,,,B,,,,0,,,,,0,0,0,,,,,0,,0,0,0,,,,,0,,,,0,0,0,,,,,,,,,,,,,,,,,,,,,,,,,,,,,,,,,,,,,,,,,,,,,,,,,,,,,,,,,,,,,,,,,,,,,,,,,,,,,,,,,,,,,,,,,,,,
375,5000003885,2017,1,1,0,0,0,333,,ROMANIAN RUBY,DL00,RM00,,,,,,,,,0,0,,H,USD,134858.16,0,134858.16,,,,26,G,26,G,26,G,,,,,0,,,0,X,,,,,,NA00,,,,,,,,,,,,2017,,,US00,,0,,0,0,0,,0,2,,,,,,,,,B,,,,0,,,,,0,0,0,,,,,0,,0,0,0,,,,,0,,,,0,0,0,,,,,,,,,,,,,,,,,,,,,,,,,,,,,,,,,,,,,,,,,,,,,,,,,,,,,,,,,,,,,,,,,,,,,,,,,,,,,,,,,,,,,,,,,,,,
375,5000003886,2017,1,1,0,0,0,333,,ROSE ESSENTIAL OIL,DL00,RM00,,,,,,,,,0,0,,H,USD,71.84,0,71.84,,,,22,L,22,L,22,L,,,,,0,,,0,X,,,,,,NA00,,,,,,,,,,,,2017,,,US00,,0,,0,0,0,,0,2,,,,,,,,,B,,,,0,,,,,0,0,0,,,,,0,,0,0,0,,,,,0,,,,0,0,0,,,,,,,,,,,,,,,,,,,,,,,,,,,,,,,,,,,,,,,,,,,,,,,,,,,,,,,,,,,,,,,,,,,,,,,,,,,,,,,,,,,,,,,,,,,,
375,5000003887,2017,1,1,0,0,0,333,,ROSE ESSENTIAL OIL,DL00,RM00,,,,,,,,,0,0,,H,USD,267.78,0,267.78,,,,82,L,82,L,82,L,,,,,0,,,0,X,,,,,,NA00,,,,,,,,,,,,2017,,,US00,,0,,0,0,0,,0,2,,,,,,,,,B,,,,0,,,,,0,0,0,,,,,0,,0,0,0,,,,,0,,,,0,0,0,,,,,,,,,,,,,,,,,,,,,,,,,,,,,,,,,,,,,,,,,,,,,,,,,,,,,,,,,,,,,,,,,,,,,,,,,,,,,,,,,,,,,,,,,,,,
375,5000003888,2017,1,1,0,0,0,333,,ROSE ESSENTIAL OIL,DL00,RM00,,,,,,,,,0,0,,H,USD,215.53,0,215.53,,,,66,L,66,L,66,L,,,,,0,,,0,X,,,,,,NA00,,,,,,,,,,,,2017,,,US00,,0,,0,0,0,,0,2,,,,,,,,,B,,,,0,,,,,0,0,0,,,,,0,,0,0,0,,,,,0,,,,0,0,0,,,,,,,,,,,,,,,,,,,,,,,,,,,,,,,,,,,,,,,,,,,,,,,,,,,,,,,,,,,,,,,,,,,,,,,,,,,,,,,,,,,,,,,,,,,,
375,5000003889,2017,1,1,0,0,0,333,,ROSE ESSENTIAL OIL,DL00,RM00,,,,,,,,,0,0,,H,USD,160.01,0,160.01,,,,49,L,49,L,49,L,,,,,0,,,0,X,,,,,,NA00,,,,,,,,,,,,2017,,,US00,,0,,0,0,0,,0,2,,,,,,,,,B,,,,0,,,,,0,0,0,,,,,0,,0,0,0,,,,,0,,,,0,0,0,,,,,,,,,,,,,,,,,,,,,,,,,,,,,,,,,,,,,,,,,,,,,,,,,,,,,,,,,,,,,,,,,,,,,,,,,,,,,,,,,,,,,,,,,,,,
375,5000003890,2017,1,1,0,0,0,333,,ROSE ESSENTIAL OIL,DL00,RM00,,,,,,,,,0,0,,H,USD,114.29,0,114.29,,,,35,L,35,L,35,L,,,,,0,,,0,X,,,,,,NA00,,,,,,,,,,,,2017,,,US00,,0,,0,0,0,,0,2,,,,,,,,,B,,,,0,,,,,0,0,0,,,,,0,,0,0,0,,,,,0,,,,0,0,0,,,,,,,,,,,,,,,,,,,,,,,,,,,,,,,,,,,,,,,,,,,,,,,,,,,,,,,,,,,,,,,,,,,,,,,,,,,,,,,,,,,,,,,,,,,,
375,5000003891,2017,1,1,0,0,0,333,,ROSE ESSENTIAL OIL,DL00,RM00,,,,,,,,,0,0,,H,USD,6.53,0,6.53,,,,2,L,2,L,2,L,,,,,0,,,0,X,,,,,,NA00,,,,,,,,,,,,2017,,,US00,,0,,0,0,0,,0,2,,,,,,,,,B,,,,0,,,,,0,0,0,,,,,0,,0,0,0,,,,,0,,,,0,0,0,,,,,,,,,,,,,,,,,,,,,,,,,,,,,,,,,,,,,,,,,,,,,,,,,,,,,,,,,,,,,,,,,,,,,,,,,,,,,,,,,,,,,,,,,,,,
375,5000003892,2017,1,1,0,0,0,333,,ROSE ESSENTIAL OIL,DL00,RM00,,,,,,,,,0,0,,H,USD,88.17,0,88.17,,,,27,L,27,L,27,L,,,,,0,,,0,X,,,,,,NA00,,,,,,,,,,,,2017,,,US00,,0,,0,0,0,,0,2,,,,,,,,,B,,,,0,,,,,0,0,0,,,,,0,,0,0,0,,,,,0,,,,0,0,0,,,,,,,,,,,,,,,,,,,,,,,,,,,,,,,,,,,,,,,,,,,,,,,,,,,,,,,,,,,,,,,,,,,,,,,,,,,,,,,,,,,,,,,,,,,,
375,5000003893,2017,1,1,0,0,0,333,,ROSE ESSENTIAL OIL,DL00,RM00,,,,,,,,,0,0,,H,USD,9.80,0,9.80,,,,3,L,3,L,3,L,,,,,0,,,0,X,,,,,,NA00,,,,,,,,,,,,2017,,,US00,,0,,0,0,0,,0,2,,,,,,,,,B,,,,0,,,,,0,0,0,,,,,0,,0,0,0,,,,,0,,,,0,0,0,,,,,,,,,,,,,,,,,,,,,,,,,,,,,,,,,,,,,,,,,,,,,,,,,,,,,,,,,,,,,,,,,,,,,,,,,,,,,,,,,,,,,,,,,,,,
375,5000003894,2017,1,1,0,0,0,333,,RUBY,DL00,RM00,,,,,,,,,0,0,,H,USD,695.52,0,695.52,,,,12,G,12,G,12,G,,,,,0,,,0,X,,,,,,NA00,,,,,,,,,,,,2017,,,US00,,0,,0,0,0,,0,2,,,,,,,,,B,,,,0,,,,,0,0,0,,,,,0,,0,0,0,,,,,0,,,,0,0,0,,,,,,,,,,,,,,,,,,,,,,,,,,,,,,,,,,,,,,,,,,,,,,,,,,,,,,,,,,,,,,,,,,,,,,,,,,,,,,,,,,,,,,,,,,,,
375,5000003895,2017,1,1,0,0,0,333,,RUSSIAN RUBY,DL00,RM00,,,,,,,,,0,0,,H,USD,61894.02,0,61894.02,,,,17,G,17,G,17,G,,,,,0,,,0,X,,,,,,NA00,,,,,,,,,,,,2017,,,US00,,0,,0,0,0,,0,2,,,,,,,,,B,,,,0,,,,,0,0,0,,,,,0,,0,0,0,,,,,0,,,,0,0,0,,,,,,,,,,,,,,,,,,,,,,,,,,,,,,,,,,,,,,,,,,,,,,,,,,,,,,,,,,,,,,,,,,,,,,,,,,,,,,,,,,,,,,,,,,,,
375,5000003896,2017,1,1,0,0,0,333,,RUSSIAN RUBY,DL00,RM00,,,,,,,,,0,0,,H,USD,120147.21,0,120147.21,,,,33,G,33,G,33,G,,,,,0,,,0,X,,,,,,NA00,,,,,,,,,,,,2017,,,US00,,0,,0,0,0,,0,2,,,,,,,,,B,,,,0,,,,,0,0,0,,,,,0,,0,0,0,,,,,0,,,,0,0,0,,,,,,,,,,,,,,,,,,,,,,,,,,,,,,,,,,,,,,,,,,,,,,,,,,,,,,,,,,,,,,,,,,,,,,,,,,,,,,,,,,,,,,,,,,,,
375,5000003897,2017,1,1,0,0,0,333,,RUSSIAN RUBY,DL00,RM00,,,,,,,,,0,0,,H,USD,36408.24,0,36408.24,,,,10,G,10,G,10,G,,,,,0,,,0,X,,,,,,NA00,,,,,,,,,,,,2017,,,US00,,0,,0,0,0,,0,2,,,,,,,,,B,,,,0,,,,,0,0,0,,,,,0,,0,0,0,,,,,0,,,,0,0,0,,,,,,,,,,,,,,,,,,,,,,,,,,,,,,,,,,,,,,,,,,,,,,,,,,,,,,,,,,,,,,,,,,,,,,,,,,,,,,,,,,,,,,,,,,,,
375,5000003898,2017,1,1,0,0,0,333,,RUSSIAN RUBY,DL00,RM00,,,,,,,,,0,0,,H,USD,203886.17,0,203886.17,,,,56,G,56,G,56,G,,,,,0,,,0,X,,,,,,NA00,,,,,,,,,,,,2017,,,US00,,0,,0,0,0,,0,2,,,,,,,,,B,,,,0,,,,,0,0,0,,,,,0,,0,0,0,,,,,0,,,,0,0,0,,,,,,,,,,,,,,,,,,,,,,,,,,,,,,,,,,,,,,,,,,,,,,,,,,,,,,,,,,,,,,,,,,,,,,,,,,,,,,,,,,,,,,,,,,,,
375,5000003899,2017,1,1,0,0,0,333,,RUSSIAN RUBY,DL00,RM00,,,,,,,,,0,0,,H,USD,14563.30,0,14563.30,,,,4,G,4,G,4,G,,,,,0,,,0,X,,,,,,NA00,,,,,,,,,,,,2017,,,US00,,0,,0,0,0,,0,2,,,,,,,,,B,,,,0,,,,,0,0,0,,,,,0,,0,0,0,,,,,0,,,,0,0,0,,,,,,,,,,,,,,,,,,,,,,,,,,,,,,,,,,,,,,,,,,,,,,,,,,,,,,,,,,,,,,,,,,,,,,,,,,,,,,,,,,,,,,,,,,,,
375,5000003900,2017,1,1,0,0,0,333,,RUSSIAN RUBY,DL00,RM00,,,,,,,,,0,0,,H,USD,7281.65,0,7281.65,,,,2,G,2,G,2,G,,,,,0,,,0,X,,,,,,NA00,,,,,,,,,,,,2017,,,US00,,0,,0,0,0,,0,2,,,,,,,,,B,,,,0,,,,,0,0,0,,,,,0,,0,0,0,,,,,0,,,,0,0,0,,,,,,,,,,,,,,,,,,,,,,,,,,,,,,,,,,,,,,,,,,,,,,,,,,,,,,,,,,,,,,,,,,,,,,,,,,,,,,,,,,,,,,,,,,,,
375,5000003901,2017,1,1,0,0,0,333,,SA SAPPHIRE,DL00,RM00,,,,,,,,,0,0,,H,USD,123674.01,0,123674.01,,,,24,G,24,G,24,G,,,,,0,,,0,X,,,,,,NA00,,,,,,,,,,,,2017,,,US00,,0,,0,0,0,,0,2,,,,,,,,,B,,,,0,,,,,0,0,0,,,,,0,,0,0,0,,,,,0,,,,0,0,0,,,,,,,,,,,,,,,,,,,,,,,,,,,,,,,,,,,,,,,,,,,,,,,,,,,,,,,,,,,,,,,,,,,,,,,,,,,,,,,,,,,,,,,,,,,,
375,5000003902,2017,1,1,0,0,0,333,,SA SAPPHIRE,DL00,RM00,,,,,,,,,0,0,,H,USD,103061.68,0,103061.68,,,,20,G,20,G,20,G,,,,,0,,,0,X,,,,,,NA00,,,,,,,,,,,,2017,,,US00,,0,,0,0,0,,0,2,,,,,,,,,B,,,,0,,,,,0,0,0,,,,,0,,0,0,0,,,,,0,,,,0,0,0,,,,,,,,,,,,,,,,,,,,,,,,,,,,,,,,,,,,,,,,,,,,,,,,,,,,,,,,,,,,,,,,,,,,,,,,,,,,,,,,,,,,,,,,,,,,
375,5000003903,2017,1,1,0,0,0,333,,SA SAPPHIRE,DL00,RM00,,,,,,,,,0,0,,H,USD,36071.59,0,36071.59,,,,7,G,7,G,7,G,,,,,0,,,0,X,,,,,,NA00,,,,,,,,,,,,2017,,,US00,,0,,0,0,0,,0,2,,,,,,,,,B,,,,0,,,,,0,0,0,,,,,0,,0,0,0,,,,,0,,,,0,0,0,,,,,,,,,,,,,,,,,,,,,,,,,,,,,,,,,,,,,,,,,,,,,,,,,,,,,,,,,,,,,,,,,,,,,,,,,,,,,,,,,,,,,,,,,,,,
375,5000003904,2017,1,1,0,0,0,333,,SA SAPPHIRE,DL00,RM00,,,,,,,,,0,0,,H,USD,5153.08,0,5153.08,,,,1,G,1,G,1,G,,,,,0,,,0,X,,,,,,NA00,,,,,,,,,,,,2017,,,US00,,0,,0,0,0,,0,2,,,,,,,,,B,,,,0,,,,,0,0,0,,,,,0,,0,0,0,,,,,0,,,,0,0,0,,,,,,,,,,,,,,,,,,,,,,,,,,,,,,,,,,,,,,,,,,,,,,,,,,,,,,,,,,,,,,,,,,,,,,,,,,,,,,,,,,,,,,,,,,,,
375,5000003905,2017,1,1,0,0,0,333,,SA SAPPHIRE,DL00,RM00,,,,,,,,,0,0,,H,USD,30918.50,0,30918.50,,,,6,G,6,G,6,G,,,,,0,,,0,X,,,,,,NA00,,,,,,,,,,,,2017,,,US00,,0,,0,0,0,,0,2,,,,,,,,,B,,,,0,,,,,0,0,0,,,,,0,,0,0,0,,,,,0,,,,0,0,0,,,,,,,,,,,,,,,,,,,,,,,,,,,,,,,,,,,,,,,,,,,,,,,,,,,,,,,,,,,,,,,,,,,,,,,,,,,,,,,,,,,,,,,,,,,,
375,5000003906,2017,1,1,0,0,0,333,,SILVER,DL00,RM00,,,,,,,,,0,0,,H,USD,75.61,0,75.61,,,,8,LB,8,LB,8,LB,,,,,0,,,0,X,,,,,,NA00,,,,,,,,,,,,2017,,,US00,,0,,0,0,0,,0,2,,,,,,,,,B,,,,0,,,,,0,0,0,,,,,0,,0,0,0,,,,,0,,,,0,0,0,,,,,,,,,,,,,,,,,,,,,,,,,,,,,,,,,,,,,,,,,,,,,,,,,,,,,,,,,,,,,,,,,,,,,,,,,,,,,,,,,,,,,,,,,,,,
375,5000003907,2017,1,1,0,0,0,333,,SILVER,DL00,RM00,,,,,,,,,0,0,,H,USD,897.92,0,897.92,,,,95,LB,95,LB,95,LB,,,,,0,,,0,X,,,,,,NA00,,,,,,,,,,,,2017,,,US00,,0,,0,0,0,,0,2,,,,,,,,,B,,,,0,,,,,0,0,0,,,,,0,,0,0,0,,,,,0,,,,0,0,0,,,,,,,,,,,,,,,,,,,,,,,,,,,,,,,,,,,,,,,,,,,,,,,,,,,,,,,,,,,,,,,,,,,,,,,,,,,,,,,,,,,,,,,,,,,,
375,5000003908,2017,1,1,0,0,0,333,,SILVER,DL00,RM00,,,,,,,,,0,0,,H,USD,595.46,0,595.46,,,,63,LB,63,LB,63,LB,,,,,0,,,0,X,,,,,,NA00,,,,,,,,,,,,2017,,,US00,,0,,0,0,0,,0,2,,,,,,,,,B,,,,0,,,,,0,0,0,,,,,0,,0,0,0,,,,,0,,,,0,0,0,,,,,,,,,,,,,,,,,,,,,,,,,,,,,,,,,,,,,,,,,,,,,,,,,,,,,,,,,,,,,,,,,,,,,,,,,,,,,,,,,,,,,,,,,,,,
375,5000003909,2017,1,1,0,0,0,333,,SILVER,DL00,RM00,,,,,,,,,0,0,,H,USD,226.84,0,226.84,,,,24,LB,24,LB,24,LB,,,,,0,,,0,X,,,,,,NA00,,,,,,,,,,,,2017,,,US00,,0,,0,0,0,,0,2,,,,,,,,,B,,,,0,,,,,0,0,0,,,,,0,,0,0,0,,,,,0,,,,0,0,0,,,,,,,,,,,,,,,,,,,,,,,,,,,,,,,,,,,,,,,,,,,,,,,,,,,,,,,,,,,,,,,,,,,,,,,,,,,,,,,,,,,,,,,,,,,,
375,5000003910,2017,1,1,0,0,0,333,,SILVER,DL00,RM00,,,,,,,,,0,0,,H,USD,141.78,0,141.78,,,,15,LB,15,LB,15,LB,,,,,0,,,0,X,,,,,,NA00,,,,,,,,,,,,2017,,,US00,,0,,0,0,0,,0,2,,,,,,,,,B,,,,0,,,,,0,0,0,,,,,0,,0,0,0,,,,,0,,,,0,0,0,,,,,,,,,,,,,,,,,,,,,,,,,,,,,,,,,,,,,,,,,,,,,,,,,,,,,,,,,,,,,,,,,,,,,,,,,,,,,,,,,,,,,,,,,,,,
375,5000003911,2017,1,1,0,0,0,333,,SILVER,DL00,RM00,,,,,,,,,0,0,,H,USD,217.39,0,217.39,,,,23,LB,23,LB,23,LB,,,,,0,,,0,X,,,,,,NA00,,,,,,,,,,,,2017,,,US00,,0,,0,0,0,,0,2,,,,,,,,,B,,,,0,,,,,0,0,0,,,,,0,,0,0,0,,,,,0,,,,0,0,0,,,,,,,,,,,,,,,,,,,,,,,,,,,,,,,,,,,,,,,,,,,,,,,,,,,,,,,,,,,,,,,,,,,,,,,,,,,,,,,,,,,,,,,,,,,,
375,5000003912,2017,1,1,0,0,0,333,,SWISS SAPPHIRE,DL00,RM00,,,,,,,,,0,0,,H,USD,59523.81,0,59523.81,,,,4,G,4,G,4,G,,,,,0,,,0,X,,,,,,NA00,,,,,,,,,,,,2017,,,US00,,0,,0,0,0,,0,2,,,,,,,,,B,,,,0,,,,,0,0,0,,,,,0,,0,0,0,,,,,0,,,,0,0,0,,,,,,,,,,,,,,,,,,,,,,,,,,,,,,,,,,,,,,,,,,,,,,,,,,,,,,,,,,,,,,,,,,,,,,,,,,,,,,,,,,,,,,,,,,,,
375,5000003913,2017,1,1,0,0,0,333,,SWISS SAPPHIRE,DL00,RM00,,,,,,,,,0,0,,H,USD,74404.76,0,74404.76,,,,5,G,5,G,5,G,,,,,0,,,0,X,,,,,,NA00,,,,,,,,,,,,2017,,,US00,,0,,0,0,0,,0,2,,,,,,,,,B,,,,0,,,,,0,0,0,,,,,0,,0,0,0,,,,,0,,,,0,0,0,,,,,,,,,,,,,,,,,,,,,,,,,,,,,,,,,,,,,,,,,,,,,,,,,,,,,,,,,,,,,,,,,,,,,,,,,,,,,,,,,,,,,,,,,,,,
375,5000003914,2017,1,1,0,0,0,333,,SWISS SAPPHIRE,DL00,RM00,,,,,,,,,0,0,,H,USD,44642.86,0,44642.86,,,,3,G,3,G,3,G,,,,,0,,,0,X,,,,,,NA00,,,,,,,,,,,,2017,,,US00,,0,,0,0,0,,0,2,,,,,,,,,B,,,,0,,,,,0,0,0,,,,,0,,0,0,0,,,,,0,,,,0,0,0,,,,,,,,,,,,,,,,,,,,,,,,,,,,,,,,,,,,,,,,,,,,,,,,,,,,,,,,,,,,,,,,,,,,,,,,,,,,,,,,,,,,,,,,,,,,
375,5000003915,2017,1,1,0,0,0,333,,SWISS SAPPHIRE,DL00,RM00,,,,,,,,,0,0,,H,USD,14880.95,0,14880.95,,,,1,G,1,G,1,G,,,,,0,,,0,X,,,,,,NA00,,,,,,,,,,,,2017,,,US00,,0,,0,0,0,,0,2,,,,,,,,,B,,,,0,,,,,0,0,0,,,,,0,,0,0,0,,,,,0,,,,0,0,0,,,,,,,,,,,,,,,,,,,,,,,,,,,,,,,,,,,,,,,,,,,,,,,,,,,,,,,,,,,,,,,,,,,,,,,,,,,,,,,,,,,,,,,,,,,,
375,5000003916,2017,1,1,0,0,0,333,,TEST,DL00,RM00,,,,,,,,,0,0,,H,USD,434.59,0,434.59,,,,36,LB,36,LB,36,LB,,,,,0,,,0,X,,,,,,NA00,,,,,,,,,,,,2017,,,US00,,0,,0,0,0,,0,2,,,,,,,,,B,,,,0,,,,,0,0,0,,,,,0,,0,0,0,,,,,0,,,,0,0,0,,,,,,,,,,,,,,,,,,,,,,,,,,,,,,,,,,,,,,,,,,,,,,,,,,,,,,,,,,,,,,,,,,,,,,,,,,,,,,,,,,,,,,,,,,,,
375,5000003917,2017,1,1,0,0,0,333,,TEST,DL00,RM00,,,,,,,,,0,0,,H,USD,2366.10,0,2366.10,,,,196,LB,196,LB,196,LB,,,,,0,,,0,X,,,,,,NA00,,,,,,,,,,,,2017,,,US00,,0,,0,0,0,,0,2,,,,,,,,,B,,,,0,,,,,0,0,0,,,,,0,,0,0,0,,,,,0,,,,0,0,0,,,,,,,,,,,,,,,,,,,,,,,,,,,,,,,,,,,,,,,,,,,,,,,,,,,,,,,,,,,,,,,,,,,,,,,,,,,,,,,,,,,,,,,,,,,,
375,5000003918,2017,1,1,0,0,0,333,,TEST,DL00,RM00,,,,,,,,,0,0,,H,USD,905.40,0,905.40,,,,75,LB,75,LB,75,LB,,,,,0,,,0,X,,,,,,NA00,,,,,,,,,,,,2017,,,US00,,0,,0,0,0,,0,2,,,,,,,,,B,,,,0,,,,,0,0,0,,,,,0,,0,0,0,,,,,0,,,,0,0,0,,,,,,,,,,,,,,,,,,,,,,,,,,,,,,,,,,,,,,,,,,,,,,,,,,,,,,,,,,,,,,,,,,,,,,,,,,,,,,,,,,,,,,,,,,,,
375,5000003919,2017,1,1,0,0,0,333,,TEST,DL00,RM00,,,,,,,,,0,0,,H,USD,3440.50,0,3440.50,,,,285,LB,285,LB,285,LB,,,,,0,,,0,X,,,,,,NA00,,,,,,,,,,,,2017,,,US00,,0,,0,0,0,,0,2,,,,,,,,,B,,,,0,,,,,0,0,0,,,,,0,,0,0,0,,,,,0,,,,0,0,0,,,,,,,,,,,,,,,,,,,,,,,,,,,,,,,,,,,,,,,,,,,,,,,,,,,,,,,,,,,,,,,,,,,,,,,,,,,,,,,,,,,,,,,,,,,,
375,5000003920,2017,1,1,0,0,0,333,,WALLET,DL00,RM00,,,,,,,,,0,0,,H,USD,1.46,0,1.46,,,,64,LB,64,LB,64,LB,,,,,0,,,0,X,,,,,,NA00,,,,,,,,,,,,2017,,,US00,,0,,0,0,0,,0,2,,,,,,,,,B,,,,0,,,,,0,0,0,,,,,0,,0,0,0,,,,,0,,,,0,0,0,,,,,,,,,,,,,,,,,,,,,,,,,,,,,,,,,,,,,,,,,,,,,,,,,,,,,,,,,,,,,,,,,,,,,,,,,,,,,,,,,,,,,,,,,,,,
375,5000003921,2017,1,1,0,0,0,333,,WALLET,DL00,RM00,,,,,,,,,0,0,,H,USD,0.59,0,0.59,,,,26,LB,26,LB,26,LB,,,,,0,,,0,X,,,,,,NA00,,,,,,,,,,,,2017,,,US00,,0,,0,0,0,,0,2,,,,,,,,,B,,,,0,,,,,0,0,0,,,,,0,,0,0,0,,,,,0,,,,0,0,0,,,,,,,,,,,,,,,,,,,,,,,,,,,,,,,,,,,,,,,,,,,,,,,,,,,,,,,,,,,,,,,,,,,,,,,,,,,,,,,,,,,,,,,,,,,,
375,5000003922,2017,1,1,0,0,0,333,,WALLET,DL00,RM00,,,,,,,,,0,0,,H,USD,1.71,0,1.71,,,,75,LB,75,LB,75,LB,,,,,0,,,0,X,,,,,,NA00,,,,,,,,,,,,2017,,,US00,,0,,0,0,0,,0,2,,,,,,,,,B,,,,0,,,,,0,0,0,,,,,0,,0,0,0,,,,,0,,,,0,0,0,,,,,,,,,,,,,,,,,,,,,,,,,,,,,,,,,,,,,,,,,,,,,,,,,,,,,,,,,,,,,,,,,,,,,,,,,,,,,,,,,,,,,,,,,,,,
375,5000003923,2017,1,1,0,0,0,333,,WALLET,DL00,RM00,,,,,,,,,0,0,,H,USD,0.50,0,0.50,,,,22,LB,22,LB,22,LB,,,,,0,,,0,X,,,,,,NA00,,,,,,,,,,,,2017,,,US00,,0,,0,0,0,,0,2,,,,,,,,,B,,,,0,,,,,0,0,0,,,,,0,,0,0,0,,,,,0,,,,0,0,0,,,,,,,,,,,,,,,,,,,,,,,,,,,,,,,,,,,,,,,,,,,,,,,,,,,,,,,,,,,,,,,,,,,,,,,,,,,,,,,,,,,,,,,,,,,,
375,5000003924,2017,1,1,0,0,0,333,,WALLET,DL00,RM00,,,,,,,,,0,0,,H,USD,0.41,0,0.41,,,,18,LB,18,LB,18,LB,,,,,0,,,0,X,,,,,,NA00,,,,,,,,,,,,2017,,,US00,,0,,0,0,0,,0,2,,,,,,,,,B,,,,0,,,,,0,0,0,,,,,0,,0,0,0,,,,,0,,,,0,0,0,,,,,,,,,,,,,,,,,,,,,,,,,,,,,,,,,,,,,,,,,,,,,,,,,,,,,,,,,,,,,,,,,,,,,,,,,,,,,,,,,,,,,,,,,,,,
375,5000003925,2017,1,1,0,0,0,333,,WALLET,DL00,RM00,,,,,,,,,0,0,,H,USD,0.25,0,0.25,,,,11,LB,11,LB,11,LB,,,,,0,,,0,X,,,,,,NA00,,,,,,,,,,,,2017,,,US00,,0,,0,0,0,,0,2,,,,,,,,,B,,,,0,,,,,0,0,0,,,,,0,,0,0,0,,,,,0,,,,0,0,0,,,,,,,,,,,,,,,,,,,,,,,,,,,,,,,,,,,,,,,,,,,,,,,,,,,,,,,,,,,,,,,,,,,,,,,,,,,,,,,,,,,,,,,,,,,,
375,5000003926,2017,1,1,0,0,0,333,,ZTESTHEXNT,DL00,RM00,,,,,,,,,0,0,,H,USD,1709.61,0,1709.61,,,,309,LB,309,LB,309,LB,,,,,0,,,0,X,,,,,,NA00,,,,,,,,,,,,2017,,,US00,,0,,0,0,0,,0,2,,,,,,,,,B,,,,0,,,,,0,0,0,,,,,0,,0,0,0,,,,,0,,,,0,0,0,,,,,,,,,,,,,,,,,,,,,,,,,,,,,,,,,,,,,,,,,,,,,,,,,,,,,,,,,,,,,,,,,,,,,,,,,,,,,,,,,,,,,,,,,,,,
375,5000003927,2017,1,1,0,0,0,333,,ZTESTHEXNT,DL00,RM00,,,,,,,,,0,0,,H,USD,1715.14,0,1715.14,,,,310,LB,310,LB,310,LB,,,,,0,,,0,X,,,,,,NA00,,,,,,,,,,,,2017,,,US00,,0,,0,0,0,,0,2,,,,,,,,,B,,,,0,,,,,0,0,0,,,,,0,,0,0,0,,,,,0,,,,0,0,0,,,,,,,,,,,,,,,,,,,,,,,,,,,,,,,,,,,,,,,,,,,,,,,,,,,,,,,,,,,,,,,,,,,,,,,,,,,,,,,,,,,,,,,,,,,,
375,5000003928,2017,1,1,0,0,0,333,,ZTESTHEXNT,DL00,RM00,,,,,,,,,0,0,,H,USD,1825.79,0,1825.79,,,,330,LB,330,LB,330,LB,,,,,0,,,0,X,,,,,,NA00,,,,,,,,,,,,2017,,,US00,,0,,0,0,0,,0,2,,,,,,,,,B,,,,0,,,,,0,0,0,,,,,0,,0,0,0,,,,,0,,,,0,0,0,,,,,,,,,,,,,,,,,,,,,,,,,,,,,,,,,,,,,,,,,,,,,,,,,,,,,,,,,,,,,,,,,,,,,,,,,,,,,,,,,,,,,,,,,,,,
375,5000003929,2017,1,1,0,0,0,333,,ZTESTHEXNT,DL00,RM00,,,,,,,,,0,0,,H,USD,536.67,0,536.67,,,,97,LB,97,LB,97,LB,,,,,0,,,0,X,,,,,,NA00,,,,,,,,,,,,2017,,,US00,,0,,0,0,0,,0,2,,,,,,,,,B,,,,0,,,,,0,0,0,,,,,0,,0,0,0,,,,,0,,,,0,0,0,,,,,,,,,,,,,,,,,,,,,,,,,,,,,,,,,,,,,,,,,,,,,,,,,,,,,,,,,,,,,,,,,,,,,,,,,,,,,,,,,,,,,,,,,,,,
375,5000003930,2017,1,1,0,0,0,333,,ZTESTHEXNT,DL00,RM00,,,,,,,,,0,0,,H,USD,807.77,0,807.77,,,,146,LB,146,LB,146,LB,,,,,0,,,0,X,,,,,,NA00,,,,,,,,,,,,2017,,,US00,,0,,0,0,0,,0,2,,,,,,,,,B,,,,0,,,,,0,0,0,,,,,0,,0,0,0,,,,,0,,,,0,0,0,,,,,,,,,,,,,,,,,,,,,,,,,,,,,,,,,,,,,,,,,,,,,,,,,,,,,,,,,,,,,,,,,,,,,,,,,,,,,,,,,,,,,,,,,,,,
375,5000003931,2017,1,1,0,0,0,333,,ZTESTHEXNT,DL00,RM00,,,,,,,,,0,0,,H,USD,1150.80,0,1150.80,,,,208,LB,208,LB,208,LB,,,,,0,,,0,X,,,,,,NA00,,,,,,,,,,,,2017,,,US00,,0,,0,0,0,,0,2,,,,,,,,,B,,,,0,,,,,0,0,0,,,,,0,,0,0,0,,,,,0,,,,0,0,0,,,,,,,,,,,,,,,,,,,,,,,,,,,,,,,,,,,,,,,,,,,,,,,,,,,,,,,,,,,,,,,,,,,,,,,,,,,,,,,,,,,,,,,,,,,,
375,5000003932,2017,1,1,0,0,0,333,,ZTESTHEXNT,DL00,RM00,,,,,,,,,0,0,,H,USD,1482.76,0,1482.76,,,,268,LB,268,LB,268,LB,,,,,0,,,0,X,,,,,,NA00,,,,,,,,,,,,2017,,,US00,,0,,0,0,0,,0,2,,,,,,,,,B,,,,0,,,,,0,0,0,,,,,0,,0,0,0,,,,,0,,,,0,0,0,,,,,,,,,,,,,,,,,,,,,,,,,,,,,,,,,,,,,,,,,,,,,,,,,,,,,,,,,,,,,,,,,,,,,,,,,,,,,,,,,,,,,,,,,,,,
375,5000003933,2017,1,1,0,0,0,333,,ZTESTHEXNT,DL00,RM00,,,,,,,,,0,0,,H,USD,403.89,0,403.89,,,,73,LB,73,LB,73,LB,,,,,0,,,0,X,,,,,,NA00,,,,,,,,,,,,2017,,,US00,,0,,0,0,0,,0,2,,,,,,,,,B,,,,0,,,,,0,0,0,,,,,0,,0,0,0,,,,,0,,,,0,0,0,,,,,,,,,,,,,,,,,,,,,,,,,,,,,,,,,,,,,,,,,,,,,,,,,,,,,,,,,,,,,,,,,,,,,,,,,,,,,,,,,,,,,,,,,,,,
375,5000003934,2017,1,1,0,0,0,333,,AAA LUBE,MI00,RM00,,,,,,,,,0,0,,H,USD,4675.32,0,4675.32,,,,1,DR,1,DR,1,DR,,,,,0,,,0,X,,,,,,NA00,,,,,,,,,,,,2017,,,US00,,0,,0,0,0,,0,2,,,,,,,,,B,,,,0,,,,,0,0,0,,,,,0,,0,0,0,,,,,0,,,,0,0,0,,,,,,,,,,,,,,,,,,,,,,,,,,,,,,,,,,,,,,,,,,,,,,,,,,,,,,,,,,,,,,,,,,,,,,,,,,,,,,,,,,,,,,,,,,,,
375,5000003935,2017,1,1,0,0,0,333,,ADAMANTIUM,MI00,RM00,,,,,,,,,0,0,,H,USD,35824.65,0,35824.65,,,,37,LB,37,LB,37,LB,,,,,0,,,0,X,,,,,,NA00,,,,,,,,,,,,2017,,,US00,,0,,0,0,0,,0,2,,,,,,,,,B,,,,0,,,,,0,0,0,,,,,0,,0,0,0,,,,,0,,,,0,0,0,,,,,,,,,,,,,,,,,,,,,,,,,,,,,,,,,,,,,,,,,,,,,,,,,,,,,,,,,,,,,,,,,,,,,,,,,,,,,,,,,,,,,,,,,,,,
375,5000003936,2017,1,1,0,0,0,333,,ADAMANTIUM,MI00,RM00,,,,,,,,,0,0,,H,USD,16735.60,0,16735.60,,,,64,LB,64,LB,64,LB,,,,,0,,,0,X,,,,,,NA00,,,,,,,,,,,,2017,,,US00,,0,,0,0,0,,0,2,,,,,,,,,B,,,,0,,,,,0,0,0,,,,,0,,0,0,0,,,,,0,,,,0,0,0,,,,,,,,,,,,,,,,,,,,,,,,,,,,,,,,,,,,,,,,,,,,,,,,,,,,,,,,,,,,,,,,,,,,,,,,,,,,,,,,,,,,,,,,,,,,
375,5000003937,2017,1,1,0,0,0,333,,ADAMANTIUM,MI00,RM00,,,,,,,,,0,0,,H,USD,11244.23,0,11244.23,,,,43,LB,43,LB,43,LB,,,,,0,,,0,X,,,,,,NA00,,,,,,,,,,,,2017,,,US00,,0,,0,0,0,,0,2,,,,,,,,,B,,,,0,,,,,0,0,0,,,,,0,,0,0,0,,,,,0,,,,0,0,0,,,,,,,,,,,,,,,,,,,,,,,,,,,,,,,,,,,,,,,,,,,,,,,,,,,,,,,,,,,,,,,,,,,,,,,,,,,,,,,,,,,,,,,,,,,,
375,5000003938,2017,1,1,0,0,0,333,,ADAMANTIUM,MI00,RM00,,,,,,,,,0,0,,H,USD,20919.50,0,20919.50,,,,80,LB,80,LB,80,LB,,,,,0,,,0,X,,,,,,NA00,,,,,,,,,,,,2017,,,US00,,0,,0,0,0,,0,2,,,,,,,,,B,,,,0,,,,,0,0,0,,,,,0,,0,0,0,,,,,0,,,,0,0,0,,,,,,,,,,,,,,,,,,,,,,,,,,,,,,,,,,,,,,,,,,,,,,,,,,,,,,,,,,,,,,,,,,,,,,,,,,,,,,,,,,,,,,,,,,,,
375,5000003939,2017,1,1,0,0,0,333,,ADAMANTIUM,MI00,RM00,,,,,,,,,0,0,,H,USD,45238.42,0,45238.42,,,,173,LB,173,LB,173,LB,,,,,0,,,0,X,,,,,,NA00,,,,,,,,,,,,2017,,,US00,,0,,0,0,0,,0,2,,,,,,,,,B,,,,0,,,,,0,0,0,,,,,0,,0,0,0,,,,,0,,,,0,0,0,,,,,,,,,,,,,,,,,,,,,,,,,,,,,,,,,,,,,,,,,,,,,,,,,,,,,,,,,,,,,,,,,,,,,,,,,,,,,,,,,,,,,,,,,,,,
375,5000003940,2017,1,1,0,0,0,333,,ANGOLAN AMETHYST,MI00,RM00,,,,,,,,,0,0,,H,USD,30701.99,0,30701.99,,,,10,G,10,G,10,G,,,,,0,,,0,X,,,,,,NA00,,,,,,,,,,,,2017,,,US00,,0,,0,0,0,,0,2,,,,,,,,,B,,,,0,,,,,0,0,0,,,,,0,,0,0,0,,,,,0,,,,0,0,0,,,,,,,,,,,,,,,,,,,,,,,,,,,,,,,,,,,,,,,,,,,,,,,,,,,,,,,,,,,,,,,,,,,,,,,,,,,,,,,,,,,,,,,,,,,,
375,5000003941,2017,1,1,0,0,0,333,,ANGOLAN AMETHYST,MI00,RM00,,,,,,,,,0,0,,H,USD,15351.00,0,15351.00,,,,5,G,5,G,5,G,,,,,0,,,0,X,,,,,,NA00,,,,,,,,,,,,2017,,,US00,,0,,0,0,0,,0,2,,,,,,,,,B,,,,0,,,,,0,0,0,,,,,0,,0,0,0,,,,,0,,,,0,0,0,,,,,,,,,,,,,,,,,,,,,,,,,,,,,,,,,,,,,,,,,,,,,,,,,,,,,,,,,,,,,,,,,,,,,,,,,,,,,,,,,,,,,,,,,,,,
375,5000003942,2017,1,1,0,0,0,333,,ANGOLAN AMETHYST,MI00,RM00,,,,,,,,,0,0,,H,USD,73684.78,0,73684.78,,,,24,G,24,G,24,G,,,,,0,,,0,X,,,,,,NA00,,,,,,,,,,,,2017,,,US00,,0,,0,0,0,,0,2,,,,,,,,,B,,,,0,,,,,0,0,0,,,,,0,,0,0,0,,,,,0,,,,0,0,0,,,,,,,,,,,,,,,,,,,,,,,,,,,,,,,,,,,,,,,,,,,,,,,,,,,,,,,,,,,,,,,,,,,,,,,,,,,,,,,,,,,,,,,,,,,,
375,5000003943,2017,1,1,0,0,0,333,,AUSTRALIAN AMETHYST,MI00,RM00,,,,,,,,,0,0,,H,USD,7201.65,0,7201.65,,,,1,G,1,G,1,G,,,,,0,,,0,X,,,,,,NA00,,,,,,,,,,,,2017,,,US00,,0,,0,0,0,,0,2,,,,,,,,,B,,,,0,,,,,0,0,0,,,,,0,,0,0,0,,,,,0,,,,0,0,0,,,,,,,,,,,,,,,,,,,,,,,,,,,,,,,,,,,,,,,,,,,,,,,,,,,,,,,,,,,,,,,,,,,,,,,,,,,,,,,,,,,,,,,,,,,,
375,5000003944,2017,1,1,0,0,0,333,,AUSTRALIAN AMETHYST,MI00,RM00,,,,,,,,,0,0,,H,USD,21604.94,0,21604.94,,,,3,G,3,G,3,G,,,,,0,,,0,X,,,,,,NA00,,,,,,,,,,,,2017,,,US00,,0,,0,0,0,,0,2,,,,,,,,,B,,,,0,,,,,0,0,0,,,,,0,,0,0,0,,,,,0,,,,0,0,0,,,,,,,,,,,,,,,,,,,,,,,,,,,,,,,,,,,,,,,,,,,,,,,,,,,,,,,,,,,,,,,,,,,,,,,,,,,,,,,,,,,,,,,,,,,,
375,5000003945,2017,1,1,0,0,0,333,,AUSTRALIAN AMETHYST,MI00,RM00,,,,,,,,,0,0,,H,USD,7201.65,0,7201.65,,,,1,G,1,G,1,G,,,,,0,,,0,X,,,,,,NA00,,,,,,,,,,,,2017,,,US00,,0,,0,0,0,,0,2,,,,,,,,,B,,,,0,,,,,0,0,0,,,,,0,,0,0,0,,,,,0,,,,0,0,0,,,,,,,,,,,,,,,,,,,,,,,,,,,,,,,,,,,,,,,,,,,,,,,,,,,,,,,,,,,,,,,,,,,,,,,,,,,,,,,,,,,,,,,,,,,,
375,5000003946,2017,1,1,0,0,0,333,,BLUEPAINT,MI00,RM00,,,,,,,,,0,0,,H,USD,1389.63,0,1389.63,,,,23,L,23,L,23,L,,,,,0,,,0,X,,,,,,NA00,,,,,,,,,,,,2017,,,US00,,0,,0,0,0,,0,2,,,,,,,,,B,,,,0,,,,,0,0,0,,,,,0,,0,0,0,,,,,0,,,,0,0,0,,,,,,,,,,,,,,,,,,,,,,,,,,,,,,,,,,,,,,,,,,,,,,,,,,,,,,,,,,,,,,,,,,,,,,,,,,,,,,,,,,,,,,,,,,,,
375,5000003947,2017,1,1,0,0,0,333,,BLUEPAINT,MI00,RM00,,,,,,,,,0,0,,H,USD,181.26,0,181.26,,,,3,L,3,L,3,L,,,,,0,,,0,X,,,,,,NA00,,,,,,,,,,,,2017,,,US00,,0,,0,0,0,,0,2,,,,,,,,,B,,,,0,,,,,0,0,0,,,,,0,,0,0,0,,,,,0,,,,0,0,0,,,,,,,,,,,,,,,,,,,,,,,,,,,,,,,,,,,,,,,,,,,,,,,,,,,,,,,,,,,,,,,,,,,,,,,,,,,,,,,,,,,,,,,,,,,,
375,5000003948,2017,1,1,0,0,0,333,,BLUEPAINT,MI00,RM00,,,,,,,,,0,0,,H,USD,60.42,0,60.42,,,,1,L,1,L,1,L,,,,,0,,,0,X,,,,,,NA00,,,,,,,,,,,,2017,,,US00,,0,,0,0,0,,0,2,,,,,,,,,B,,,,0,,,,,0,0,0,,,,,0,,0,0,0,,,,,0,,,,0,0,0,,,,,,,,,,,,,,,,,,,,,,,,,,,,,,,,,,,,,,,,,,,,,,,,,,,,,,,,,,,,,,,,,,,,,,,,,,,,,,,,,,,,,,,,,,,,
375,5000003949,2017,1,1,0,0,0,333,,BLUEPAINT,MI00,RM00,,,,,,,,,0,0,,H,USD,6887.73,0,6887.73,,,,114,L,114,L,114,L,,,,,0,,,0,X,,,,,,NA00,,,,,,,,,,,,2017,,,US00,,0,,0,0,0,,0,2,,,,,,,,,B,,,,0,,,,,0,0,0,,,,,0,,0,0,0,,,,,0,,,,0,0,0,,,,,,,,,,,,,,,,,,,,,,,,,,,,,,,,,,,,,,,,,,,,,,,,,,,,,,,,,,,,,,,,,,,,,,,,,,,,,,,,,,,,,,,,,,,,
375,5000003950,2017,1,1,0,0,0,333,,BLUEPAINT,MI00,RM00,,,,,,,,,0,0,,H,USD,12869.17,0,12869.17,,,,213,L,213,L,213,L,,,,,0,,,0,X,,,,,,NA00,,,,,,,,,,,,2017,,,US00,,0,,0,0,0,,0,2,,,,,,,,,B,,,,0,,,,,0,0,0,,,,,0,,0,0,0,,,,,0,,,,0,0,0,,,,,,,,,,,,,,,,,,,,,,,,,,,,,,,,,,,,,,,,,,,,,,,,,,,,,,,,,,,,,,,,,,,,,,,,,,,,,,,,,,,,,,,,,,,,
375,5000003951,2017,1,1,0,0,0,333,,BLUEPAINT,MI00,RM00,,,,,,,,,0,0,,H,USD,5498.10,0,5498.10,,,,91,L,91,L,91,L,,,,,0,,,0,X,,,,,,NA00,,,,,,,,,,,,2017,,,US00,,0,,0,0,0,,0,2,,,,,,,,,B,,,,0,,,,,0,0,0,,,,,0,,0,0,0,,,,,0,,,,0,0,0,,,,,,,,,,,,,,,,,,,,,,,,,,,,,,,,,,,,,,,,,,,,,,,,,,,,,,,,,,,,,,,,,,,,,,,,,,,,,,,,,,,,,,,,,,,,
375,5000003952,2017,1,1,0,0,0,333,,BLUEPAINT,MI00,RM00,,,,,,,,,0,0,,H,USD,1329.21,0,1329.21,,,,22,L,22,L,22,L,,,,,0,,,0,X,,,,,,NA00,,,,,,,,,,,,2017,,,US00,,0,,0,0,0,,0,2,,,,,,,,,B,,,,0,,,,,0,0,0,,,,,0,,0,0,0,,,,,0,,,,0,0,0,,,,,,,,,,,,,,,,,,,,,,,,,,,,,,,,,,,,,,,,,,,,,,,,,,,,,,,,,,,,,,,,,,,,,,,,,,,,,,,,,,,,,,,,,,,,
375,5000003953,2017,1,1,0,0,0,333,,BLUEPAINT,MI00,RM00,,,,,,,,,0,0,,H,USD,1933.40,0,1933.40,,,,32,L,32,L,32,L,,,,,0,,,0,X,,,,,,NA00,,,,,,,,,,,,2017,,,US00,,0,,0,0,0,,0,2,,,,,,,,,B,,,,0,,,,,0,0,0,,,,,0,,0,0,0,,,,,0,,,,0,0,0,,,,,,,,,,,,,,,,,,,,,,,,,,,,,,,,,,,,,,,,,,,,,,,,,,,,,,,,,,,,,,,,,,,,,,,,,,,,,,,,,,,,,,,,,,,,
375,5000003954,2017,1,1,0,0,0,333,,BLUEPAINT,MI00,RM00,,,,,,,,,0,0,,H,USD,906.28,0,906.28,,,,15,L,15,L,15,L,,,,,0,,,0,X,,,,,,NA00,,,,,,,,,,,,2017,,,US00,,0,,0,0,0,,0,2,,,,,,,,,B,,,,0,,,,,0,0,0,,,,,0,,0,0,0,,,,,0,,,,0,0,0,,,,,,,,,,,,,,,,,,,,,,,,,,,,,,,,,,,,,,,,,,,,,,,,,,,,,,,,,,,,,,,,,,,,,,,,,,,,,,,,,,,,,,,,,,,,
375,5000003955,2017,1,1,0,0,0,333,,BOLT1000,MI00,RM00,,,,,,,,,0,0,,H,USD,4.50,0,4.50,,,,3,EA,3,EA,3,EA,,,,,0,,,0,X,,,,,,NA00,,,,,,,,,,,,2017,,,US00,,0,,0,0,0,,0,2,,,,,,,,,B,,,,0,,,,,0,0,0,,,,,0,,0,0,0,,,,,0,,,,0,0,0,,,,,,,,,,,,,,,,,,,,,,,,,,,,,,,,,,,,,,,,,,,,,,,,,,,,,,,,,,,,,,,,,,,,,,,,,,,,,,,,,,,,,,,,,,,,
375,5000003956,2017,1,1,0,0,0,333,,BOLT1000,MI00,RM00,,,,,,,,,0,0,,H,USD,15.00,0,15.00,,,,10,EA,10,EA,10,EA,,,,,0,,,0,X,,,,,,NA00,,,,,,,,,,,,2017,,,US00,,0,,0,0,0,,0,2,,,,,,,,,B,,,,0,,,,,0,0,0,,,,,0,,0,0,0,,,,,0,,,,0,0,0,,,,,,,,,,,,,,,,,,,,,,,,,,,,,,,,,,,,,,,,,,,,,,,,,,,,,,,,,,,,,,,,,,,,,,,,,,,,,,,,,,,,,,,,,,,,
375,5000003957,2017,1,1,0,0,0,333,,BOLT1000,MI00,RM00,,,,,,,,,0,0,,H,USD,1.50,0,1.50,,,,1,EA,1,EA,1,EA,,,,,0,,,0,X,,,,,,NA00,,,,,,,,,,,,2017,,,US00,,0,,0,0,0,,0,2,,,,,,,,,B,,,,0,,,,,0,0,0,,,,,0,,0,0,0,,,,,0,,,,0,0,0,,,,,,,,,,,,,,,,,,,,,,,,,,,,,,,,,,,,,,,,,,,,,,,,,,,,,,,,,,,,,,,,,,,,,,,,,,,,,,,,,,,,,,,,,,,,
375,5000003958,2017,1,1,0,0,0,333,,BOTSWANA BLACK PE,MI00,RM00,,,,,,,,,0,0,,H,USD,139514.56,0,139514.56,,,,6,G,6,G,6,G,,,,,0,,,0,X,,,,,,NA00,,,,,,,,,,,,2017,,,US00,,0,,0,0,0,,0,2,,,,,,,,,B,,,,0,,,,,0,0,0,,,,,0,,0,0,0,,,,,0,,,,0,0,0,,,,,,,,,,,,,,,,,,,,,,,,,,,,,,,,,,,,,,,,,,,,,,,,,,,,,,,,,,,,,,,,,,,,,,,,,,,,,,,,,,,,,,,,,,,,
375,5000003959,2017,1,1,0,0,0,333,,BOTSWANA BLACK PE,MI00,RM00,,,,,,,,,0,0,,H,USD,93009.71,0,93009.71,,,,4,G,4,G,4,G,,,,,0,,,0,X,,,,,,NA00,,,,,,,,,,,,2017,,,US00,,0,,0,0,0,,0,2,,,,,,,,,B,,,,0,,,,,0,0,0,,,,,0,,0,0,0,,,,,0,,,,0,0,0,,,,,,,,,,,,,,,,,,,,,,,,,,,,,,,,,,,,,,,,,,,,,,,,,,,,,,,,,,,,,,,,,,,,,,,,,,,,,,,,,,,,,,,,,,,,
375,5000003960,2017,1,1,0,0,0,333,,BOTSWANA BLACK PE,MI00,RM00,,,,,,,,,0,0,,H,USD,372038.84,0,372038.84,,,,16,G,16,G,16,G,,,,,0,,,0,X,,,,,,NA00,,,,,,,,,,,,2017,,,US00,,0,,0,0,0,,0,2,,,,,,,,,B,,,,0,,,,,0,0,0,,,,,0,,0,0,0,,,,,0,,,,0,0,0,,,,,,,,,,,,,,,,,,,,,,,,,,,,,,,,,,,,,,,,,,,,,,,,,,,,,,,,,,,,,,,,,,,,,,,,,,,,,,,,,,,,,,,,,,,,
375,5000003961,2017,1,1,0,0,0,333,,BRITAIN BLACK PEAR,MI00,RM00,,,,,,,,,0,0,,H,USD,595238.10,0,595238.10,,,,2,G,2,G,2,G,,,,,0,,,0,X,,,,,,NA00,,,,,,,,,,,,2017,,,US00,,0,,0,0,0,,0,2,,,,,,,,,B,,,,0,,,,,0,0,0,,,,,0,,0,0,0,,,,,0,,,,0,0,0,,,,,,,,,,,,,,,,,,,,,,,,,,,,,,,,,,,,,,,,,,,,,,,,,,,,,,,,,,,,,,,,,,,,,,,,,,,,,,,,,,,,,,,,,,,,
375,5000003962,2017,1,1,0,0,0,333,,CANADIAN CRYSTAL,MI00,RM00,,,,,,,,,0,0,,H,USD,168634.06,0,168634.06,,,,5,G,5,G,5,G,,,,,0,,,0,X,,,,,,NA00,,,,,,,,,,,,2017,,,US00,,0,,0,0,0,,0,2,,,,,,,,,B,,,,0,,,,,0,0,0,,,,,0,,0,0,0,,,,,0,,,,0,0,0,,,,,,,,,,,,,,,,,,,,,,,,,,,,,,,,,,,,,,,,,,,,,,,,,,,,,,,,,,,,,,,,,,,,,,,,,,,,,,,,,,,,,,,,,,,,
375,5000003963,2017,1,1,0,0,0,333,,CARBONITE,MI00,RM00,,,,,,,,,0,0,,H,USD,101.76,0,101.76,,,,1,G,1,G,1,G,,,,,0,,,0,X,,,,,,NA00,,,,,,,,,,,,2017,,,US00,,0,,0,0,0,,0,2,,,,,,,,,B,,,,0,,,,,0,0,0,,,,,0,,0,0,0,,,,,0,,,,0,0,0,,,,,,,,,,,,,,,,,,,,,,,,,,,,,,,,,,,,,,,,,,,,,,,,,,,,,,,,,,,,,,,,,,,,,,,,,,,,,,,,,,,,,,,,,,,,
375,5000003964,2017,1,1,0,0,0,333,,CARBONITE,MI00,RM00,,,,,,,,,0,0,,H,USD,305.29,0,305.29,,,,3,G,3,G,3,G,,,,,0,,,0,X,,,,,,NA00,,,,,,,,,,,,2017,,,US00,,0,,0,0,0,,0,2,,,,,,,,,B,,,,0,,,,,0,0,0,,,,,0,,0,0,0,,,,,0,,,,0,0,0,,,,,,,,,,,,,,,,,,,,,,,,,,,,,,,,,,,,,,,,,,,,,,,,,,,,,,,,,,,,,,,,,,,,,,,,,,,,,,,,,,,,,,,,,,,,
375,5000003965,2017,1,1,0,0,0,333,,CARBONITE,MI00,RM00,,,,,,,,,0,0,,H,USD,508.82,0,508.82,,,,5,G,5,G,5,G,,,,,0,,,0,X,,,,,,NA00,,,,,,,,,,,,2017,,,US00,,0,,0,0,0,,0,2,,,,,,,,,B,,,,0,,,,,0,0,0,,,,,0,,0,0,0,,,,,0,,,,0,0,0,,,,,,,,,,,,,,,,,,,,,,,,,,,,,,,,,,,,,,,,,,,,,,,,,,,,,,,,,,,,,,,,,,,,,,,,,,,,,,,,,,,,,,,,,,,,
375,5000003966,2017,1,1,0,0,0,333,,CARBONITE,MI00,RM00,,,,,,,,,0,0,,H,USD,203.53,0,203.53,,,,2,G,2,G,2,G,,,,,0,,,0,X,,,,,,NA00,,,,,,,,,,,,2017,,,US00,,0,,0,0,0,,0,2,,,,,,,,,B,,,,0,,,,,0,0,0,,,,,0,,0,0,0,,,,,0,,,,0,0,0,,,,,,,,,,,,,,,,,,,,,,,,,,,,,,,,,,,,,,,,,,,,,,,,,,,,,,,,,,,,,,,,,,,,,,,,,,,,,,,,,,,,,,,,,,,,
375,5000003967,2017,1,1,0,0,0,333,,CHRONIUM,MI00,RM00,,,,,,,,,0,0,,H,USD,32.22,0,32.22,,,,80,LB,80,LB,80,LB,,,,,0,,,0,X,,,,,,NA00,,,,,,,,,,,,2017,,,US00,,0,,0,0,0,,0,2,,,,,,,,,B,,,,0,,,,,0,0,0,,,,,0,,0,0,0,,,,,0,,,,0,0,0,,,,,,,,,,,,,,,,,,,,,,,,,,,,,,,,,,,,,,,,,,,,,,,,,,,,,,,,,,,,,,,,,,,,,,,,,,,,,,,,,,,,,,,,,,,,
375,5000003968,2017,1,1,0,0,0,333,,CHRONIUM,MI00,RM00,,,,,,,,,0,0,,H,USD,9.26,0,9.26,,,,23,LB,23,LB,23,LB,,,,,0,,,0,X,,,,,,NA00,,,,,,,,,,,,2017,,,US00,,0,,0,0,0,,0,2,,,,,,,,,B,,,,0,,,,,0,0,0,,,,,0,,0,0,0,,,,,0,,,,0,0,0,,,,,,,,,,,,,,,,,,,,,,,,,,,,,,,,,,,,,,,,,,,,,,,,,,,,,,,,,,,,,,,,,,,,,,,,,,,,,,,,,,,,,,,,,,,,
375,5000003969,2017,1,1,0,0,0,333,,CHRONIUM,MI00,RM00,,,,,,,,,0,0,,H,USD,50.75,0,50.75,,,,126,LB,126,LB,126,LB,,,,,0,,,0,X,,,,,,NA00,,,,,,,,,,,,2017,,,US00,,0,,0,0,0,,0,2,,,,,,,,,B,,,,0,,,,,0,0,0,,,,,0,,0,0,0,,,,,0,,,,0,0,0,,,,,,,,,,,,,,,,,,,,,,,,,,,,,,,,,,,,,,,,,,,,,,,,,,,,,,,,,,,,,,,,,,,,,,,,,,,,,,,,,,,,,,,,,,,,
375,5000003970,2017,1,1,0,0,0,333,,CHRONIUM,MI00,RM00,,,,,,,,,0,0,,H,USD,2.42,0,2.42,,,,6,LB,6,LB,6,LB,,,,,0,,,0,X,,,,,,NA00,,,,,,,,,,,,2017,,,US00,,0,,0,0,0,,0,2,,,,,,,,,B,,,,0,,,,,0,0,0,,,,,0,,0,0,0,,,,,0,,,,0,0,0,,,,,,,,,,,,,,,,,,,,,,,,,,,,,,,,,,,,,,,,,,,,,,,,,,,,,,,,,,,,,,,,,,,,,,,,,,,,,,,,,,,,,,,,,,,,
375,5000003971,2017,1,1,0,0,0,333,,CHRONIUM,MI00,RM00,,,,,,,,,0,0,,H,USD,65.65,0,65.65,,,,163,LB,163,LB,163,LB,,,,,0,,,0,X,,,,,,NA00,,,,,,,,,,,,2017,,,US00,,0,,0,0,0,,0,2,,,,,,,,,B,,,,0,,,,,0,0,0,,,,,0,,0,0,0,,,,,0,,,,0,0,0,,,,,,,,,,,,,,,,,,,,,,,,,,,,,,,,,,,,,,,,,,,,,,,,,,,,,,,,,,,,,,,,,,,,,,,,,,,,,,,,,,,,,,,,,,,,
375,5000003972,2017,1,1,0,0,0,333,,CHRONIUM,MI00,RM00,,,,,,,,,0,0,,H,USD,20.54,0,20.54,,,,51,LB,51,LB,51,LB,,,,,0,,,0,X,,,,,,NA00,,,,,,,,,,,,2017,,,US00,,0,,0,0,0,,0,2,,,,,,,,,B,,,,0,,,,,0,0,0,,,,,0,,0,0,0,,,,,0,,,,0,0,0,,,,,,,,,,,,,,,,,,,,,,,,,,,,,,,,,,,,,,,,,,,,,,,,,,,,,,,,,,,,,,,,,,,,,,,,,,,,,,,,,,,,,,,,,,,,
375,5000003973,2017,1,1,0,0,0,333,,CONCRETE,MI00,RM00,,,,,,,,,0,0,,H,USD,461.56,0,461.56,,,,5,YD3,5,YD3,5,YD3,,,,,0,,,0,X,,,,,,NA00,,,,,,,,,,,,2017,,,US00,,0,,0,0,0,,0,2,,,,,,,,,B,,,,0,,,,,0,0,0,,,,,0,,0,0,0,,,,,0,,,,0,0,0,,,,,,,,,,,,,,,,,,,,,,,,,,,,,,,,,,,,,,,,,,,,,,,,,,,,,,,,,,,,,,,,,,,,,,,,,,,,,,,,,,,,,,,,,,,,
375,5000003974,2017,1,1,0,0,0,333,,CONCRETE,MI00,RM00,,,,,,,,,0,0,,H,USD,6092.55,0,6092.55,,,,66,YD3,66,YD3,66,YD3,,,,,0,,,0,X,,,,,,NA00,,,,,,,,,,,,2017,,,US00,,0,,0,0,0,,0,2,,,,,,,,,B,,,,0,,,,,0,0,0,,,,,0,,0,0,0,,,,,0,,,,0,0,0,,,,,,,,,,,,,,,,,,,,,,,,,,,,,,,,,,,,,,,,,,,,,,,,,,,,,,,,,,,,,,,,,,,,,,,,,,,,,,,,,,,,,,,,,,,,
375,5000003975,2017,1,1,0,0,0,333,,CONCRETE,MI00,RM00,,,,,,,,,0,0,,H,USD,3323.21,0,3323.21,,,,36,YD3,36,YD3,36,YD3,,,,,0,,,0,X,,,,,,NA00,,,,,,,,,,,,2017,,,US00,,0,,0,0,0,,0,2,,,,,,,,,B,,,,0,,,,,0,0,0,,,,,0,,0,0,0,,,,,0,,,,0,0,0,,,,,,,,,,,,,,,,,,,,,,,,,,,,,,,,,,,,,,,,,,,,,,,,,,,,,,,,,,,,,,,,,,,,,,,,,,,,,,,,,,,,,,,,,,,,
375,5000003976,2017,1,1,0,0,0,333,,CONCRETE,MI00,RM00,,,,,,,,,0,0,,H,USD,92.31,0,92.31,,,,1,YD3,1,YD3,1,YD3,,,,,0,,,0,X,,,,,,NA00,,,,,,,,,,,,2017,,,US00,,0,,0,0,0,,0,2,,,,,,,,,B,,,,0,,,,,0,0,0,,,,,0,,0,0,0,,,,,0,,,,0,0,0,,,,,,,,,,,,,,,,,,,,,,,,,,,,,,,,,,,,,,,,,,,,,,,,,,,,,,,,,,,,,,,,,,,,,,,,,,,,,,,,,,,,,,,,,,,,
375,5000003977,2017,1,1,0,0,0,333,,CONGOCRYSTAL,MI00,RM00,,,,,,,,,0,0,,H,USD,30740.29,0,30740.29,,,,4,G,4,G,4,G,,,,,0,,,0,X,,,,,,NA00,,,,,,,,,,,,2017,,,US00,,0,,0,0,0,,0,2,,,,,,,,,B,,,,0,,,,,0,0,0,,,,,0,,0,0,0,,,,,0,,,,0,0,0,,,,,,,,,,,,,,,,,,,,,,,,,,,,,,,,,,,,,,,,,,,,,,,,,,,,,,,,,,,,,,,,,,,,,,,,,,,,,,,,,,,,,,,,,,,,
375,5000003978,2017,1,1,0,0,0,333,,CONGOCRYSTAL,MI00,RM00,,,,,,,,,0,0,,H,USD,7685.07,0,7685.07,,,,1,G,1,G,1,G,,,,,0,,,0,X,,,,,,NA00,,,,,,,,,,,,2017,,,US00,,0,,0,0,0,,0,2,,,,,,,,,B,,,,0,,,,,0,0,0,,,,,0,,0,0,0,,,,,0,,,,0,0,0,,,,,,,,,,,,,,,,,,,,,,,,,,,,,,,,,,,,,,,,,,,,,,,,,,,,,,,,,,,,,,,,,,,,,,,,,,,,,,,,,,,,,,,,,,,,
375,5000003979,2017,1,1,0,0,0,333,,CONGOCRYSTAL,MI00,RM00,,,,,,,,,0,0,,H,USD,315087.94,0,315087.94,,,,41,G,41,G,41,G,,,,,0,,,0,X,,,,,,NA00,,,,,,,,,,,,2017,,,US00,,0,,0,0,0,,0,2,,,,,,,,,B,,,,0,,,,,0,0,0,,,,,0,,0,0,0,,,,,0,,,,0,0,0,,,,,,,,,,,,,,,,,,,,,,,,,,,,,,,,,,,,,,,,,,,,,,,,,,,,,,,,,,,,,,,,,,,,,,,,,,,,,,,,,,,,,,,,,,,,
375,5000003980,2017,1,1,0,0,0,333,,CONGOCRYSTAL,MI00,RM00,,,,,,,,,0,0,,H,USD,7685.07,0,7685.07,,,,1,G,1,G,1,G,,,,,0,,,0,X,,,,,,NA00,,,,,,,,,,,,2017,,,US00,,0,,0,0,0,,0,2,,,,,,,,,B,,,,0,,,,,0,0,0,,,,,0,,0,0,0,,,,,0,,,,0,0,0,,,,,,,,,,,,,,,,,,,,,,,,,,,,,,,,,,,,,,,,,,,,,,,,,,,,,,,,,,,,,,,,,,,,,,,,,,,,,,,,,,,,,,,,,,,,
375,5000003981,2017,1,1,0,0,0,333,,CONGOCRYSTAL,MI00,RM00,,,,,,,,,0,0,,H,USD,7685.07,0,7685.07,,,,1,G,1,G,1,G,,,,,0,,,0,X,,,,,,NA00,,,,,,,,,,,,2017,,,US00,,0,,0,0,0,,0,2,,,,,,,,,B,,,,0,,,,,0,0,0,,,,,0,,0,0,0,,,,,0,,,,0,0,0,,,,,,,,,,,,,,,,,,,,,,,,,,,,,,,,,,,,,,,,,,,,,,,,,,,,,,,,,,,,,,,,,,,,,,,,,,,,,,,,,,,,,,,,,,,,
375,5000003982,2017,1,1,0,0,0,333,,CONGOCRYSTAL,MI00,RM00,,,,,,,,,0,0,,H,USD,15370.14,0,15370.14,,,,2,G,2,G,2,G,,,,,0,,,0,X,,,,,,NA00,,,,,,,,,,,,2017,,,US00,,0,,0,0,0,,0,2,,,,,,,,,B,,,,0,,,,,0,0,0,,,,,0,,0,0,0,,,,,0,,,,0,0,0,,,,,,,,,,,,,,,,,,,,,,,,,,,,,,,,,,,,,,,,,,,,,,,,,,,,,,,,,,,,,,,,,,,,,,,,,,,,,,,,,,,,,,,,,,,,
375,5000003983,2017,1,1,0,0,0,333,,DIAMOND,MI00,RM00,,,,,,,,,0,0,,H,USD,221.07,0,221.07,,,,18,LB,18,LB,18,LB,,,,,0,,,0,X,,,,,,NA00,,,,,,,,,,,,2017,,,US00,,0,,0,0,0,,0,2,,,,,,,,,B,,,,0,,,,,0,0,0,,,,,0,,0,0,0,,,,,0,,,,0,0,0,,,,,,,,,,,,,,,,,,,,,,,,,,,,,,,,,,,,,,,,,,,,,,,,,,,,,,,,,,,,,,,,,,,,,,,,,,,,,,,,,,,,,,,,,,,,
375,5000003984,2017,1,1,0,0,0,333,,DIAMOND,MI00,RM00,,,,,,,,,0,0,,H,USD,208.79,0,208.79,,,,17,LB,17,LB,17,LB,,,,,0,,,0,X,,,,,,NA00,,,,,,,,,,,,2017,,,US00,,0,,0,0,0,,0,2,,,,,,,,,B,,,,0,,,,,0,0,0,,,,,0,,0,0,0,,,,,0,,,,0,0,0,,,,,,,,,,,,,,,,,,,,,,,,,,,,,,,,,,,,,,,,,,,,,,,,,,,,,,,,,,,,,,,,,,,,,,,,,,,,,,,,,,,,,,,,,,,,
375,5000003985,2017,1,1,0,0,0,333,,DIAMOND,MI00,RM00,,,,,,,,,0,0,,H,USD,257.91,0,257.91,,,,21,LB,21,LB,21,LB,,,,,0,,,0,X,,,,,,NA00,,,,,,,,,,,,2017,,,US00,,0,,0,0,0,,0,2,,,,,,,,,B,,,,0,,,,,0,0,0,,,,,0,,0,0,0,,,,,0,,,,0,0,0,,,,,,,,,,,,,,,,,,,,,,,,,,,,,,,,,,,,,,,,,,,,,,,,,,,,,,,,,,,,,,,,,,,,,,,,,,,,,,,,,,,,,,,,,,,,
375,5000003986,2017,1,1,0,0,0,333,,DIAMOND,MI00,RM00,,,,,,,,,0,0,,H,USD,1179.04,0,1179.04,,,,96,LB,96,LB,96,LB,,,,,0,,,0,X,,,,,,NA00,,,,,,,,,,,,2017,,,US00,,0,,0,0,0,,0,2,,,,,,,,,B,,,,0,,,,,0,0,0,,,,,0,,0,0,0,,,,,0,,,,0,0,0,,,,,,,,,,,,,,,,,,,,,,,,,,,,,,,,,,,,,,,,,,,,,,,,,,,,,,,,,,,,,,,,,,,,,,,,,,,,,,,,,,,,,,,,,,,,
375,5000003987,2017,1,1,0,0,0,333,,GOLD,MI00,RM00,,,,,,,,,0,0,,H,USD,26727.36,0,26727.36,,,,118,G,118,G,118,G,,,,,0,,,0,X,,,,,,NA00,,,,,,,,,,,,2017,,,US00,,0,,0,0,0,,0,2,,,,,,,,,B,,,,0,,,,,0,0,0,,,,,0,,0,0,0,,,,,0,,,,0,0,0,,,,,,,,,,,,,,,,,,,,,,,,,,,,,,,,,,,,,,,,,,,,,,,,,,,,,,,,,,,,,,,,,,,,,,,,,,,,,,,,,,,,,,,,,,,,
375,5000003988,2017,1,1,0,0,0,333,,GOLD,MI00,RM00,,,,,,,,,0,0,,H,USD,25594.84,0,25594.84,,,,113,G,113,G,113,G,,,,,0,,,0,X,,,,,,NA00,,,,,,,,,,,,2017,,,US00,,0,,0,0,0,,0,2,,,,,,,,,B,,,,0,,,,,0,0,0,,,,,0,,0,0,0,,,,,0,,,,0,0,0,,,,,,,,,,,,,,,,,,,,,,,,,,,,,,,,,,,,,,,,,,,,,,,,,,,,,,,,,,,,,,,,,,,,,,,,,,,,,,,,,,,,,,,,,,,,
375,5000003989,2017,1,1,0,0,0,333,,GOLD,MI00,RM00,,,,,,,,,0,0,,H,USD,3171.04,0,3171.04,,,,14,G,14,G,14,G,,,,,0,,,0,X,,,,,,NA00,,,,,,,,,,,,2017,,,US00,,0,,0,0,0,,0,2,,,,,,,,,B,,,,0,,,,,0,0,0,,,,,0,,0,0,0,,,,,0,,,,0,0,0,,,,,,,,,,,,,,,,,,,,,,,,,,,,,,,,,,,,,,,,,,,,,,,,,,,,,,,,,,,,,,,,,,,,,,,,,,,,,,,,,,,,,,,,,,,,
375,5000003990,2017,1,1,0,0,0,333,,HEXNT,MI00,RM00,,,,,,,,,0,0,,H,USD,319.52,0,319.52,,,,275,LB,275,LB,275,LB,,,,,0,,,0,X,,,,,,NA00,,,,,,,,,,,,2017,,,US00,,0,,0,0,0,,0,2,,,,,,,,,B,,,,0,,,,,0,0,0,,,,,0,,0,0,0,,,,,0,,,,0,0,0,,,,,,,,,,,,,,,,,,,,,,,,,,,,,,,,,,,,,,,,,,,,,,,,,,,,,,,,,,,,,,,,,,,,,,,,,,,,,,,,,,,,,,,,,,,,
375,5000003991,2017,1,1,0,0,0,333,,HEXNT,MI00,RM00,,,,,,,,,0,0,,H,USD,2492.23,0,2492.23,,,,2145,LB,2145,LB,2145,LB,,,,,0,,,0,X,,,,,,NA00,,,,,,,,,,,,2017,,,US00,,0,,0,0,0,,0,2,,,,,,,,,B,,,,0,,,,,0,0,0,,,,,0,,0,0,0,,,,,0,,,,0,0,0,,,,,,,,,,,,,,,,,,,,,,,,,,,,,,,,,,,,,,,,,,,,,,,,,,,,,,,,,,,,,,,,,,,,,,,,,,,,,,,,,,,,,,,,,,,,
375,5000003992,2017,1,1,0,0,0,333,,HEXNT,MI00,RM00,,,,,,,,,0,0,,H,USD,309.06,0,309.06,,,,266,LB,266,LB,266,LB,,,,,0,,,0,X,,,,,,NA00,,,,,,,,,,,,2017,,,US00,,0,,0,0,0,,0,2,,,,,,,,,B,,,,0,,,,,0,0,0,,,,,0,,0,0,0,,,,,0,,,,0,0,0,,,,,,,,,,,,,,,,,,,,,,,,,,,,,,,,,,,,,,,,,,,,,,,,,,,,,,,,,,,,,,,,,,,,,,,,,,,,,,,,,,,,,,,,,,,,
375,5000003993,2017,1,1,0,0,0,333,,HEXNT,MI00,RM00,,,,,,,,,0,0,,H,USD,794.72,0,794.72,,,,684,LB,684,LB,684,LB,,,,,0,,,0,X,,,,,,NA00,,,,,,,,,,,,2017,,,US00,,0,,0,0,0,,0,2,,,,,,,,,B,,,,0,,,,,0,0,0,,,,,0,,0,0,0,,,,,0,,,,0,0,0,,,,,,,,,,,,,,,,,,,,,,,,,,,,,,,,,,,,,,,,,,,,,,,,,,,,,,,,,,,,,,,,,,,,,,,,,,,,,,,,,,,,,,,,,,,,
375,5000003994,2017,1,1,0,0,0,333,,HEXNT,MI00,RM00,,,,,,,,,0,0,,H,USD,909.75,0,909.75,,,,783,LB,783,LB,783,LB,,,,,0,,,0,X,,,,,,NA00,,,,,,,,,,,,2017,,,US00,,0,,0,0,0,,0,2,,,,,,,,,B,,,,0,,,,,0,0,0,,,,,0,,0,0,0,,,,,0,,,,0,0,0,,,,,,,,,,,,,,,,,,,,,,,,,,,,,,,,,,,,,,,,,,,,,,,,,,,,,,,,,,,,,,,,,,,,,,,,,,,,,,,,,,,,,,,,,,,,
375,5000003995,2017,1,1,0,0,0,333,,HEXNT,MI00,RM00,,,,,,,,,0,0,,H,USD,572.81,0,572.81,,,,493,LB,493,LB,493,LB,,,,,0,,,0,X,,,,,,NA00,,,,,,,,,,,,2017,,,US00,,0,,0,0,0,,0,2,,,,,,,,,B,,,,0,,,,,0,0,0,,,,,0,,0,0,0,,,,,0,,,,0,0,0,,,,,,,,,,,,,,,,,,,,,,,,,,,,,,,,,,,,,,,,,,,,,,,,,,,,,,,,,,,,,,,,,,,,,,,,,,,,,,,,,,,,,,,,,,,,
375,5000003996,2017,1,1,0,0,0,333,,HEXNT,MI00,RM00,,,,,,,,,0,0,,H,USD,2493.39,0,2493.39,,,,2146,LB,2146,LB,2146,LB,,,,,0,,,0,X,,,,,,NA00,,,,,,,,,,,,2017,,,US00,,0,,0,0,0,,0,2,,,,,,,,,B,,,,0,,,,,0,0,0,,,,,0,,0,0,0,,,,,0,,,,0,0,0,,,,,,,,,,,,,,,,,,,,,,,,,,,,,,,,,,,,,,,,,,,,,,,,,,,,,,,,,,,,,,,,,,,,,,,,,,,,,,,,,,,,,,,,,,,,
375,5000003997,2017,1,1,0,0,0,333,,HEXNT,MI00,RM00,,,,,,,,,0,0,,H,USD,410.14,0,410.14,,,,353,LB,353,LB,353,LB,,,,,0,,,0,X,,,,,,NA00,,,,,,,,,,,,2017,,,US00,,0,,0,0,0,,0,2,,,,,,,,,B,,,,0,,,,,0,0,0,,,,,0,,0,0,0,,,,,0,,,,0,0,0,,,,,,,,,,,,,,,,,,,,,,,,,,,,,,,,,,,,,,,,,,,,,,,,,,,,,,,,,,,,,,,,,,,,,,,,,,,,,,,,,,,,,,,,,,,,
375,5000003998,2017,1,1,0,0,0,333,,ICAN HEADMASK,MI00,RM00,,,,,,,,,0,0,,H,USD,13840.83,0,13840.83,,,,8,EA,8,EA,8,EA,,,,,0,,,0,X,,,,,,NA00,,,,,,,,,,,,2017,,,US00,,0,,0,0,0,,0,2,,,,,,,,,B,,,,0,,,,,0,0,0,,,,,0,,0,0,0,,,,,0,,,,0,0,0,,,,,,,,,,,,,,,,,,,,,,,,,,,,,,,,,,,,,,,,,,,,,,,,,,,,,,,,,,,,,,,,,,,,,,,,,,,,,,,,,,,,,,,,,,,,
375,5000003999,2017,1,1,0,0,0,333,,ICAN HEADMASK,MI00,RM00,,,,,,,,,0,0,,H,USD,15570.93,0,15570.93,,,,9,EA,9,EA,9,EA,,,,,0,,,0,X,,,,,,NA00,,,,,,,,,,,,2017,,,US00,,0,,0,0,0,,0,2,,,,,,,,,B,,,,0,,,,,0,0,0,,,,,0,,0,0,0,,,,,0,,,,0,0,0,,,,,,,,,,,,,,,,,,,,,,,,,,,,,,,,,,,,,,,,,,,,,,,,,,,,,,,,,,,,,,,,,,,,,,,,,,,,,,,,,,,,,,,,,,,,
375,5000004000,2017,1,1,0,0,0,333,,ICAN HEADMASK,MI00,RM00,,,,,,,,,0,0,,H,USD,3460.21,0,3460.21,,,,2,EA,2,EA,2,EA,,,,,0,,,0,X,,,,,,NA00,,,,,,,,,,,,2017,,,US00,,0,,0,0,0,,0,2,,,,,,,,,B,,,,0,,,,,0,0,0,,,,,0,,0,0,0,,,,,0,,,,0,0,0,,,,,,,,,,,,,,,,,,,,,,,,,,,,,,,,,,,,,,,,,,,,,,,,,,,,,,,,,,,,,,,,,,,,,,,,,,,,,,,,,,,,,,,,,,,,
375,5000004001,2017,1,1,0,0,0,333,,ICAN HEADMASK,MI00,RM00,,,,,,,,,0,0,,H,USD,1730.10,0,1730.10,,,,1,EA,1,EA,1,EA,,,,,0,,,0,X,,,,,,NA00,,,,,,,,,,,,2017,,,US00,,0,,0,0,0,,0,2,,,,,,,,,B,,,,0,,,,,0,0,0,,,,,0,,0,0,0,,,,,0,,,,0,0,0,,,,,,,,,,,,,,,,,,,,,,,,,,,,,,,,,,,,,,,,,,,,,,,,,,,,,,,,,,,,,,,,,,,,,,,,,,,,,,,,,,,,,,,,,,,,
375,5000004002,2017,1,1,0,0,0,333,,ICAN HEADMASK,MI00,RM00,,,,,,,,,0,0,,H,USD,1730.10,0,1730.10,,,,1,EA,1,EA,1,EA,,,,,0,,,0,X,,,,,,NA00,,,,,,,,,,,,2017,,,US00,,0,,0,0,0,,0,2,,,,,,,,,B,,,,0,,,,,0,0,0,,,,,0,,0,0,0,,,,,0,,,,0,0,0,,,,,,,,,,,,,,,,,,,,,,,,,,,,,,,,,,,,,,,,,,,,,,,,,,,,,,,,,,,,,,,,,,,,,,,,,,,,,,,,,,,,,,,,,,,,
375,5000004003,2017,1,1,0,0,0,333,,ICAN HEADMASK,MI00,RM00,,,,,,,,,0,0,,H,USD,10380.62,0,10380.62,,,,6,EA,6,EA,6,EA,,,,,0,,,0,X,,,,,,NA00,,,,,,,,,,,,2017,,,US00,,0,,0,0,0,,0,2,,,,,,,,,B,,,,0,,,,,0,0,0,,,,,0,,0,0,0,,,,,0,,,,0,0,0,,,,,,,,,,,,,,,,,,,,,,,,,,,,,,,,,,,,,,,,,,,,,,,,,,,,,,,,,,,,,,,,,,,,,,,,,,,,,,,,,,,,,,,,,,,,
375,5000004004,2017,1,1,0,0,0,333,,IRON,MI00,RM00,,,,,,,,,0,0,,H,USD,100.39,0,100.39,,,,228,LB,228,LB,228,LB,,,,,0,,,0,X,,,,,,NA00,,,,,,,,,,,,2017,,,US00,,0,,0,0,0,,0,2,,,,,,,,,B,,,,0,,,,,0,0,0,,,,,0,,0,0,0,,,,,0,,,,0,0,0,,,,,,,,,,,,,,,,,,,,,,,,,,,,,,,,,,,,,,,,,,,,,,,,,,,,,,,,,,,,,,,,,,,,,,,,,,,,,,,,,,,,,,,,,,,,
375,5000004005,2017,1,1,0,0,0,333,,IRON,MI00,RM00,,,,,,,,,0,0,,H,USD,4.84,0,4.84,,,,11,LB,11,LB,11,LB,,,,,0,,,0,X,,,,,,NA00,,,,,,,,,,,,2017,,,US00,,0,,0,0,0,,0,2,,,,,,,,,B,,,,0,,,,,0,0,0,,,,,0,,0,0,0,,,,,0,,,,0,0,0,,,,,,,,,,,,,,,,,,,,,,,,,,,,,,,,,,,,,,,,,,,,,,,,,,,,,,,,,,,,,,,,,,,,,,,,,,,,,,,,,,,,,,,,,,,,
375,5000004006,2017,1,1,0,0,0,333,,IRON,MI00,RM00,,,,,,,,,0,0,,H,USD,42.71,0,42.71,,,,97,LB,97,LB,97,LB,,,,,0,,,0,X,,,,,,NA00,,,,,,,,,,,,2017,,,US00,,0,,0,0,0,,0,2,,,,,,,,,B,,,,0,,,,,0,0,0,,,,,0,,0,0,0,,,,,0,,,,0,0,0,,,,,,,,,,,,,,,,,,,,,,,,,,,,,,,,,,,,,,,,,,,,,,,,,,,,,,,,,,,,,,,,,,,,,,,,,,,,,,,,,,,,,,,,,,,,
375,5000004007,2017,1,1,0,0,0,333,,IRON,MI00,RM00,,,,,,,,,0,0,,H,USD,135.61,0,135.61,,,,308,LB,308,LB,308,LB,,,,,0,,,0,X,,,,,,NA00,,,,,,,,,,,,2017,,,US00,,0,,0,0,0,,0,2,,,,,,,,,B,,,,0,,,,,0,0,0,,,,,0,,0,0,0,,,,,0,,,,0,0,0,,,,,,,,,,,,,,,,,,,,,,,,,,,,,,,,,,,,,,,,,,,,,,,,,,,,,,,,,,,,,,,,,,,,,,,,,,,,,,,,,,,,,,,,,,,,
375,5000004008,2017,1,1,0,0,0,333,,KRYPTONITE,MI00,RM00,,,,,,,,,0,0,,H,USD,760.83,0,760.83,,,,33,LB,33,LB,33,LB,,,,,0,,,0,X,,,,,,NA00,,,,,,,,,,,,2017,,,US00,,0,,0,0,0,,0,2,,,,,,,,,B,,,,0,,,,,0,0,0,,,,,0,,0,0,0,,,,,0,,,,0,0,0,,,,,,,,,,,,,,,,,,,,,,,,,,,,,,,,,,,,,,,,,,,,,,,,,,,,,,,,,,,,,,,,,,,,,,,,,,,,,,,,,,,,,,,,,,,,
375,5000004009,2017,1,1,0,0,0,333,,KRYPTONITE,MI00,RM00,,,,,,,,,0,0,,H,USD,309934.87,0,309934.87,,,,3443,LB,3443,LB,3443,LB,,,,,0,,,0,X,,,,,,NA00,,,,,,,,,,,,2017,,,US00,,0,,0,0,0,,0,2,,,,,,,,,B,,,,0,,,,,0,0,0,,,,,0,,0,0,0,,,,,0,,,,0,0,0,,,,,,,,,,,,,,,,,,,,,,,,,,,,,,,,,,,,,,,,,,,,,,,,,,,,,,,,,,,,,,,,,,,,,,,,,,,,,,,,,,,,,,,,,,,,
375,5000004010,2017,1,1,0,0,0,333,,KRYPTONITE,MI00,RM00,,,,,,,,,0,0,,H,USD,73016.72,0,73016.72,,,,3167,LB,3167,LB,3167,LB,,,,,0,,,0,X,,,,,,NA00,,,,,,,,,,,,2017,,,US00,,0,,0,0,0,,0,2,,,,,,,,,B,,,,0,,,,,0,0,0,,,,,0,,0,0,0,,,,,0,,,,0,0,0,,,,,,,,,,,,,,,,,,,,,,,,,,,,,,,,,,,,,,,,,,,,,,,,,,,,,,,,,,,,,,,,,,,,,,,,,,,,,,,,,,,,,,,,,,,,
375,5000004011,2017,1,1,0,0,0,333,,KRYPTONITE,MI00,RM00,,,,,,,,,0,0,,H,USD,70457.56,0,70457.56,,,,3056,LB,3056,LB,3056,LB,,,,,0,,,0,X,,,,,,NA00,,,,,,,,,,,,2017,,,US00,,0,,0,0,0,,0,2,,,,,,,,,B,,,,0,,,,,0,0,0,,,,,0,,0,0,0,,,,,0,,,,0,0,0,,,,,,,,,,,,,,,,,,,,,,,,,,,,,,,,,,,,,,,,,,,,,,,,,,,,,,,,,,,,,,,,,,,,,,,,,,,,,,,,,,,,,,,,,,,,
375,5000004012,2017,1,1,0,0,0,333,,MAGICDUST,MI00,RM00,,,,,,,,,0,0,,H,USD,7519.68,0,7519.68,,,,503,LB,503,LB,503,LB,,,,,0,,,0,X,,,,,,NA00,,,,,,,,,,,,2017,,,US00,,0,,0,0,0,,0,2,,,,,,,,,B,,,,0,,,,,0,0,0,,,,,0,,0,0,0,,,,,0,,,,0,0,0,,,,,,,,,,,,,,,,,,,,,,,,,,,,,,,,,,,,,,,,,,,,,,,,,,,,,,,,,,,,,,,,,,,,,,,,,,,,,,,,,,,,,,,,,,,,
375,5000004013,2017,1,1,0,0,0,333,,MAGICDUST,MI00,RM00,,,,,,,,,0,0,,H,USD,822.23,0,822.23,,,,55,LB,55,LB,55,LB,,,,,0,,,0,X,,,,,,NA00,,,,,,,,,,,,2017,,,US00,,0,,0,0,0,,0,2,,,,,,,,,B,,,,0,,,,,0,0,0,,,,,0,,0,0,0,,,,,0,,,,0,0,0,,,,,,,,,,,,,,,,,,,,,,,,,,,,,,,,,,,,,,,,,,,,,,,,,,,,,,,,,,,,,,,,,,,,,,,,,,,,,,,,,,,,,,,,,,,,
375,5000004014,2017,1,1,0,0,0,333,,MAGICDUST,MI00,RM00,,,,,,,,,0,0,,H,USD,1958.41,0,1958.41,,,,131,LB,131,LB,131,LB,,,,,0,,,0,X,,,,,,NA00,,,,,,,,,,,,2017,,,US00,,0,,0,0,0,,0,2,,,,,,,,,B,,,,0,,,,,0,0,0,,,,,0,,0,0,0,,,,,0,,,,0,0,0,,,,,,,,,,,,,,,,,,,,,,,,,,,,,,,,,,,,,,,,,,,,,,,,,,,,,,,,,,,,,,,,,,,,,,,,,,,,,,,,,,,,,,,,,,,,
375,5000004015,2017,1,1,0,0,0,333,,MAGICDUST,MI00,RM00,,,,,,,,,0,0,,H,USD,1375.37,0,1375.37,,,,92,LB,92,LB,92,LB,,,,,0,,,0,X,,,,,,NA00,,,,,,,,,,,,2017,,,US00,,0,,0,0,0,,0,2,,,,,,,,,B,,,,0,,,,,0,0,0,,,,,0,,0,0,0,,,,,0,,,,0,0,0,,,,,,,,,,,,,,,,,,,,,,,,,,,,,,,,,,,,,,,,,,,,,,,,,,,,,,,,,,,,,,,,,,,,,,,,,,,,,,,,,,,,,,,,,,,,
375,5000004016,2017,1,1,0,0,0,333,,ORANGE,MI00,RM00,,,,,,,,,0,0,,H,USD,4006.05,0,4006.05,,,,15,TO,15,TO,15,TO,,,,,0,,,0,X,,,,,,NA00,,,,,,,,,,,,2017,,,US00,,0,,0,0,0,,0,2,,,,,,,,,B,,,,0,,,,,0,0,0,,,,,0,,0,0,0,,,,,0,,,,0,0,0,,,,,,,,,,,,,,,,,,,,,,,,,,,,,,,,,,,,,,,,,,,,,,,,,,,,,,,,,,,,,,,,,,,,,,,,,,,,,,,,,,,,,,,,,,,,
375,5000004017,2017,1,1,0,0,0,333,,ORANGE,MI00,RM00,,,,,,,,,0,0,,H,USD,9614.53,0,9614.53,,,,36,TO,36,TO,36,TO,,,,,0,,,0,X,,,,,,NA00,,,,,,,,,,,,2017,,,US00,,0,,0,0,0,,0,2,,,,,,,,,B,,,,0,,,,,0,0,0,,,,,0,,0,0,0,,,,,0,,,,0,0,0,,,,,,,,,,,,,,,,,,,,,,,,,,,,,,,,,,,,,,,,,,,,,,,,,,,,,,,,,,,,,,,,,,,,,,,,,,,,,,,,,,,,,,,,,,,,
375,5000004018,2017,1,1,0,0,0,333,,ORANGE,MI00,RM00,,,,,,,,,0,0,,H,USD,1068.28,0,1068.28,,,,4,TO,4,TO,4,TO,,,,,0,,,0,X,,,,,,NA00,,,,,,,,,,,,2017,,,US00,,0,,0,0,0,,0,2,,,,,,,,,B,,,,0,,,,,0,0,0,,,,,0,,0,0,0,,,,,0,,,,0,0,0,,,,,,,,,,,,,,,,,,,,,,,,,,,,,,,,,,,,,,,,,,,,,,,,,,,,,,,,,,,,,,,,,,,,,,,,,,,,,,,,,,,,,,,,,,,,
375,5000004019,2017,1,1,0,0,0,333,,ORANGE,MI00,RM00,,,,,,,,,0,0,,H,USD,4807.26,0,4807.26,,,,18,TO,18,TO,18,TO,,,,,0,,,0,X,,,,,,NA00,,,,,,,,,,,,2017,,,US00,,0,,0,0,0,,0,2,,,,,,,,,B,,,,0,,,,,0,0,0,,,,,0,,0,0,0,,,,,0,,,,0,0,0,,,,,,,,,,,,,,,,,,,,,,,,,,,,,,,,,,,,,,,,,,,,,,,,,,,,,,,,,,,,,,,,,,,,,,,,,,,,,,,,,,,,,,,,,,,,
375,5000004020,2017,1,1,0,0,0,333,,ORANGE,MI00,RM00,,,,,,,,,0,0,,H,USD,22433.90,0,22433.90,,,,84,TO,84,TO,84,TO,,,,,0,,,0,X,,,,,,NA00,,,,,,,,,,,,2017,,,US00,,0,,0,0,0,,0,2,,,,,,,,,B,,,,0,,,,,0,0,0,,,,,0,,0,0,0,,,,,0,,,,0,0,0,,,,,,,,,,,,,,,,,,,,,,,,,,,,,,,,,,,,,,,,,,,,,,,,,,,,,,,,,,,,,,,,,,,,,,,,,,,,,,,,,,,,,,,,,,,,
375,5000004021,2017,1,1,0,0,0,333,,ORANGE,MI00,RM00,,,,,,,,,0,0,,H,USD,26974.09,0,26974.09,,,,101,TO,101,TO,101,TO,,,,,0,,,0,X,,,,,,NA00,,,,,,,,,,,,2017,,,US00,,0,,0,0,0,,0,2,,,,,,,,,B,,,,0,,,,,0,0,0,,,,,0,,0,0,0,,,,,0,,,,0,0,0,,,,,,,,,,,,,,,,,,,,,,,,,,,,,,,,,,,,,,,,,,,,,,,,,,,,,,,,,,,,,,,,,,,,,,,,,,,,,,,,,,,,,,,,,,,,
375,5000004022,2017,1,1,0,0,0,333,,ORANGE,MI00,RM00,,,,,,,,,0,0,,H,USD,6676.76,0,6676.76,,,,25,TO,25,TO,25,TO,,,,,0,,,0,X,,,,,,NA00,,,,,,,,,,,,2017,,,US00,,0,,0,0,0,,0,2,,,,,,,,,B,,,,0,,,,,0,0,0,,,,,0,,0,0,0,,,,,0,,,,0,0,0,,,,,,,,,,,,,,,,,,,,,,,,,,,,,,,,,,,,,,,,,,,,,,,,,,,,,,,,,,,,,,,,,,,,,,,,,,,,,,,,,,,,,,,,,,,,
375,5000004023,2017,1,1,0,0,0,333,,ORANGE,MI00,RM00,,,,,,,,,0,0,,H,USD,57420.10,0,57420.10,,,,215,TO,215,TO,215,TO,,,,,0,,,0,X,,,,,,NA00,,,,,,,,,,,,2017,,,US00,,0,,0,0,0,,0,2,,,,,,,,,B,,,,0,,,,,0,0,0,,,,,0,,0,0,0,,,,,0,,,,0,0,0,,,,,,,,,,,,,,,,,,,,,,,,,,,,,,,,,,,,,,,,,,,,,,,,,,,,,,,,,,,,,,,,,,,,,,,,,,,,,,,,,,,,,,,,,,,,
375,5000004024,2017,1,1,0,0,0,333,,PALLADIUM,MI00,RM00,,,,,,,,,0,0,,H,USD,8.62,0,8.62,,,,2,G,2,G,2,G,,,,,0,,,0,X,,,,,,NA00,,,,,,,,,,,,2017,,,US00,,0,,0,0,0,,0,2,,,,,,,,,B,,,,0,,,,,0,0,0,,,,,0,,0,0,0,,,,,0,,,,0,0,0,,,,,,,,,,,,,,,,,,,,,,,,,,,,,,,,,,,,,,,,,,,,,,,,,,,,,,,,,,,,,,,,,,,,,,,,,,,,,,,,,,,,,,,,,,,,
375,5000004025,2017,1,1,0,0,0,333,,PALLADIUM,MI00,RM00,,,,,,,,,0,0,,H,USD,60.34,0,60.34,,,,14,G,14,G,14,G,,,,,0,,,0,X,,,,,,NA00,,,,,,,,,,,,2017,,,US00,,0,,0,0,0,,0,2,,,,,,,,,B,,,,0,,,,,0,0,0,,,,,0,,0,0,0,,,,,0,,,,0,0,0,,,,,,,,,,,,,,,,,,,,,,,,,,,,,,,,,,,,,,,,,,,,,,,,,,,,,,,,,,,,,,,,,,,,,,,,,,,,,,,,,,,,,,,,,,,,
375,5000004026,2017,1,1,0,0,0,333,,PALLADIUM,MI00,RM00,,,,,,,,,0,0,,H,USD,34.48,0,34.48,,,,8,G,8,G,8,G,,,,,0,,,0,X,,,,,,NA00,,,,,,,,,,,,2017,,,US00,,0,,0,0,0,,0,2,,,,,,,,,B,,,,0,,,,,0,0,0,,,,,0,,0,0,0,,,,,0,,,,0,0,0,,,,,,,,,,,,,,,,,,,,,,,,,,,,,,,,,,,,,,,,,,,,,,,,,,,,,,,,,,,,,,,,,,,,,,,,,,,,,,,,,,,,,,,,,,,,
375,5000004027,2017,1,1,0,0,0,333,,PALLADIUM,MI00,RM00,,,,,,,,,0,0,,H,USD,30.17,0,30.17,,,,7,G,7,G,7,G,,,,,0,,,0,X,,,,,,NA00,,,,,,,,,,,,2017,,,US00,,0,,0,0,0,,0,2,,,,,,,,,B,,,,0,,,,,0,0,0,,,,,0,,0,0,0,,,,,0,,,,0,0,0,,,,,,,,,,,,,,,,,,,,,,,,,,,,,,,,,,,,,,,,,,,,,,,,,,,,,,,,,,,,,,,,,,,,,,,,,,,,,,,,,,,,,,,,,,,,
375,5000004028,2017,1,1,0,0,0,333,,PALLADIUM,MI00,RM00,,,,,,,,,0,0,,H,USD,34.48,0,34.48,,,,8,G,8,G,8,G,,,,,0,,,0,X,,,,,,NA00,,,,,,,,,,,,2017,,,US00,,0,,0,0,0,,0,2,,,,,,,,,B,,,,0,,,,,0,0,0,,,,,0,,0,0,0,,,,,0,,,,0,0,0,,,,,,,,,,,,,,,,,,,,,,,,,,,,,,,,,,,,,,,,,,,,,,,,,,,,,,,,,,,,,,,,,,,,,,,,,,,,,,,,,,,,,,,,,,,,
375,5000004029,2017,1,1,0,0,0,333,,PALLADIUM,MI00,RM00,,,,,,,,,0,0,,H,USD,4.31,0,4.31,,,,1,G,1,G,1,G,,,,,0,,,0,X,,,,,,NA00,,,,,,,,,,,,2017,,,US00,,0,,0,0,0,,0,2,,,,,,,,,B,,,,0,,,,,0,0,0,,,,,0,,0,0,0,,,,,0,,,,0,0,0,,,,,,,,,,,,,,,,,,,,,,,,,,,,,,,,,,,,,,,,,,,,,,,,,,,,,,,,,,,,,,,,,,,,,,,,,,,,,,,,,,,,,,,,,,,,
375,5000004030,2017,1,1,0,0,0,333,,PALLADIUM,MI00,RM00,,,,,,,,,0,0,,H,USD,21.55,0,21.55,,,,5,G,5,G,5,G,,,,,0,,,0,X,,,,,,NA00,,,,,,,,,,,,2017,,,US00,,0,,0,0,0,,0,2,,,,,,,,,B,,,,0,,,,,0,0,0,,,,,0,,0,0,0,,,,,0,,,,0,0,0,,,,,,,,,,,,,,,,,,,,,,,,,,,,,,,,,,,,,,,,,,,,,,,,,,,,,,,,,,,,,,,,,,,,,,,,,,,,,,,,,,,,,,,,,,,,
375,5000004031,2017,1,1,0,0,0,333,,PALLADIUM,MI00,RM00,,,,,,,,,0,0,,H,USD,38.79,0,38.79,,,,9,G,9,G,9,G,,,,,0,,,0,X,,,,,,NA00,,,,,,,,,,,,2017,,,US00,,0,,0,0,0,,0,2,,,,,,,,,B,,,,0,,,,,0,0,0,,,,,0,,0,0,0,,,,,0,,,,0,0,0,,,,,,,,,,,,,,,,,,,,,,,,,,,,,,,,,,,,,,,,,,,,,,,,,,,,,,,,,,,,,,,,,,,,,,,,,,,,,,,,,,,,,,,,,,,,
375,5000004032,2017,1,1,0,0,0,333,,PAPER,MI00,RM00,,,,,,,,,0,0,,H,USD,0.03,0,0.03,,,,10,LB,10,LB,10,LB,,,,,0,,,0,X,,,,,,NA00,,,,,,,,,,,,2017,,,US00,,0,,0,0,0,,0,2,,,,,,,,,B,,,,0,,,,,0,0,0,,,,,0,,0,0,0,,,,,0,,,,0,0,0,,,,,,,,,,,,,,,,,,,,,,,,,,,,,,,,,,,,,,,,,,,,,,,,,,,,,,,,,,,,,,,,,,,,,,,,,,,,,,,,,,,,,,,,,,,,
375,5000004033,2017,1,1,0,0,0,333,,PAPER,MI00,RM00,,,,,,,,,0,0,,H,USD,0.16,0,0.16,,,,56,LB,56,LB,56,LB,,,,,0,,,0,X,,,,,,NA00,,,,,,,,,,,,2017,,,US00,,0,,0,0,0,,0,2,,,,,,,,,B,,,,0,,,,,0,0,0,,,,,0,,0,0,0,,,,,0,,,,0,0,0,,,,,,,,,,,,,,,,,,,,,,,,,,,,,,,,,,,,,,,,,,,,,,,,,,,,,,,,,,,,,,,,,,,,,,,,,,,,,,,,,,,,,,,,,,,,
375,5000004034,2017,1,1,0,0,0,333,,PAPER,MI00,RM00,,,,,,,,,0,0,,H,USD,0.09,0,0.09,,,,34,LB,34,LB,34,LB,,,,,0,,,0,X,,,,,,NA00,,,,,,,,,,,,2017,,,US00,,0,,0,0,0,,0,2,,,,,,,,,B,,,,0,,,,,0,0,0,,,,,0,,0,0,0,,,,,0,,,,0,0,0,,,,,,,,,,,,,,,,,,,,,,,,,,,,,,,,,,,,,,,,,,,,,,,,,,,,,,,,,,,,,,,,,,,,,,,,,,,,,,,,,,,,,,,,,,,,
375,5000004035,2017,1,1,0,0,0,333,,PAPER,MI00,RM00,,,,,,,,,0,0,,H,USD,0.11,0,0.11,,,,38,LB,38,LB,38,LB,,,,,0,,,0,X,,,,,,NA00,,,,,,,,,,,,2017,,,US00,,0,,0,0,0,,0,2,,,,,,,,,B,,,,0,,,,,0,0,0,,,,,0,,0,0,0,,,,,0,,,,0,0,0,,,,,,,,,,,,,,,,,,,,,,,,,,,,,,,,,,,,,,,,,,,,,,,,,,,,,,,,,,,,,,,,,,,,,,,,,,,,,,,,,,,,,,,,,,,,
375,5000004036,2017,1,1,0,0,0,333,,PAPER,MI00,RM00,,,,,,,,,0,0,,H,USD,0.01,0,0.01,,,,5,LB,5,LB,5,LB,,,,,0,,,0,X,,,,,,NA00,,,,,,,,,,,,2017,,,US00,,0,,0,0,0,,0,2,,,,,,,,,B,,,,0,,,,,0,0,0,,,,,0,,0,0,0,,,,,0,,,,0,0,0,,,,,,,,,,,,,,,,,,,,,,,,,,,,,,,,,,,,,,,,,,,,,,,,,,,,,,,,,,,,,,,,,,,,,,,,,,,,,,,,,,,,,,,,,,,,
375,5000004037,2017,1,1,0,0,0,333,,PAPER,MI00,RM00,,,,,,,,,0,0,,H,USD,0.00,0,0.00,,,,1,LB,1,LB,1,LB,,,,,0,,,0,X,,,,,,NA00,,,,,,,,,,,,2017,,,US00,,0,,0,0,0,,0,2,,,,,,,,,B,,,,0,,,,,0,0,0,,,,,0,,0,0,0,,,,,0,,,,0,0,0,,,,,,,,,,,,,,,,,,,,,,,,,,,,,,,,,,,,,,,,,,,,,,,,,,,,,,,,,,,,,,,,,,,,,,,,,,,,,,,,,,,,,,,,,,,,
375,5000004038,2017,1,1,0,0,0,333,,PAPER,MI00,RM00,,,,,,,,,0,0,,H,USD,0.04,0,0.04,,,,16,LB,16,LB,16,LB,,,,,0,,,0,X,,,,,,NA00,,,,,,,,,,,,2017,,,US00,,0,,0,0,0,,0,2,,,,,,,,,B,,,,0,,,,,0,0,0,,,,,0,,0,0,0,,,,,0,,,,0,0,0,,,,,,,,,,,,,,,,,,,,,,,,,,,,,,,,,,,,,,,,,,,,,,,,,,,,,,,,,,,,,,,,,,,,,,,,,,,,,,,,,,,,,,,,,,,,
375,5000004039,2017,1,1,0,0,0,333,,ROMANIAN RUBY,MI00,RM00,,,,,,,,,0,0,,H,USD,22207.88,0,22207.88,,,,4,G,4,G,4,G,,,,,0,,,0,X,,,,,,NA00,,,,,,,,,,,,2017,,,US00,,0,,0,0,0,,0,2,,,,,,,,,B,,,,0,,,,,0,0,0,,,,,0,,0,0,0,,,,,0,,,,0,0,0,,,,,,,,,,,,,,,,,,,,,,,,,,,,,,,,,,,,,,,,,,,,,,,,,,,,,,,,,,,,,,,,,,,,,,,,,,,,,,,,,,,,,,,,,,,,
375,5000004040,2017,1,1,0,0,0,333,,ROMANIAN RUBY,MI00,RM00,,,,,,,,,0,0,,H,USD,66623.63,0,66623.63,,,,12,G,12,G,12,G,,,,,0,,,0,X,,,,,,NA00,,,,,,,,,,,,2017,,,US00,,0,,0,0,0,,0,2,,,,,,,,,B,,,,0,,,,,0,0,0,,,,,0,,0,0,0,,,,,0,,,,0,0,0,,,,,,,,,,,,,,,,,,,,,,,,,,,,,,,,,,,,,,,,,,,,,,,,,,,,,,,,,,,,,,,,,,,,,,,,,,,,,,,,,,,,,,,,,,,,
375,5000004041,2017,1,1,0,0,0,333,,ROMANIAN RUBY,MI00,RM00,,,,,,,,,0,0,,H,USD,38863.78,0,38863.78,,,,7,G,7,G,7,G,,,,,0,,,0,X,,,,,,NA00,,,,,,,,,,,,2017,,,US00,,0,,0,0,0,,0,2,,,,,,,,,B,,,,0,,,,,0,0,0,,,,,0,,0,0,0,,,,,0,,,,0,0,0,,,,,,,,,,,,,,,,,,,,,,,,,,,,,,,,,,,,,,,,,,,,,,,,,,,,,,,,,,,,,,,,,,,,,,,,,,,,,,,,,,,,,,,,,,,,
375,5000004042,2017,1,1,0,0,0,333,,ROMANIAN RUBY,MI00,RM00,,,,,,,,,0,0,,H,USD,122143.32,0,122143.32,,,,22,G,22,G,22,G,,,,,0,,,0,X,,,,,,NA00,,,,,,,,,,,,2017,,,US00,,0,,0,0,0,,0,2,,,,,,,,,B,,,,0,,,,,0,0,0,,,,,0,,0,0,0,,,,,0,,,,0,0,0,,,,,,,,,,,,,,,,,,,,,,,,,,,,,,,,,,,,,,,,,,,,,,,,,,,,,,,,,,,,,,,,,,,,,,,,,,,,,,,,,,,,,,,,,,,,
375,5000004043,2017,1,1,0,0,0,333,,ROMANIAN RUBY,MI00,RM00,,,,,,,,,0,0,,H,USD,88831.51,0,88831.51,,,,16,G,16,G,16,G,,,,,0,,,0,X,,,,,,NA00,,,,,,,,,,,,2017,,,US00,,0,,0,0,0,,0,2,,,,,,,,,B,,,,0,,,,,0,0,0,,,,,0,,0,0,0,,,,,0,,,,0,0,0,,,,,,,,,,,,,,,,,,,,,,,,,,,,,,,,,,,,,,,,,,,,,,,,,,,,,,,,,,,,,,,,,,,,,,,,,,,,,,,,,,,,,,,,,,,,
375,5000004044,2017,1,1,0,0,0,333,,ROMANIAN RUBY,MI00,RM00,,,,,,,,,0,0,,H,USD,11103.94,0,11103.94,,,,2,G,2,G,2,G,,,,,0,,,0,X,,,,,,NA00,,,,,,,,,,,,2017,,,US00,,0,,0,0,0,,0,2,,,,,,,,,B,,,,0,,,,,0,0,0,,,,,0,,0,0,0,,,,,0,,,,0,0,0,,,,,,,,,,,,,,,,,,,,,,,,,,,,,,,,,,,,,,,,,,,,,,,,,,,,,,,,,,,,,,,,,,,,,,,,,,,,,,,,,,,,,,,,,,,,
375,5000004045,2017,1,1,0,0,0,333,,ROSE ESSENTIAL OIL,MI00,RM00,,,,,,,,,0,0,,H,USD,244.62,0,244.62,,,,72,L,72,L,72,L,,,,,0,,,0,X,,,,,,NA00,,,,,,,,,,,,2017,,,US00,,0,,0,0,0,,0,2,,,,,,,,,B,,,,0,,,,,0,0,0,,,,,0,,0,0,0,,,,,0,,,,0,0,0,,,,,,,,,,,,,,,,,,,,,,,,,,,,,,,,,,,,,,,,,,,,,,,,,,,,,,,,,,,,,,,,,,,,,,,,,,,,,,,,,,,,,,,,,,,,
375,5000004046,2017,1,1,0,0,0,333,,ROSE ESSENTIAL OIL,MI00,RM00,,,,,,,,,0,0,,H,USD,50.96,0,50.96,,,,15,L,15,L,15,L,,,,,0,,,0,X,,,,,,NA00,,,,,,,,,,,,2017,,,US00,,0,,0,0,0,,0,2,,,,,,,,,B,,,,0,,,,,0,0,0,,,,,0,,0,0,0,,,,,0,,,,0,0,0,,,,,,,,,,,,,,,,,,,,,,,,,,,,,,,,,,,,,,,,,,,,,,,,,,,,,,,,,,,,,,,,,,,,,,,,,,,,,,,,,,,,,,,,,,,,
375,5000004047,2017,1,1,0,0,0,333,,ROSE ESSENTIAL OIL,MI00,RM00,,,,,,,,,0,0,,H,USD,322.76,0,322.76,,,,95,L,95,L,95,L,,,,,0,,,0,X,,,,,,NA00,,,,,,,,,,,,2017,,,US00,,0,,0,0,0,,0,2,,,,,,,,,B,,,,0,,,,,0,0,0,,,,,0,,0,0,0,,,,,0,,,,0,0,0,,,,,,,,,,,,,,,,,,,,,,,,,,,,,,,,,,,,,,,,,,,,,,,,,,,,,,,,,,,,,,,,,,,,,,,,,,,,,,,,,,,,,,,,,,,,
375,5000004048,2017,1,1,0,0,0,333,,RUBY,MI00,RM00,,,,,,,,,0,0,,H,USD,1278.69,0,1278.69,,,,26,G,26,G,26,G,,,,,0,,,0,X,,,,,,NA00,,,,,,,,,,,,2017,,,US00,,0,,0,0,0,,0,2,,,,,,,,,B,,,,0,,,,,0,0,0,,,,,0,,0,0,0,,,,,0,,,,0,0,0,,,,,,,,,,,,,,,,,,,,,,,,,,,,,,,,,,,,,,,,,,,,,,,,,,,,,,,,,,,,,,,,,,,,,,,,,,,,,,,,,,,,,,,,,,,,
375,5000004049,2017,1,1,0,0,0,333,,RUBY,MI00,RM00,,,,,,,,,0,0,,H,USD,98.36,0,98.36,,,,2,G,2,G,2,G,,,,,0,,,0,X,,,,,,NA00,,,,,,,,,,,,2017,,,US00,,0,,0,0,0,,0,2,,,,,,,,,B,,,,0,,,,,0,0,0,,,,,0,,0,0,0,,,,,0,,,,0,0,0,,,,,,,,,,,,,,,,,,,,,,,,,,,,,,,,,,,,,,,,,,,,,,,,,,,,,,,,,,,,,,,,,,,,,,,,,,,,,,,,,,,,,,,,,,,,
375,5000004050,2017,1,1,0,0,0,333,,RUBY,MI00,RM00,,,,,,,,,0,0,,H,USD,639.34,0,639.34,,,,13,G,13,G,13,G,,,,,0,,,0,X,,,,,,NA00,,,,,,,,,,,,2017,,,US00,,0,,0,0,0,,0,2,,,,,,,,,B,,,,0,,,,,0,0,0,,,,,0,,0,0,0,,,,,0,,,,0,0,0,,,,,,,,,,,,,,,,,,,,,,,,,,,,,,,,,,,,,,,,,,,,,,,,,,,,,,,,,,,,,,,,,,,,,,,,,,,,,,,,,,,,,,,,,,,,
375,5000004051,2017,1,1,0,0,0,333,,RUSSIAN RUBY,MI00,RM00,,,,,,,,,0,0,,H,USD,12149.30,0,12149.30,,,,3,G,3,G,3,G,,,,,0,,,0,X,,,,,,NA00,,,,,,,,,,,,2017,,,US00,,0,,0,0,0,,0,2,,,,,,,,,B,,,,0,,,,,0,0,0,,,,,0,,0,0,0,,,,,0,,,,0,0,0,,,,,,,,,,,,,,,,,,,,,,,,,,,,,,,,,,,,,,,,,,,,,,,,,,,,,,,,,,,,,,,,,,,,,,,,,,,,,,,,,,,,,,,,,,,,
375,5000004052,2017,1,1,0,0,0,333,,RUSSIAN RUBY,MI00,RM00,,,,,,,,,0,0,,H,USD,4049.77,0,4049.77,,,,1,G,1,G,1,G,,,,,0,,,0,X,,,,,,NA00,,,,,,,,,,,,2017,,,US00,,0,,0,0,0,,0,2,,,,,,,,,B,,,,0,,,,,0,0,0,,,,,0,,0,0,0,,,,,0,,,,0,0,0,,,,,,,,,,,,,,,,,,,,,,,,,,,,,,,,,,,,,,,,,,,,,,,,,,,,,,,,,,,,,,,,,,,,,,,,,,,,,,,,,,,,,,,,,,,,
375,5000004053,2017,1,1,0,0,0,333,,RUSSIAN RUBY,MI00,RM00,,,,,,,,,0,0,,H,USD,36447.91,0,36447.91,,,,9,G,9,G,9,G,,,,,0,,,0,X,,,,,,NA00,,,,,,,,,,,,2017,,,US00,,0,,0,0,0,,0,2,,,,,,,,,B,,,,0,,,,,0,0,0,,,,,0,,0,0,0,,,,,0,,,,0,0,0,,,,,,,,,,,,,,,,,,,,,,,,,,,,,,,,,,,,,,,,,,,,,,,,,,,,,,,,,,,,,,,,,,,,,,,,,,,,,,,,,,,,,,,,,,,,
375,5000004054,2017,1,1,0,0,0,333,,RUSSIAN RUBY,MI00,RM00,,,,,,,,,0,0,,H,USD,40497.67,0,40497.67,,,,10,G,10,G,10,G,,,,,0,,,0,X,,,,,,NA00,,,,,,,,,,,,2017,,,US00,,0,,0,0,0,,0,2,,,,,,,,,B,,,,0,,,,,0,0,0,,,,,0,,0,0,0,,,,,0,,,,0,0,0,,,,,,,,,,,,,,,,,,,,,,,,,,,,,,,,,,,,,,,,,,,,,,,,,,,,,,,,,,,,,,,,,,,,,,,,,,,,,,,,,,,,,,,,,,,,
375,5000004055,2017,1,1,0,0,0,333,,RUSSIAN RUBY,MI00,RM00,,,,,,,,,0,0,,H,USD,8099.53,0,8099.53,,,,2,G,2,G,2,G,,,,,0,,,0,X,,,,,,NA00,,,,,,,,,,,,2017,,,US00,,0,,0,0,0,,0,2,,,,,,,,,B,,,,0,,,,,0,0,0,,,,,0,,0,0,0,,,,,0,,,,0,0,0,,,,,,,,,,,,,,,,,,,,,,,,,,,,,,,,,,,,,,,,,,,,,,,,,,,,,,,,,,,,,,,,,,,,,,,,,,,,,,,,,,,,,,,,,,,,
375,5000004056,2017,1,1,0,0,0,333,,RUSSIAN RUBY,MI00,RM00,,,,,,,,,0,0,,H,USD,60746.51,0,60746.51,,,,15,G,15,G,15,G,,,,,0,,,0,X,,,,,,NA00,,,,,,,,,,,,2017,,,US00,,0,,0,0,0,,0,2,,,,,,,,,B,,,,0,,,,,0,0,0,,,,,0,,0,0,0,,,,,0,,,,0,0,0,,,,,,,,,,,,,,,,,,,,,,,,,,,,,,,,,,,,,,,,,,,,,,,,,,,,,,,,,,,,,,,,,,,,,,,,,,,,,,,,,,,,,,,,,,,,
375,5000004057,2017,1,1,0,0,0,333,,RUSSIAN RUBY,MI00,RM00,,,,,,,,,0,0,,H,USD,16199.07,0,16199.07,,,,4,G,4,G,4,G,,,,,0,,,0,X,,,,,,NA00,,,,,,,,,,,,2017,,,US00,,0,,0,0,0,,0,2,,,,,,,,,B,,,,0,,,,,0,0,0,,,,,0,,0,0,0,,,,,0,,,,0,0,0,,,,,,,,,,,,,,,,,,,,,,,,,,,,,,,,,,,,,,,,,,,,,,,,,,,,,,,,,,,,,,,,,,,,,,,,,,,,,,,,,,,,,,,,,,,,
375,5000004058,2017,1,1,0,0,0,333,,SA SAPPHIRE,MI00,RM00,,,,,,,,,0,0,,H,USD,12663.31,0,12663.31,,,,3,G,3,G,3,G,,,,,0,,,0,X,,,,,,NA00,,,,,,,,,,,,2017,,,US00,,0,,0,0,0,,0,2,,,,,,,,,B,,,,0,,,,,0,0,0,,,,,0,,0,0,0,,,,,0,,,,0,0,0,,,,,,,,,,,,,,,,,,,,,,,,,,,,,,,,,,,,,,,,,,,,,,,,,,,,,,,,,,,,,,,,,,,,,,,,,,,,,,,,,,,,,,,,,,,,
375,5000004059,2017,1,1,0,0,0,333,,SA SAPPHIRE,MI00,RM00,,,,,,,,,0,0,,H,USD,8442.21,0,8442.21,,,,2,G,2,G,2,G,,,,,0,,,0,X,,,,,,NA00,,,,,,,,,,,,2017,,,US00,,0,,0,0,0,,0,2,,,,,,,,,B,,,,0,,,,,0,0,0,,,,,0,,0,0,0,,,,,0,,,,0,0,0,,,,,,,,,,,,,,,,,,,,,,,,,,,,,,,,,,,,,,,,,,,,,,,,,,,,,,,,,,,,,,,,,,,,,,,,,,,,,,,,,,,,,,,,,,,,
375,5000004060,2017,1,1,0,0,0,333,,SA SAPPHIRE,MI00,RM00,,,,,,,,,0,0,,H,USD,37989.93,0,37989.93,,,,9,G,9,G,9,G,,,,,0,,,0,X,,,,,,NA00,,,,,,,,,,,,2017,,,US00,,0,,0,0,0,,0,2,,,,,,,,,B,,,,0,,,,,0,0,0,,,,,0,,0,0,0,,,,,0,,,,0,0,0,,,,,,,,,,,,,,,,,,,,,,,,,,,,,,,,,,,,,,,,,,,,,,,,,,,,,,,,,,,,,,,,,,,,,,,,,,,,,,,,,,,,,,,,,,,,
375,5000004061,2017,1,1,0,0,0,333,,SA SAPPHIRE,MI00,RM00,,,,,,,,,0,0,,H,USD,80200.96,0,80200.96,,,,19,G,19,G,19,G,,,,,0,,,0,X,,,,,,NA00,,,,,,,,,,,,2017,,,US00,,0,,0,0,0,,0,2,,,,,,,,,B,,,,0,,,,,0,0,0,,,,,0,,0,0,0,,,,,0,,,,0,0,0,,,,,,,,,,,,,,,,,,,,,,,,,,,,,,,,,,,,,,,,,,,,,,,,,,,,,,,,,,,,,,,,,,,,,,,,,,,,,,,,,,,,,,,,,,,,
375,5000004062,2017,1,1,0,0,0,333,,SILVER,MI00,RM00,,,,,,,,,0,0,,H,USD,2139.58,0,2139.58,,,,210,LB,210,LB,210,LB,,,,,0,,,0,X,,,,,,NA00,,,,,,,,,,,,2017,,,US00,,0,,0,0,0,,0,2,,,,,,,,,B,,,,0,,,,,0,0,0,,,,,0,,0,0,0,,,,,0,,,,0,0,0,,,,,,,,,,,,,,,,,,,,,,,,,,,,,,,,,,,,,,,,,,,,,,,,,,,,,,,,,,,,,,,,,,,,,,,,,,,,,,,,,,,,,,,,,,,,
375,5000004063,2017,1,1,0,0,0,333,,SILVER,MI00,RM00,,,,,,,,,0,0,,H,USD,61.13,0,61.13,,,,6,LB,6,LB,6,LB,,,,,0,,,0,X,,,,,,NA00,,,,,,,,,,,,2017,,,US00,,0,,0,0,0,,0,2,,,,,,,,,B,,,,0,,,,,0,0,0,,,,,0,,0,0,0,,,,,0,,,,0,0,0,,,,,,,,,,,,,,,,,,,,,,,,,,,,,,,,,,,,,,,,,,,,,,,,,,,,,,,,,,,,,,,,,,,,,,,,,,,,,,,,,,,,,,,,,,,,
375,5000004064,2017,1,1,0,0,0,333,,SILVER,MI00,RM00,,,,,,,,,0,0,,H,USD,611.31,0,611.31,,,,60,LB,60,LB,60,LB,,,,,0,,,0,X,,,,,,NA00,,,,,,,,,,,,2017,,,US00,,0,,0,0,0,,0,2,,,,,,,,,B,,,,0,,,,,0,0,0,,,,,0,,0,0,0,,,,,0,,,,0,0,0,,,,,,,,,,,,,,,,,,,,,,,,,,,,,,,,,,,,,,,,,,,,,,,,,,,,,,,,,,,,,,,,,,,,,,,,,,,,,,,,,,,,,,,,,,,,
375,5000004065,2017,1,1,0,0,0,333,,SILVER,MI00,RM00,,,,,,,,,0,0,,H,USD,774.33,0,774.33,,,,76,LB,76,LB,76,LB,,,,,0,,,0,X,,,,,,NA00,,,,,,,,,,,,2017,,,US00,,0,,0,0,0,,0,2,,,,,,,,,B,,,,0,,,,,0,0,0,,,,,0,,0,0,0,,,,,0,,,,0,0,0,,,,,,,,,,,,,,,,,,,,,,,,,,,,,,,,,,,,,,,,,,,,,,,,,,,,,,,,,,,,,,,,,,,,,,,,,,,,,,,,,,,,,,,,,,,,
375,5000004066,2017,1,1,0,0,0,333,,SILVER,MI00,RM00,,,,,,,,,0,0,,H,USD,560.37,0,560.37,,,,55,LB,55,LB,55,LB,,,,,0,,,0,X,,,,,,NA00,,,,,,,,,,,,2017,,,US00,,0,,0,0,0,,0,2,,,,,,,,,B,,,,0,,,,,0,0,0,,,,,0,,0,0,0,,,,,0,,,,0,0,0,,,,,,,,,,,,,,,,,,,,,,,,,,,,,,,,,,,,,,,,,,,,,,,,,,,,,,,,,,,,,,,,,,,,,,,,,,,,,,,,,,,,,,,,,,,,
375,5000004067,2017,1,1,0,0,0,333,,SWISS SAPPHIRE,MI00,RM00,,,,,,,,,0,0,,H,USD,22831.05,0,22831.05,,,,1,G,1,G,1,G,,,,,0,,,0,X,,,,,,NA00,,,,,,,,,,,,2017,,,US00,,0,,0,0,0,,0,2,,,,,,,,,B,,,,0,,,,,0,0,0,,,,,0,,0,0,0,,,,,0,,,,0,0,0,,,,,,,,,,,,,,,,,,,,,,,,,,,,,,,,,,,,,,,,,,,,,,,,,,,,,,,,,,,,,,,,,,,,,,,,,,,,,,,,,,,,,,,,,,,,
375,5000004068,2017,1,1,0,0,0,333,,SWISS SAPPHIRE,MI00,RM00,,,,,,,,,0,0,,H,USD,22831.05,0,22831.05,,,,1,G,1,G,1,G,,,,,0,,,0,X,,,,,,NA00,,,,,,,,,,,,2017,,,US00,,0,,0,0,0,,0,2,,,,,,,,,B,,,,0,,,,,0,0,0,,,,,0,,0,0,0,,,,,0,,,,0,0,0,,,,,,,,,,,,,,,,,,,,,,,,,,,,,,,,,,,,,,,,,,,,,,,,,,,,,,,,,,,,,,,,,,,,,,,,,,,,,,,,,,,,,,,,,,,,
375,5000004069,2017,1,1,0,0,0,333,,SWISS SAPPHIRE,MI00,RM00,,,,,,,,,0,0,,H,USD,182648.40,0,182648.40,,,,8,G,8,G,8,G,,,,,0,,,0,X,,,,,,NA00,,,,,,,,,,,,2017,,,US00,,0,,0,0,0,,0,2,,,,,,,,,B,,,,0,,,,,0,0,0,,,,,0,,0,0,0,,,,,0,,,,0,0,0,,,,,,,,,,,,,,,,,,,,,,,,,,,,,,,,,,,,,,,,,,,,,,,,,,,,,,,,,,,,,,,,,,,,,,,,,,,,,,,,,,,,,,,,,,,,
375,5000004070,2017,1,1,0,0,0,333,,TEST,MI00,RM00,,,,,,,,,0,0,,H,USD,1620.17,0,1620.17,,,,171,LB,171,LB,171,LB,,,,,0,,,0,X,,,,,,NA00,,,,,,,,,,,,2017,,,US00,,0,,0,0,0,,0,2,,,,,,,,,B,,,,0,,,,,0,0,0,,,,,0,,0,0,0,,,,,0,,,,0,0,0,,,,,,,,,,,,,,,,,,,,,,,,,,,,,,,,,,,,,,,,,,,,,,,,,,,,,,,,,,,,,,,,,,,,,,,,,,,,,,,,,,,,,,,,,,,,
375,5000004071,2017,1,1,0,0,0,333,,TEST,MI00,RM00,,,,,,,,,0,0,,H,USD,956.94,0,956.94,,,,101,LB,101,LB,101,LB,,,,,0,,,0,X,,,,,,NA00,,,,,,,,,,,,2017,,,US00,,0,,0,0,0,,0,2,,,,,,,,,B,,,,0,,,,,0,0,0,,,,,0,,0,0,0,,,,,0,,,,0,0,0,,,,,,,,,,,,,,,,,,,,,,,,,,,,,,,,,,,,,,,,,,,,,,,,,,,,,,,,,,,,,,,,,,,,,,,,,,,,,,,,,,,,,,,,,,,,
375,5000004072,2017,1,1,0,0,0,333,,TEST,MI00,RM00,,,,,,,,,0,0,,H,USD,198.97,0,198.97,,,,21,LB,21,LB,21,LB,,,,,0,,,0,X,,,,,,NA00,,,,,,,,,,,,2017,,,US00,,0,,0,0,0,,0,2,,,,,,,,,B,,,,0,,,,,0,0,0,,,,,0,,0,0,0,,,,,0,,,,0,0,0,,,,,,,,,,,,,,,,,,,,,,,,,,,,,,,,,,,,,,,,,,,,,,,,,,,,,,,,,,,,,,,,,,,,,,,,,,,,,,,,,,,,,,,,,,,,
375,5000004073,2017,1,1,0,0,0,333,,TEST,MI00,RM00,,,,,,,,,0,0,,H,USD,483.21,0,483.21,,,,51,LB,51,LB,51,LB,,,,,0,,,0,X,,,,,,NA00,,,,,,,,,,,,2017,,,US00,,0,,0,0,0,,0,2,,,,,,,,,B,,,,0,,,,,0,0,0,,,,,0,,0,0,0,,,,,0,,,,0,0,0,,,,,,,,,,,,,,,,,,,,,,,,,,,,,,,,,,,,,,,,,,,,,,,,,,,,,,,,,,,,,,,,,,,,,,,,,,,,,,,,,,,,,,,,,,,,
375,5000004074,2017,1,1,0,0,0,333,,TEST,MI00,RM00,,,,,,,,,0,0,,H,USD,483.21,0,483.21,,,,51,LB,51,LB,51,LB,,,,,0,,,0,X,,,,,,NA00,,,,,,,,,,,,2017,,,US00,,0,,0,0,0,,0,2,,,,,,,,,B,,,,0,,,,,0,0,0,,,,,0,,0,0,0,,,,,0,,,,0,0,0,,,,,,,,,,,,,,,,,,,,,,,,,,,,,,,,,,,,,,,,,,,,,,,,,,,,,,,,,,,,,,,,,,,,,,,,,,,,,,,,,,,,,,,,,,,,
375,5000004075,2017,1,1,0,0,0,333,,WALLET,MI00,RM00,,,,,,,,,0,0,,H,USD,0.32,0,0.32,,,,4,LB,4,LB,4,LB,,,,,0,,,0,X,,,,,,NA00,,,,,,,,,,,,2017,,,US00,,0,,0,0,0,,0,2,,,,,,,,,B,,,,0,,,,,0,0,0,,,,,0,,0,0,0,,,,,0,,,,0,0,0,,,,,,,,,,,,,,,,,,,,,,,,,,,,,,,,,,,,,,,,,,,,,,,,,,,,,,,,,,,,,,,,,,,,,,,,,,,,,,,,,,,,,,,,,,,,
375,5000004076,2017,1,1,0,0,0,333,,WALLET,MI00,RM00,,,,,,,,,0,0,,H,USD,0.41,0,0.41,,,,5,LB,5,LB,5,LB,,,,,0,,,0,X,,,,,,NA00,,,,,,,,,,,,2017,,,US00,,0,,0,0,0,,0,2,,,,,,,,,B,,,,0,,,,,0,0,0,,,,,0,,0,0,0,,,,,0,,,,0,0,0,,,,,,,,,,,,,,,,,,,,,,,,,,,,,,,,,,,,,,,,,,,,,,,,,,,,,,,,,,,,,,,,,,,,,,,,,,,,,,,,,,,,,,,,,,,,
375,5000004077,2017,1,1,0,0,0,333,,WALLET,MI00,RM00,,,,,,,,,0,0,,H,USD,0.49,0,0.49,,,,6,LB,6,LB,6,LB,,,,,0,,,0,X,,,,,,NA00,,,,,,,,,,,,2017,,,US00,,0,,0,0,0,,0,2,,,,,,,,,B,,,,0,,,,,0,0,0,,,,,0,,0,0,0,,,,,0,,,,0,0,0,,,,,,,,,,,,,,,,,,,,,,,,,,,,,,,,,,,,,,,,,,,,,,,,,,,,,,,,,,,,,,,,,,,,,,,,,,,,,,,,,,,,,,,,,,,,
375,5000004078,2017,1,1,0,0,0,333,,WALLET,MI00,RM00,,,,,,,,,0,0,,H,USD,0.08,0,0.08,,,,1,LB,1,LB,1,LB,,,,,0,,,0,X,,,,,,NA00,,,,,,,,,,,,2017,,,US00,,0,,0,0,0,,0,2,,,,,,,,,B,,,,0,,,,,0,0,0,,,,,0,,0,0,0,,,,,0,,,,0,0,0,,,,,,,,,,,,,,,,,,,,,,,,,,,,,,,,,,,,,,,,,,,,,,,,,,,,,,,,,,,,,,,,,,,,,,,,,,,,,,,,,,,,,,,,,,,,
375,5000004079,2017,1,1,0,0,0,333,,WALLET,MI00,RM00,,,,,,,,,0,0,,H,USD,0.08,0,0.08,,,,1,LB,1,LB,1,LB,,,,,0,,,0,X,,,,,,NA00,,,,,,,,,,,,2017,,,US00,,0,,0,0,0,,0,2,,,,,,,,,B,,,,0,,,,,0,0,0,,,,,0,,0,0,0,,,,,0,,,,0,0,0,,,,,,,,,,,,,,,,,,,,,,,,,,,,,,,,,,,,,,,,,,,,,,,,,,,,,,,,,,,,,,,,,,,,,,,,,,,,,,,,,,,,,,,,,,,,
375,5000004080,2017,1,1,0,0,0,333,,WALLET,MI00,RM00,,,,,,,,,0,0,,H,USD,0.49,0,0.49,,,,6,LB,6,LB,6,LB,,,,,0,,,0,X,,,,,,NA00,,,,,,,,,,,,2017,,,US00,,0,,0,0,0,,0,2,,,,,,,,,B,,,,0,,,,,0,0,0,,,,,0,,0,0,0,,,,,0,,,,0,0,0,,,,,,,,,,,,,,,,,,,,,,,,,,,,,,,,,,,,,,,,,,,,,,,,,,,,,,,,,,,,,,,,,,,,,,,,,,,,,,,,,,,,,,,,,,,,
375,5000004081,2017,1,1,0,0,0,333,,ZTESTHEXNT,MI00,RM00,,,,,,,,,0,0,,H,USD,1240.52,0,1240.52,,,,205,LB,205,LB,205,LB,,,,,0,,,0,X,,,,,,NA00,,,,,,,,,,,,2017,,,US00,,0,,0,0,0,,0,2,,,,,,,,,B,,,,0,,,,,0,0,0,,,,,0,,0,0,0,,,,,0,,,,0,0,0,,,,,,,,,,,,,,,,,,,,,,,,,,,,,,,,,,,,,,,,,,,,,,,,,,,,,,,,,,,,,,,,,,,,,,,,,,,,,,,,,,,,,,,,,,,,
375,5000004082,2017,1,1,0,0,0,333,,ZTESTHEXNT,MI00,RM00,,,,,,,,,0,0,,H,USD,5234.38,0,5234.38,,,,865,LB,865,LB,865,LB,,,,,0,,,0,X,,,,,,NA00,,,,,,,,,,,,2017,,,US00,,0,,0,0,0,,0,2,,,,,,,,,B,,,,0,,,,,0,0,0,,,,,0,,0,0,0,,,,,0,,,,0,0,0,,,,,,,,,,,,,,,,,,,,,,,,,,,,,,,,,,,,,,,,,,,,,,,,,,,,,,,,,,,,,,,,,,,,,,,,,,,,,,,,,,,,,,,,,,,,
375,5000004083,2017,1,1,0,0,0,333,,ZTESTHEXNT,MI00,RM00,,,,,,,,,0,0,,H,USD,3685.24,0,3685.24,,,,609,LB,609,LB,609,LB,,,,,0,,,0,X,,,,,,NA00,,,,,,,,,,,,2017,,,US00,,0,,0,0,0,,0,2,,,,,,,,,B,,,,0,,,,,0,0,0,,,,,0,,0,0,0,,,,,0,,,,0,0,0,,,,,,,,,,,,,,,,,,,,,,,,,,,,,,,,,,,,,,,,,,,,,,,,,,,,,,,,,,,,,,,,,,,,,,,,,,,,,,,,,,,,,,,,,,,,
375,5000004084,2017,1,1,0,0,0,333,,AAA LUBE,SC00,RM00,,,,,,,,,0,0,,H,USD,33295.96,0,33295.96,,,,6,DR,6,DR,6,DR,,,,,0,,,0,X,,,,,,NA00,,,,,,,,,,,,2017,,,US00,,0,,0,0,0,,0,2,,,,,,,,,B,,,,0,,,,,0,0,0,,,,,0,,0,0,0,,,,,0,,,,0,0,0,,,,,,,,,,,,,,,,,,,,,,,,,,,,,,,,,,,,,,,,,,,,,,,,,,,,,,,,,,,,,,,,,,,,,,,,,,,,,,,,,,,,,,,,,,,,
375,5000004085,2017,1,1,0,0,0,333,,AAA LUBE,SC00,RM00,,,,,,,,,0,0,,H,USD,61042.60,0,61042.60,,,,11,DR,11,DR,11,DR,,,,,0,,,0,X,,,,,,NA00,,,,,,,,,,,,2017,,,US00,,0,,0,0,0,,0,2,,,,,,,,,B,,,,0,,,,,0,0,0,,,,,0,,0,0,0,,,,,0,,,,0,0,0,,,,,,,,,,,,,,,,,,,,,,,,,,,,,,,,,,,,,,,,,,,,,,,,,,,,,,,,,,,,,,,,,,,,,,,,,,,,,,,,,,,,,,,,,,,,
375,5000004086,2017,1,1,0,0,0,333,,AAA LUBE,SC00,RM00,,,,,,,,,0,0,,H,USD,55493.27,0,55493.27,,,,10,DR,10,DR,10,DR,,,,,0,,,0,X,,,,,,NA00,,,,,,,,,,,,2017,,,US00,,0,,0,0,0,,0,2,,,,,,,,,B,,,,0,,,,,0,0,0,,,,,0,,0,0,0,,,,,0,,,,0,0,0,,,,,,,,,,,,,,,,,,,,,,,,,,,,,,,,,,,,,,,,,,,,,,,,,,,,,,,,,,,,,,,,,,,,,,,,,,,,,,,,,,,,,,,,,,,,
375,5000004087,2017,1,1,0,0,0,333,,AAA LUBE,SC00,RM00,,,,,,,,,0,0,,H,USD,11098.65,0,11098.65,,,,2,DR,2,DR,2,DR,,,,,0,,,0,X,,,,,,NA00,,,,,,,,,,,,2017,,,US00,,0,,0,0,0,,0,2,,,,,,,,,B,,,,0,,,,,0,0,0,,,,,0,,0,0,0,,,,,0,,,,0,0,0,,,,,,,,,,,,,,,,,,,,,,,,,,,,,,,,,,,,,,,,,,,,,,,,,,,,,,,,,,,,,,,,,,,,,,,,,,,,,,,,,,,,,,,,,,,,
375,5000004088,2017,1,1,0,0,0,333,,AAA LUBE,SC00,RM00,,,,,,,,,0,0,,H,USD,55493.27,0,55493.27,,,,10,DR,10,DR,10,DR,,,,,0,,,0,X,,,,,,NA00,,,,,,,,,,,,2017,,,US00,,0,,0,0,0,,0,2,,,,,,,,,B,,,,0,,,,,0,0,0,,,,,0,,0,0,0,,,,,0,,,,0,0,0,,,,,,,,,,,,,,,,,,,,,,,,,,,,,,,,,,,,,,,,,,,,,,,,,,,,,,,,,,,,,,,,,,,,,,,,,,,,,,,,,,,,,,,,,,,,
375,5000004089,2017,1,1,0,0,0,333,,AAA LUBE,SC00,RM00,,,,,,,,,0,0,,H,USD,16647.98,0,16647.98,,,,3,DR,3,DR,3,DR,,,,,0,,,0,X,,,,,,NA00,,,,,,,,,,,,2017,,,US00,,0,,0,0,0,,0,2,,,,,,,,,B,,,,0,,,,,0,0,0,,,,,0,,0,0,0,,,,,0,,,,0,0,0,,,,,,,,,,,,,,,,,,,,,,,,,,,,,,,,,,,,,,,,,,,,,,,,,,,,,,,,,,,,,,,,,,,,,,,,,,,,,,,,,,,,,,,,,,,,
375,5000004090,2017,1,1,0,0,0,333,,ADAMANTIUM,SC00,RM00,,,,,,,,,0,0,,H,USD,21821.64,0,21821.64,,,,184,LB,184,LB,184,LB,,,,,0,,,0,X,,,,,,NA00,,,,,,,,,,,,2017,,,US00,,0,,0,0,0,,0,2,,,,,,,,,B,,,,0,,,,,0,0,0,,,,,0,,0,0,0,,,,,0,,,,0,0,0,,,,,,,,,,,,,,,,,,,,,,,,,,,,,,,,,,,,,,,,,,,,,,,,,,,,,,,,,,,,,,,,,,,,,,,,,,,,,,,,,,,,,,,,,,,,
375,5000004091,2017,1,1,0,0,0,333,,ADAMANTIUM,SC00,RM00,,,,,,,,,0,0,,H,USD,14807.54,0,14807.54,,,,257,LB,257,LB,257,LB,,,,,0,,,0,X,,,,,,NA00,,,,,,,,,,,,2017,,,US00,,0,,0,0,0,,0,2,,,,,,,,,B,,,,0,,,,,0,0,0,,,,,0,,0,0,0,,,,,0,,,,0,0,0,,,,,,,,,,,,,,,,,,,,,,,,,,,,,,,,,,,,,,,,,,,,,,,,,,,,,,,,,,,,,,,,,,,,,,,,,,,,,,,,,,,,,,,,,,,,
375,5000004092,2017,1,1,0,0,0,333,,ADAMANTIUM,SC00,RM00,,,,,,,,,0,0,,H,USD,1558.69,0,1558.69,,,,136,LB,136,LB,136,LB,,,,,0,,,0,X,,,,,,NA00,,,,,,,,,,,,2017,,,US00,,0,,0,0,0,,0,2,,,,,,,,,B,,,,0,,,,,0,0,0,,,,,0,,0,0,0,,,,,0,,,,0,0,0,,,,,,,,,,,,,,,,,,,,,,,,,,,,,,,,,,,,,,,,,,,,,,,,,,,,,,,,,,,,,,,,,,,,,,,,,,,,,,,,,,,,,,,,,,,,
375,5000004093,2017,1,1,0,0,0,333,,ADAMANTIUM,SC00,RM00,,,,,,,,,0,0,,H,USD,17924.92,0,17924.92,,,,469,LB,469,LB,469,LB,,,,,0,,,0,X,,,,,,NA00,,,,,,,,,,,,2017,,,US00,,0,,0,0,0,,0,2,,,,,,,,,B,,,,0,,,,,0,0,0,,,,,0,,0,0,0,,,,,0,,,,0,0,0,,,,,,,,,,,,,,,,,,,,,,,,,,,,,,,,,,,,,,,,,,,,,,,,,,,,,,,,,,,,,,,,,,,,,,,,,,,,,,,,,,,,,,,,,,,,
375,5000004094,2017,1,1,0,0,0,333,,ADAMANTIUM,SC00,RM00,,,,,,,,,0,0,,H,USD,14287.98,0,14287.98,,,,255,LB,255,LB,255,LB,,,,,0,,,0,X,,,,,,NA00,,,,,,,,,,,,2017,,,US00,,0,,0,0,0,,0,2,,,,,,,,,B,,,,0,,,,,0,0,0,,,,,0,,0,0,0,,,,,0,,,,0,0,0,,,,,,,,,,,,,,,,,,,,,,,,,,,,,,,,,,,,,,,,,,,,,,,,,,,,,,,,,,,,,,,,,,,,,,,,,,,,,,,,,,,,,,,,,,,,
375,5000004095,2017,1,1,0,0,0,333,,ADAMANTIUM,SC00,RM00,,,,,,,,,0,0,,H,USD,8313.01,0,8313.01,,,,132,LB,132,LB,132,LB,,,,,0,,,0,X,,,,,,NA00,,,,,,,,,,,,2017,,,US00,,0,,0,0,0,,0,2,,,,,,,,,B,,,,0,,,,,0,0,0,,,,,0,,0,0,0,,,,,0,,,,0,0,0,,,,,,,,,,,,,,,,,,,,,,,,,,,,,,,,,,,,,,,,,,,,,,,,,,,,,,,,,,,,,,,,,,,,,,,,,,,,,,,,,,,,,,,,,,,,
375,5000004096,2017,1,1,0,0,0,333,,ANGOLAN AMETHYST,SC00,RM00,,,,,,,,,0,0,,H,USD,19240.30,0,19240.30,,,,9,G,9,G,9,G,,,,,0,,,0,X,,,,,,NA00,,,,,,,,,,,,2017,,,US00,,0,,0,0,0,,0,2,,,,,,,,,B,,,,0,,,,,0,0,0,,,,,0,,0,0,0,,,,,0,,,,0,0,0,,,,,,,,,,,,,,,,,,,,,,,,,,,,,,,,,,,,,,,,,,,,,,,,,,,,,,,,,,,,,,,,,,,,,,,,,,,,,,,,,,,,,,,,,,,,
375,5000004097,2017,1,1,0,0,0,333,,ANGOLAN AMETHYST,SC00,RM00,,,,,,,,,0,0,,H,USD,4275.62,0,4275.62,,,,2,G,2,G,2,G,,,,,0,,,0,X,,,,,,NA00,,,,,,,,,,,,2017,,,US00,,0,,0,0,0,,0,2,,,,,,,,,B,,,,0,,,,,0,0,0,,,,,0,,0,0,0,,,,,0,,,,0,0,0,,,,,,,,,,,,,,,,,,,,,,,,,,,,,,,,,,,,,,,,,,,,,,,,,,,,,,,,,,,,,,,,,,,,,,,,,,,,,,,,,,,,,,,,,,,,
375,5000004098,2017,1,1,0,0,0,333,,ANGOLAN AMETHYST,SC00,RM00,,,,,,,,,0,0,,H,USD,27791.55,0,27791.55,,,,13,G,13,G,13,G,,,,,0,,,0,X,,,,,,NA00,,,,,,,,,,,,2017,,,US00,,0,,0,0,0,,0,2,,,,,,,,,B,,,,0,,,,,0,0,0,,,,,0,,0,0,0,,,,,0,,,,0,0,0,,,,,,,,,,,,,,,,,,,,,,,,,,,,,,,,,,,,,,,,,,,,,,,,,,,,,,,,,,,,,,,,,,,,,,,,,,,,,,,,,,,,,,,,,,,,
375,5000004099,2017,1,1,0,0,0,333,,ANGOLAN AMETHYST,SC00,RM00,,,,,,,,,0,0,,H,USD,8551.25,0,8551.25,,,,4,G,4,G,4,G,,,,,0,,,0,X,,,,,,NA00,,,,,,,,,,,,2017,,,US00,,0,,0,0,0,,0,2,,,,,,,,,B,,,,0,,,,,0,0,0,,,,,0,,0,0,0,,,,,0,,,,0,0,0,,,,,,,,,,,,,,,,,,,,,,,,,,,,,,,,,,,,,,,,,,,,,,,,,,,,,,,,,,,,,,,,,,,,,,,,,,,,,,,,,,,,,,,,,,,,
375,5000004100,2017,1,1,0,0,0,333,,ANGOLAN AMETHYST,SC00,RM00,,,,,,,,,0,0,,H,USD,4275.62,0,4275.62,,,,2,G,2,G,2,G,,,,,0,,,0,X,,,,,,NA00,,,,,,,,,,,,2017,,,US00,,0,,0,0,0,,0,2,,,,,,,,,B,,,,0,,,,,0,0,0,,,,,0,,0,0,0,,,,,0,,,,0,0,0,,,,,,,,,,,,,,,,,,,,,,,,,,,,,,,,,,,,,,,,,,,,,,,,,,,,,,,,,,,,,,,,,,,,,,,,,,,,,,,,,,,,,,,,,,,,
375,5000004101,2017,1,1,0,0,0,333,,ANGOLAN AMETHYST,SC00,RM00,,,,,,,,,0,0,,H,USD,23515.93,0,23515.93,,,,11,G,11,G,11,G,,,,,0,,,0,X,,,,,,NA00,,,,,,,,,,,,2017,,,US00,,0,,0,0,0,,0,2,,,,,,,,,B,,,,0,,,,,0,0,0,,,,,0,,0,0,0,,,,,0,,,,0,0,0,,,,,,,,,,,,,,,,,,,,,,,,,,,,,,,,,,,,,,,,,,,,,,,,,,,,,,,,,,,,,,,,,,,,,,,,,,,,,,,,,,,,,,,,,,,,
375,5000004102,2017,1,1,0,0,0,333,,ANGOLAN AMETHYST,SC00,RM00,,,,,,,,,0,0,,H,USD,34204.98,0,34204.98,,,,16,G,16,G,16,G,,,,,0,,,0,X,,,,,,NA00,,,,,,,,,,,,2017,,,US00,,0,,0,0,0,,0,2,,,,,,,,,B,,,,0,,,,,0,0,0,,,,,0,,0,0,0,,,,,0,,,,0,0,0,,,,,,,,,,,,,,,,,,,,,,,,,,,,,,,,,,,,,,,,,,,,,,,,,,,,,,,,,,,,,,,,,,,,,,,,,,,,,,,,,,,,,,,,,,,,
375,5000004103,2017,1,1,0,0,0,333,,ANGOLAN AMETHYST,SC00,RM00,,,,,,,,,0,0,,H,USD,17102.49,0,17102.49,,,,8,G,8,G,8,G,,,,,0,,,0,X,,,,,,NA00,,,,,,,,,,,,2017,,,US00,,0,,0,0,0,,0,2,,,,,,,,,B,,,,0,,,,,0,0,0,,,,,0,,0,0,0,,,,,0,,,,0,0,0,,,,,,,,,,,,,,,,,,,,,,,,,,,,,,,,,,,,,,,,,,,,,,,,,,,,,,,,,,,,,,,,,,,,,,,,,,,,,,,,,,,,,,,,,,,,
375,5000004104,2017,1,1,0,0,0,333,,ANGOLAN AMETHYST,SC00,RM00,,,,,,,,,0,0,,H,USD,14964.68,0,14964.68,,,,7,G,7,G,7,G,,,,,0,,,0,X,,,,,,NA00,,,,,,,,,,,,2017,,,US00,,0,,0,0,0,,0,2,,,,,,,,,B,,,,0,,,,,0,0,0,,,,,0,,0,0,0,,,,,0,,,,0,0,0,,,,,,,,,,,,,,,,,,,,,,,,,,,,,,,,,,,,,,,,,,,,,,,,,,,,,,,,,,,,,,,,,,,,,,,,,,,,,,,,,,,,,,,,,,,,
375,5000004105,2017,1,1,0,0,0,333,,AUSTRALIAN AMETHYST,SC00,RM00,,,,,,,,,0,0,,H,USD,40229.89,0,40229.89,,,,5,G,5,G,5,G,,,,,0,,,0,X,,,,,,NA00,,,,,,,,,,,,2017,,,US00,,0,,0,0,0,,0,2,,,,,,,,,B,,,,0,,,,,0,0,0,,,,,0,,0,0,0,,,,,0,,,,0,0,0,,,,,,,,,,,,,,,,,,,,,,,,,,,,,,,,,,,,,,,,,,,,,,,,,,,,,,,,,,,,,,,,,,,,,,,,,,,,,,,,,,,,,,,,,,,,
375,5000004106,2017,1,1,0,0,0,333,,AUSTRALIAN AMETHYST,SC00,RM00,,,,,,,,,0,0,,H,USD,8045.98,0,8045.98,,,,1,G,1,G,1,G,,,,,0,,,0,X,,,,,,NA00,,,,,,,,,,,,2017,,,US00,,0,,0,0,0,,0,2,,,,,,,,,B,,,,0,,,,,0,0,0,,,,,0,,0,0,0,,,,,0,,,,0,0,0,,,,,,,,,,,,,,,,,,,,,,,,,,,,,,,,,,,,,,,,,,,,,,,,,,,,,,,,,,,,,,,,,,,,,,,,,,,,,,,,,,,,,,,,,,,,
375,5000004107,2017,1,1,0,0,0,333,,AUSTRALIAN AMETHYST,SC00,RM00,,,,,,,,,0,0,,H,USD,8045.98,0,8045.98,,,,1,G,1,G,1,G,,,,,0,,,0,X,,,,,,NA00,,,,,,,,,,,,2017,,,US00,,0,,0,0,0,,0,2,,,,,,,,,B,,,,0,,,,,0,0,0,,,,,0,,0,0,0,,,,,0,,,,0,0,0,,,,,,,,,,,,,,,,,,,,,,,,,,,,,,,,,,,,,,,,,,,,,,,,,,,,,,,,,,,,,,,,,,,,,,,,,,,,,,,,,,,,,,,,,,,,
375,5000004108,2017,1,1,0,0,0,333,,AUSTRALIAN AMETHYST,SC00,RM00,,,,,,,,,0,0,,H,USD,8045.98,0,8045.98,,,,1,G,1,G,1,G,,,,,0,,,0,X,,,,,,NA00,,,,,,,,,,,,2017,,,US00,,0,,0,0,0,,0,2,,,,,,,,,B,,,,0,,,,,0,0,0,,,,,0,,0,0,0,,,,,0,,,,0,0,0,,,,,,,,,,,,,,,,,,,,,,,,,,,,,,,,,,,,,,,,,,,,,,,,,,,,,,,,,,,,,,,,,,,,,,,,,,,,,,,,,,,,,,,,,,,,
375,5000004109,2017,1,1,0,0,0,333,,BLUEPAINT,SC00,RM00,,,,,,,,,0,0,,H,USD,573.13,0,573.13,,,,19,L,19,L,19,L,,,,,0,,,0,X,,,,,,NA00,,,,,,,,,,,,2017,,,US00,,0,,0,0,0,,0,2,,,,,,,,,B,,,,0,,,,,0,0,0,,,,,0,,0,0,0,,,,,0,,,,0,0,0,,,,,,,,,,,,,,,,,,,,,,,,,,,,,,,,,,,,,,,,,,,,,,,,,,,,,,,,,,,,,,,,,,,,,,,,,,,,,,,,,,,,,,,,,,,,
375,5000004110,2017,1,1,0,0,0,333,,BLUEPAINT,SC00,RM00,,,,,,,,,0,0,,H,USD,1146.26,0,1146.26,,,,38,L,38,L,38,L,,,,,0,,,0,X,,,,,,NA00,,,,,,,,,,,,2017,,,US00,,0,,0,0,0,,0,2,,,,,,,,,B,,,,0,,,,,0,0,0,,,,,0,,0,0,0,,,,,0,,,,0,0,0,,,,,,,,,,,,,,,,,,,,,,,,,,,,,,,,,,,,,,,,,,,,,,,,,,,,,,,,,,,,,,,,,,,,,,,,,,,,,,,,,,,,,,,,,,,,
375,5000004111,2017,1,1,0,0,0,333,,BLUEPAINT,SC00,RM00,,,,,,,,,0,0,,H,USD,723.95,0,723.95,,,,24,L,24,L,24,L,,,,,0,,,0,X,,,,,,NA00,,,,,,,,,,,,2017,,,US00,,0,,0,0,0,,0,2,,,,,,,,,B,,,,0,,,,,0,0,0,,,,,0,,0,0,0,,,,,0,,,,0,0,0,,,,,,,,,,,,,,,,,,,,,,,,,,,,,,,,,,,,,,,,,,,,,,,,,,,,,,,,,,,,,,,,,,,,,,,,,,,,,,,,,,,,,,,,,,,,
375,5000004112,2017,1,1,0,0,0,333,,BLUEPAINT,SC00,RM00,,,,,,,,,0,0,,H,USD,995.44,0,995.44,,,,33,L,33,L,33,L,,,,,0,,,0,X,,,,,,NA00,,,,,,,,,,,,2017,,,US00,,0,,0,0,0,,0,2,,,,,,,,,B,,,,0,,,,,0,0,0,,,,,0,,0,0,0,,,,,0,,,,0,0,0,,,,,,,,,,,,,,,,,,,,,,,,,,,,,,,,,,,,,,,,,,,,,,,,,,,,,,,,,,,,,,,,,,,,,,,,,,,,,,,,,,,,,,,,,,,,
375,5000004113,2017,1,1,0,0,0,333,,BLUEPAINT,SC00,RM00,,,,,,,,,0,0,,H,USD,41778.15,0,41778.15,,,,1385,L,1385,L,1385,L,,,,,0,,,0,X,,,,,,NA00,,,,,,,,,,,,2017,,,US00,,0,,0,0,0,,0,2,,,,,,,,,B,,,,0,,,,,0,0,0,,,,,0,,0,0,0,,,,,0,,,,0,0,0,,,,,,,,,,,,,,,,,,,,,,,,,,,,,,,,,,,,,,,,,,,,,,,,,,,,,,,,,,,,,,,,,,,,,,,,,,,,,,,,,,,,,,,,,,,,
375,5000004114,2017,1,1,0,0,0,333,,BOLT1000,SC00,RM00,,,,,,,,,0,0,,H,USD,10.00,0,10.00,,,,7,EA,7,EA,7,EA,,,,,0,,,0,X,,,,,,NA00,,,,,,,,,,,,2017,,,US00,,0,,0,0,0,,0,2,,,,,,,,,B,,,,0,,,,,0,0,0,,,,,0,,0,0,0,,,,,0,,,,0,0,0,,,,,,,,,,,,,,,,,,,,,,,,,,,,,,,,,,,,,,,,,,,,,,,,,,,,,,,,,,,,,,,,,,,,,,,,,,,,,,,,,,,,,,,,,,,,
375,5000004115,2017,1,1,0,0,0,333,,BOLT1000,SC00,RM00,,,,,,,,,0,0,,H,USD,2.86,0,2.86,,,,2,EA,2,EA,2,EA,,,,,0,,,0,X,,,,,,NA00,,,,,,,,,,,,2017,,,US00,,0,,0,0,0,,0,2,,,,,,,,,B,,,,0,,,,,0,0,0,,,,,0,,0,0,0,,,,,0,,,,0,0,0,,,,,,,,,,,,,,,,,,,,,,,,,,,,,,,,,,,,,,,,,,,,,,,,,,,,,,,,,,,,,,,,,,,,,,,,,,,,,,,,,,,,,,,,,,,,
375,5000004116,2017,1,1,0,0,0,333,,BOLT1000,SC00,RM00,,,,,,,,,0,0,,H,USD,8.57,0,8.57,,,,6,EA,6,EA,6,EA,,,,,0,,,0,X,,,,,,NA00,,,,,,,,,,,,2017,,,US00,,0,,0,0,0,,0,2,,,,,,,,,B,,,,0,,,,,0,0,0,,,,,0,,0,0,0,,,,,0,,,,0,0,0,,,,,,,,,,,,,,,,,,,,,,,,,,,,,,,,,,,,,,,,,,,,,,,,,,,,,,,,,,,,,,,,,,,,,,,,,,,,,,,,,,,,,,,,,,,,
375,5000004117,2017,1,1,0,0,0,333,,BOTSWANA BLACK PE,SC00,RM00,,,,,,,,,0,0,,H,USD,289238.73,0,289238.73,,,,20,G,20,G,20,G,,,,,0,,,0,X,,,,,,NA00,,,,,,,,,,,,2017,,,US00,,0,,0,0,0,,0,2,,,,,,,,,B,,,,0,,,,,0,0,0,,,,,0,,0,0,0,,,,,0,,,,0,0,0,,,,,,,,,,,,,,,,,,,,,,,,,,,,,,,,,,,,,,,,,,,,,,,,,,,,,,,,,,,,,,,,,,,,,,,,,,,,,,,,,,,,,,,,,,,,
375,5000004118,2017,1,1,0,0,0,333,,BOTSWANA BLACK PE,SC00,RM00,,,,,,,,,0,0,,H,USD,231390.99,0,231390.99,,,,16,G,16,G,16,G,,,,,0,,,0,X,,,,,,NA00,,,,,,,,,,,,2017,,,US00,,0,,0,0,0,,0,2,,,,,,,,,B,,,,0,,,,,0,0,0,,,,,0,,0,0,0,,,,,0,,,,0,0,0,,,,,,,,,,,,,,,,,,,,,,,,,,,,,,,,,,,,,,,,,,,,,,,,,,,,,,,,,,,,,,,,,,,,,,,,,,,,,,,,,,,,,,,,,,,,
375,5000004119,2017,1,1,0,0,0,333,,BOTSWANA BLACK PE,SC00,RM00,,,,,,,,,0,0,,H,USD,274776.80,0,274776.80,,,,19,G,19,G,19,G,,,,,0,,,0,X,,,,,,NA00,,,,,,,,,,,,2017,,,US00,,0,,0,0,0,,0,2,,,,,,,,,B,,,,0,,,,,0,0,0,,,,,0,,0,0,0,,,,,0,,,,0,0,0,,,,,,,,,,,,,,,,,,,,,,,,,,,,,,,,,,,,,,,,,,,,,,,,,,,,,,,,,,,,,,,,,,,,,,,,,,,,,,,,,,,,,,,,,,,,
375,5000004120,2017,1,1,0,0,0,333,,BOTSWANA BLACK PE,SC00,RM00,,,,,,,,,0,0,,H,USD,115695.49,0,115695.49,,,,8,G,8,G,8,G,,,,,0,,,0,X,,,,,,NA00,,,,,,,,,,,,2017,,,US00,,0,,0,0,0,,0,2,,,,,,,,,B,,,,0,,,,,0,0,0,,,,,0,,0,0,0,,,,,0,,,,0,0,0,,,,,,,,,,,,,,,,,,,,,,,,,,,,,,,,,,,,,,,,,,,,,,,,,,,,,,,,,,,,,,,,,,,,,,,,,,,,,,,,,,,,,,,,,,,,
375,5000004121,2017,1,1,0,0,0,333,,BOTSWANA BLACK PE,SC00,RM00,,,,,,,,,0,0,,H,USD,592939.40,0,592939.40,,,,41,G,41,G,41,G,,,,,0,,,0,X,,,,,,NA00,,,,,,,,,,,,2017,,,US00,,0,,0,0,0,,0,2,,,,,,,,,B,,,,0,,,,,0,0,0,,,,,0,,0,0,0,,,,,0,,,,0,0,0,,,,,,,,,,,,,,,,,,,,,,,,,,,,,,,,,,,,,,,,,,,,,,,,,,,,,,,,,,,,,,,,,,,,,,,,,,,,,,,,,,,,,,,,,,,,
375,5000004122,2017,1,1,0,0,0,333,,BOTSWANA BLACK PE,SC00,RM00,,,,,,,,,0,0,,H,USD,202467.11,0,202467.11,,,,14,G,14,G,14,G,,,,,0,,,0,X,,,,,,NA00,,,,,,,,,,,,2017,,,US00,,0,,0,0,0,,0,2,,,,,,,,,B,,,,0,,,,,0,0,0,,,,,0,,0,0,0,,,,,0,,,,0,0,0,,,,,,,,,,,,,,,,,,,,,,,,,,,,,,,,,,,,,,,,,,,,,,,,,,,,,,,,,,,,,,,,,,,,,,,,,,,,,,,,,,,,,,,,,,,,
375,5000004123,2017,1,1,0,0,0,333,,BOTSWANA BLACK PE,SC00,RM00,,,,,,,,,0,0,,H,USD,130157.43,0,130157.43,,,,9,G,9,G,9,G,,,,,0,,,0,X,,,,,,NA00,,,,,,,,,,,,2017,,,US00,,0,,0,0,0,,0,2,,,,,,,,,B,,,,0,,,,,0,0,0,,,,,0,,0,0,0,,,,,0,,,,0,0,0,,,,,,,,,,,,,,,,,,,,,,,,,,,,,,,,,,,,,,,,,,,,,,,,,,,,,,,,,,,,,,,,,,,,,,,,,,,,,,,,,,,,,,,,,,,,
375,5000004124,2017,1,1,0,0,0,333,,BRITAIN BLACK PEAR,SC00,RM00,,,,,,,,,0,0,,H,USD,400801.60,0,400801.60,,,,8,G,8,G,8,G,,,,,0,,,0,X,,,,,,NA00,,,,,,,,,,,,2017,,,US00,,0,,0,0,0,,0,2,,,,,,,,,B,,,,0,,,,,0,0,0,,,,,0,,0,0,0,,,,,0,,,,0,0,0,,,,,,,,,,,,,,,,,,,,,,,,,,,,,,,,,,,,,,,,,,,,,,,,,,,,,,,,,,,,,,,,,,,,,,,,,,,,,,,,,,,,,,,,,,,,
375,5000004125,2017,1,1,0,0,0,333,,BRITAIN BLACK PEAR,SC00,RM00,,,,,,,,,0,0,,H,USD,100200.40,0,100200.40,,,,2,G,2,G,2,G,,,,,0,,,0,X,,,,,,NA00,,,,,,,,,,,,2017,,,US00,,0,,0,0,0,,0,2,,,,,,,,,B,,,,0,,,,,0,0,0,,,,,0,,0,0,0,,,,,0,,,,0,0,0,,,,,,,,,,,,,,,,,,,,,,,,,,,,,,,,,,,,,,,,,,,,,,,,,,,,,,,,,,,,,,,,,,,,,,,,,,,,,,,,,,,,,,,,,,,,
375,5000004126,2017,1,1,0,0,0,333,,CANADIAN CRYSTAL,SC00,RM00,,,,,,,,,0,0,,H,USD,52493.44,0,52493.44,,,,1,G,1,G,1,G,,,,,0,,,0,X,,,,,,NA00,,,,,,,,,,,,2017,,,US00,,0,,0,0,0,,0,2,,,,,,,,,B,,,,0,,,,,0,0,0,,,,,0,,0,0,0,,,,,0,,,,0,0,0,,,,,,,,,,,,,,,,,,,,,,,,,,,,,,,,,,,,,,,,,,,,,,,,,,,,,,,,,,,,,,,,,,,,,,,,,,,,,,,,,,,,,,,,,,,,
375,5000004127,2017,1,1,0,0,0,333,,CANADIAN CRYSTAL,SC00,RM00,,,,,,,,,0,0,,H,USD,52493.44,0,52493.44,,,,1,G,1,G,1,G,,,,,0,,,0,X,,,,,,NA00,,,,,,,,,,,,2017,,,US00,,0,,0,0,0,,0,2,,,,,,,,,B,,,,0,,,,,0,0,0,,,,,0,,0,0,0,,,,,0,,,,0,0,0,,,,,,,,,,,,,,,,,,,,,,,,,,,,,,,,,,,,,,,,,,,,,,,,,,,,,,,,,,,,,,,,,,,,,,,,,,,,,,,,,,,,,,,,,,,,
375,5000004128,2017,1,1,0,0,0,333,,CANADIAN CRYSTAL,SC00,RM00,,,,,,,,,0,0,,H,USD,104986.88,0,104986.88,,,,2,G,2,G,2,G,,,,,0,,,0,X,,,,,,NA00,,,,,,,,,,,,2017,,,US00,,0,,0,0,0,,0,2,,,,,,,,,B,,,,0,,,,,0,0,0,,,,,0,,0,0,0,,,,,0,,,,0,0,0,,,,,,,,,,,,,,,,,,,,,,,,,,,,,,,,,,,,,,,,,,,,,,,,,,,,,,,,,,,,,,,,,,,,,,,,,,,,,,,,,,,,,,,,,,,,
375,5000004129,2017,1,1,0,0,0,333,,CARBONITE,SC00,RM00,,,,,,,,,0,0,,H,USD,474.18,0,474.18,,,,136,G,136,G,136,G,,,,,0,,,0,X,,,,,,NA00,,,,,,,,,,,,2017,,,US00,,0,,0,0,0,,0,2,,,,,,,,,B,,,,0,,,,,0,0,0,,,,,0,,0,0,0,,,,,0,,,,0,0,0,,,,,,,,,,,,,,,,,,,,,,,,,,,,,,,,,,,,,,,,,,,,,,,,,,,,,,,,,,,,,,,,,,,,,,,,,,,,,,,,,,,,,,,,,,,,
375,5000004130,2017,1,1,0,0,0,333,,CARBONITE,SC00,RM00,,,,,,,,,0,0,,H,USD,632.24,0,632.24,,,,128,G,128,G,128,G,,,,,0,,,0,X,,,,,,NA00,,,,,,,,,,,,2017,,,US00,,0,,0,0,0,,0,2,,,,,,,,,B,,,,0,,,,,0,0,0,,,,,0,,0,0,0,,,,,0,,,,0,0,0,,,,,,,,,,,,,,,,,,,,,,,,,,,,,,,,,,,,,,,,,,,,,,,,,,,,,,,,,,,,,,,,,,,,,,,,,,,,,,,,,,,,,,,,,,,,
375,5000004131,2017,1,1,0,0,0,333,,CARBONITE,SC00,RM00,,,,,,,,,0,0,,H,USD,237.09,0,237.09,,,,113,G,113,G,113,G,,,,,0,,,0,X,,,,,,NA00,,,,,,,,,,,,2017,,,US00,,0,,0,0,0,,0,2,,,,,,,,,B,,,,0,,,,,0,0,0,,,,,0,,0,0,0,,,,,0,,,,0,0,0,,,,,,,,,,,,,,,,,,,,,,,,,,,,,,,,,,,,,,,,,,,,,,,,,,,,,,,,,,,,,,,,,,,,,,,,,,,,,,,,,,,,,,,,,,,,
375,5000004132,2017,1,1,0,0,0,333,,CARBONITE,SC00,RM00,,,,,,,,,0,0,,H,USD,237.09,0,237.09,,,,213,G,213,G,213,G,,,,,0,,,0,X,,,,,,NA00,,,,,,,,,,,,2017,,,US00,,0,,0,0,0,,0,2,,,,,,,,,B,,,,0,,,,,0,0,0,,,,,0,,0,0,0,,,,,0,,,,0,0,0,,,,,,,,,,,,,,,,,,,,,,,,,,,,,,,,,,,,,,,,,,,,,,,,,,,,,,,,,,,,,,,,,,,,,,,,,,,,,,,,,,,,,,,,,,,,
375,5000004133,2017,1,1,0,0,0,333,,CHRONIUM,SC00,RM00,,,,,,,,,0,0,,H,USD,2.13,0,2.13,,,,6,LB,6,LB,6,LB,,,,,0,,,0,X,,,,,,NA00,,,,,,,,,,,,2017,,,US00,,0,,0,0,0,,0,2,,,,,,,,,B,,,,0,,,,,0,0,0,,,,,0,,0,0,0,,,,,0,,,,0,0,0,,,,,,,,,,,,,,,,,,,,,,,,,,,,,,,,,,,,,,,,,,,,,,,,,,,,,,,,,,,,,,,,,,,,,,,,,,,,,,,,,,,,,,,,,,,,
375,5000004134,2017,1,1,0,0,0,333,,CHRONIUM,SC00,RM00,,,,,,,,,0,0,,H,USD,19.86,0,19.86,,,,56,LB,56,LB,56,LB,,,,,0,,,0,X,,,,,,NA00,,,,,,,,,,,,2017,,,US00,,0,,0,0,0,,0,2,,,,,,,,,B,,,,0,,,,,0,0,0,,,,,0,,0,0,0,,,,,0,,,,0,0,0,,,,,,,,,,,,,,,,,,,,,,,,,,,,,,,,,,,,,,,,,,,,,,,,,,,,,,,,,,,,,,,,,,,,,,,,,,,,,,,,,,,,,,,,,,,,
375,5000004135,2017,1,1,0,0,0,333,,CHRONIUM,SC00,RM00,,,,,,,,,0,0,,H,USD,20.92,0,20.92,,,,59,LB,59,LB,59,LB,,,,,0,,,0,X,,,,,,NA00,,,,,,,,,,,,2017,,,US00,,0,,0,0,0,,0,2,,,,,,,,,B,,,,0,,,,,0,0,0,,,,,0,,0,0,0,,,,,0,,,,0,0,0,,,,,,,,,,,,,,,,,,,,,,,,,,,,,,,,,,,,,,,,,,,,,,,,,,,,,,,,,,,,,,,,,,,,,,,,,,,,,,,,,,,,,,,,,,,,
375,5000004136,2017,1,1,0,0,0,333,,CHRONIUM,SC00,RM00,,,,,,,,,0,0,,H,USD,3.19,0,3.19,,,,9,LB,9,LB,9,LB,,,,,0,,,0,X,,,,,,NA00,,,,,,,,,,,,2017,,,US00,,0,,0,0,0,,0,2,,,,,,,,,B,,,,0,,,,,0,0,0,,,,,0,,0,0,0,,,,,0,,,,0,0,0,,,,,,,,,,,,,,,,,,,,,,,,,,,,,,,,,,,,,,,,,,,,,,,,,,,,,,,,,,,,,,,,,,,,,,,,,,,,,,,,,,,,,,,,,,,,
375,5000004137,2017,1,1,0,0,0,333,,CHRONIUM,SC00,RM00,,,,,,,,,0,0,,H,USD,8.87,0,8.87,,,,25,LB,25,LB,25,LB,,,,,0,,,0,X,,,,,,NA00,,,,,,,,,,,,2017,,,US00,,0,,0,0,0,,0,2,,,,,,,,,B,,,,0,,,,,0,0,0,,,,,0,,0,0,0,,,,,0,,,,0,0,0,,,,,,,,,,,,,,,,,,,,,,,,,,,,,,,,,,,,,,,,,,,,,,,,,,,,,,,,,,,,,,,,,,,,,,,,,,,,,,,,,,,,,,,,,,,,
375,5000004138,2017,1,1,0,0,0,333,,CHRONIUM,SC00,RM00,,,,,,,,,0,0,,H,USD,0.35,0,0.35,,,,1,LB,1,LB,1,LB,,,,,0,,,0,X,,,,,,NA00,,,,,,,,,,,,2017,,,US00,,0,,0,0,0,,0,2,,,,,,,,,B,,,,0,,,,,0,0,0,,,,,0,,0,0,0,,,,,0,,,,0,0,0,,,,,,,,,,,,,,,,,,,,,,,,,,,,,,,,,,,,,,,,,,,,,,,,,,,,,,,,,,,,,,,,,,,,,,,,,,,,,,,,,,,,,,,,,,,,
375,5000004139,2017,1,1,0,0,0,333,,CHRONIUM,SC00,RM00,,,,,,,,,0,0,,H,USD,19.15,0,19.15,,,,54,LB,54,LB,54,LB,,,,,0,,,0,X,,,,,,NA00,,,,,,,,,,,,2017,,,US00,,0,,0,0,0,,0,2,,,,,,,,,B,,,,0,,,,,0,0,0,,,,,0,,0,0,0,,,,,0,,,,0,0,0,,,,,,,,,,,,,,,,,,,,,,,,,,,,,,,,,,,,,,,,,,,,,,,,,,,,,,,,,,,,,,,,,,,,,,,,,,,,,,,,,,,,,,,,,,,,
375,5000004140,2017,1,1,0,0,0,333,,CHRONIUM,SC00,RM00,,,,,,,,,0,0,,H,USD,32.27,0,32.27,,,,91,LB,91,LB,91,LB,,,,,0,,,0,X,,,,,,NA00,,,,,,,,,,,,2017,,,US00,,0,,0,0,0,,0,2,,,,,,,,,B,,,,0,,,,,0,0,0,,,,,0,,0,0,0,,,,,0,,,,0,0,0,,,,,,,,,,,,,,,,,,,,,,,,,,,,,,,,,,,,,,,,,,,,,,,,,,,,,,,,,,,,,,,,,,,,,,,,,,,,,,,,,,,,,,,,,,,,
375,5000004141,2017,1,1,0,0,0,333,,CONCRETE,SC00,RM00,,,,,,,,,0,0,,H,USD,86.75,0,86.75,,,,1,YD3,1,YD3,1,YD3,,,,,0,,,0,X,,,,,,NA00,,,,,,,,,,,,2017,,,US00,,0,,0,0,0,,0,2,,,,,,,,,B,,,,0,,,,,0,0,0,,,,,0,,0,0,0,,,,,0,,,,0,0,0,,,,,,,,,,,,,,,,,,,,,,,,,,,,,,,,,,,,,,,,,,,,,,,,,,,,,,,,,,,,,,,,,,,,,,,,,,,,,,,,,,,,,,,,,,,,
375,5000004142,2017,1,1,0,0,0,333,,CONCRETE,SC00,RM00,,,,,,,,,0,0,,H,USD,1388.05,0,1388.05,,,,16,YD3,16,YD3,16,YD3,,,,,0,,,0,X,,,,,,NA00,,,,,,,,,,,,2017,,,US00,,0,,0,0,0,,0,2,,,,,,,,,B,,,,0,,,,,0,0,0,,,,,0,,0,0,0,,,,,0,,,,0,0,0,,,,,,,,,,,,,,,,,,,,,,,,,,,,,,,,,,,,,,,,,,,,,,,,,,,,,,,,,,,,,,,,,,,,,,,,,,,,,,,,,,,,,,,,,,,,
375,5000004143,2017,1,1,0,0,0,333,,CONCRETE,SC00,RM00,,,,,,,,,0,0,,H,USD,2776.10,0,2776.10,,,,32,YD3,32,YD3,32,YD3,,,,,0,,,0,X,,,,,,NA00,,,,,,,,,,,,2017,,,US00,,0,,0,0,0,,0,2,,,,,,,,,B,,,,0,,,,,0,0,0,,,,,0,,0,0,0,,,,,0,,,,0,0,0,,,,,,,,,,,,,,,,,,,,,,,,,,,,,,,,,,,,,,,,,,,,,,,,,,,,,,,,,,,,,,,,,,,,,,,,,,,,,,,,,,,,,,,,,,,,
375,5000004144,2017,1,1,0,0,0,333,,CONCRETE,SC00,RM00,,,,,,,,,0,0,,H,USD,1648.31,0,1648.31,,,,19,YD3,19,YD3,19,YD3,,,,,0,,,0,X,,,,,,NA00,,,,,,,,,,,,2017,,,US00,,0,,0,0,0,,0,2,,,,,,,,,B,,,,0,,,,,0,0,0,,,,,0,,0,0,0,,,,,0,,,,0,0,0,,,,,,,,,,,,,,,,,,,,,,,,,,,,,,,,,,,,,,,,,,,,,,,,,,,,,,,,,,,,,,,,,,,,,,,,,,,,,,,,,,,,,,,,,,,,
375,5000004145,2017,1,1,0,0,0,333,,CONGOCRYSTAL,SC00,RM00,,,,,,,,,0,0,,H,USD,243121.71,0,243121.71,,,,25,G,25,G,25,G,,,,,0,,,0,X,,,,,,NA00,,,,,,,,,,,,2017,,,US00,,0,,0,0,0,,0,2,,,,,,,,,B,,,,0,,,,,0,0,0,,,,,0,,0,0,0,,,,,0,,,,0,0,0,,,,,,,,,,,,,,,,,,,,,,,,,,,,,,,,,,,,,,,,,,,,,,,,,,,,,,,,,,,,,,,,,,,,,,,,,,,,,,,,,,,,,,,,,,,,
375,5000004146,2017,1,1,0,0,0,333,,CONGOCRYSTAL,SC00,RM00,,,,,,,,,0,0,,H,USD,29174.61,0,29174.61,,,,3,G,3,G,3,G,,,,,0,,,0,X,,,,,,NA00,,,,,,,,,,,,2017,,,US00,,0,,0,0,0,,0,2,,,,,,,,,B,,,,0,,,,,0,0,0,,,,,0,,0,0,0,,,,,0,,,,0,0,0,,,,,,,,,,,,,,,,,,,,,,,,,,,,,,,,,,,,,,,,,,,,,,,,,,,,,,,,,,,,,,,,,,,,,,,,,,,,,,,,,,,,,,,,,,,,
375,5000004147,2017,1,1,0,0,0,333,,CONGOCRYSTAL,SC00,RM00,,,,,,,,,0,0,,H,USD,184772.50,0,184772.50,,,,19,G,19,G,19,G,,,,,0,,,0,X,,,,,,NA00,,,,,,,,,,,,2017,,,US00,,0,,0,0,0,,0,2,,,,,,,,,B,,,,0,,,,,0,0,0,,,,,0,,0,0,0,,,,,0,,,,0,0,0,,,,,,,,,,,,,,,,,,,,,,,,,,,,,,,,,,,,,,,,,,,,,,,,,,,,,,,,,,,,,,,,,,,,,,,,,,,,,,,,,,,,,,,,,,,,
375,5000004148,2017,1,1,0,0,0,333,,DIAMOND,SC00,RM00,,,,,,,,,0,0,,H,USD,142.81,0,142.81,,,,23,LB,23,LB,23,LB,,,,,0,,,0,X,,,,,,NA00,,,,,,,,,,,,2017,,,US00,,0,,0,0,0,,0,2,,,,,,,,,B,,,,0,,,,,0,0,0,,,,,0,,0,0,0,,,,,0,,,,0,0,0,,,,,,,,,,,,,,,,,,,,,,,,,,,,,,,,,,,,,,,,,,,,,,,,,,,,,,,,,,,,,,,,,,,,,,,,,,,,,,,,,,,,,,,,,,,,
375,5000004149,2017,1,1,0,0,0,333,,DIAMOND,SC00,RM00,,,,,,,,,0,0,,H,USD,155.23,0,155.23,,,,25,LB,25,LB,25,LB,,,,,0,,,0,X,,,,,,NA00,,,,,,,,,,,,2017,,,US00,,0,,0,0,0,,0,2,,,,,,,,,B,,,,0,,,,,0,0,0,,,,,0,,0,0,0,,,,,0,,,,0,0,0,,,,,,,,,,,,,,,,,,,,,,,,,,,,,,,,,,,,,,,,,,,,,,,,,,,,,,,,,,,,,,,,,,,,,,,,,,,,,,,,,,,,,,,,,,,,
375,5000004150,2017,1,1,0,0,0,333,,DIAMOND,SC00,RM00,,,,,,,,,0,0,,H,USD,180.06,0,180.06,,,,29,LB,29,LB,29,LB,,,,,0,,,0,X,,,,,,NA00,,,,,,,,,,,,2017,,,US00,,0,,0,0,0,,0,2,,,,,,,,,B,,,,0,,,,,0,0,0,,,,,0,,0,0,0,,,,,0,,,,0,0,0,,,,,,,,,,,,,,,,,,,,,,,,,,,,,,,,,,,,,,,,,,,,,,,,,,,,,,,,,,,,,,,,,,,,,,,,,,,,,,,,,,,,,,,,,,,,
375,5000004151,2017,1,1,0,0,0,333,,DIAMOND,SC00,RM00,,,,,,,,,0,0,,H,USD,260.78,0,260.78,,,,42,LB,42,LB,42,LB,,,,,0,,,0,X,,,,,,NA00,,,,,,,,,,,,2017,,,US00,,0,,0,0,0,,0,2,,,,,,,,,B,,,,0,,,,,0,0,0,,,,,0,,0,0,0,,,,,0,,,,0,0,0,,,,,,,,,,,,,,,,,,,,,,,,,,,,,,,,,,,,,,,,,,,,,,,,,,,,,,,,,,,,,,,,,,,,,,,,,,,,,,,,,,,,,,,,,,,,
375,5000004152,2017,1,1,0,0,0,333,,DIAMOND,SC00,RM00,,,,,,,,,0,0,,H,USD,117.97,0,117.97,,,,19,LB,19,LB,19,LB,,,,,0,,,0,X,,,,,,NA00,,,,,,,,,,,,2017,,,US00,,0,,0,0,0,,0,2,,,,,,,,,B,,,,0,,,,,0,0,0,,,,,0,,0,0,0,,,,,0,,,,0,0,0,,,,,,,,,,,,,,,,,,,,,,,,,,,,,,,,,,,,,,,,,,,,,,,,,,,,,,,,,,,,,,,,,,,,,,,,,,,,,,,,,,,,,,,,,,,,
375,5000004153,2017,1,1,0,0,0,333,,DIAMOND,SC00,RM00,,,,,,,,,0,0,,H,USD,68.30,0,68.30,,,,11,LB,11,LB,11,LB,,,,,0,,,0,X,,,,,,NA00,,,,,,,,,,,,2017,,,US00,,0,,0,0,0,,0,2,,,,,,,,,B,,,,0,,,,,0,0,0,,,,,0,,0,0,0,,,,,0,,,,0,0,0,,,,,,,,,,,,,,,,,,,,,,,,,,,,,,,,,,,,,,,,,,,,,,,,,,,,,,,,,,,,,,,,,,,,,,,,,,,,,,,,,,,,,,,,,,,,
375,5000004154,2017,1,1,0,0,0,333,,DIAMOND,SC00,RM00,,,,,,,,,0,0,,H,USD,161.43,0,161.43,,,,26,LB,26,LB,26,LB,,,,,0,,,0,X,,,,,,NA00,,,,,,,,,,,,2017,,,US00,,0,,0,0,0,,0,2,,,,,,,,,B,,,,0,,,,,0,0,0,,,,,0,,0,0,0,,,,,0,,,,0,0,0,,,,,,,,,,,,,,,,,,,,,,,,,,,,,,,,,,,,,,,,,,,,,,,,,,,,,,,,,,,,,,,,,,,,,,,,,,,,,,,,,,,,,,,,,,,,
375,5000004155,2017,1,1,0,0,0,333,,DIAMOND,SC00,RM00,,,,,,,,,0,0,,H,USD,273.20,0,273.20,,,,44,LB,44,LB,44,LB,,,,,0,,,0,X,,,,,,NA00,,,,,,,,,,,,2017,,,US00,,0,,0,0,0,,0,2,,,,,,,,,B,,,,0,,,,,0,0,0,,,,,0,,0,0,0,,,,,0,,,,0,0,0,,,,,,,,,,,,,,,,,,,,,,,,,,,,,,,,,,,,,,,,,,,,,,,,,,,,,,,,,,,,,,,,,,,,,,,,,,,,,,,,,,,,,,,,,,,,
375,5000004156,2017,1,1,0,0,0,333,,DIAMOND,SC00,RM00,,,,,,,,,0,0,,H,USD,651.95,0,651.95,,,,105,LB,105,LB,105,LB,,,,,0,,,0,X,,,,,,NA00,,,,,,,,,,,,2017,,,US00,,0,,0,0,0,,0,2,,,,,,,,,B,,,,0,,,,,0,0,0,,,,,0,,0,0,0,,,,,0,,,,0,0,0,,,,,,,,,,,,,,,,,,,,,,,,,,,,,,,,,,,,,,,,,,,,,,,,,,,,,,,,,,,,,,,,,,,,,,,,,,,,,,,,,,,,,,,,,,,,
375,5000004157,2017,1,1,0,0,0,333,,GOLD,SC00,RM00,,,,,,,,,0,0,,H,USD,2792.28,0,2792.28,,,,12,G,12,G,12,G,,,,,0,,,0,X,,,,,,NA00,,,,,,,,,,,,2017,,,US00,,0,,0,0,0,,0,2,,,,,,,,,B,,,,0,,,,,0,0,0,,,,,0,,0,0,0,,,,,0,,,,0,0,0,,,,,,,,,,,,,,,,,,,,,,,,,,,,,,,,,,,,,,,,,,,,,,,,,,,,,,,,,,,,,,,,,,,,,,,,,,,,,,,,,,,,,,,,,,,,
375,5000004158,2017,1,1,0,0,0,333,,GOLD,SC00,RM00,,,,,,,,,0,0,,H,USD,13030.65,0,13030.65,,,,56,G,56,G,56,G,,,,,0,,,0,X,,,,,,NA00,,,,,,,,,,,,2017,,,US00,,0,,0,0,0,,0,2,,,,,,,,,B,,,,0,,,,,0,0,0,,,,,0,,0,0,0,,,,,0,,,,0,0,0,,,,,,,,,,,,,,,,,,,,,,,,,,,,,,,,,,,,,,,,,,,,,,,,,,,,,,,,,,,,,,,,,,,,,,,,,,,,,,,,,,,,,,,,,,,,
375,5000004159,2017,1,1,0,0,0,333,,GOLD,SC00,RM00,,,,,,,,,0,0,,H,USD,10703.74,0,10703.74,,,,46,G,46,G,46,G,,,,,0,,,0,X,,,,,,NA00,,,,,,,,,,,,2017,,,US00,,0,,0,0,0,,0,2,,,,,,,,,B,,,,0,,,,,0,0,0,,,,,0,,0,0,0,,,,,0,,,,0,0,0,,,,,,,,,,,,,,,,,,,,,,,,,,,,,,,,,,,,,,,,,,,,,,,,,,,,,,,,,,,,,,,,,,,,,,,,,,,,,,,,,,,,,,,,,,,,
375,5000004160,2017,1,1,0,0,0,333,,GOLD,SC00,RM00,,,,,,,,,0,0,,H,USD,18382.52,0,18382.52,,,,79,G,79,G,79,G,,,,,0,,,0,X,,,,,,NA00,,,,,,,,,,,,2017,,,US00,,0,,0,0,0,,0,2,,,,,,,,,B,,,,0,,,,,0,0,0,,,,,0,,0,0,0,,,,,0,,,,0,0,0,,,,,,,,,,,,,,,,,,,,,,,,,,,,,,,,,,,,,,,,,,,,,,,,,,,,,,,,,,,,,,,,,,,,,,,,,,,,,,,,,,,,,,,,,,,,
375,5000004161,2017,1,1,0,0,0,333,,HEXNT,SC00,RM00,,,,,,,,,0,0,,H,USD,688.24,0,688.24,,,,540,LB,540,LB,540,LB,,,,,0,,,0,X,,,,,,NA00,,,,,,,,,,,,2017,,,US00,,0,,0,0,0,,0,2,,,,,,,,,B,,,,0,,,,,0,0,0,,,,,0,,0,0,0,,,,,0,,,,0,0,0,,,,,,,,,,,,,,,,,,,,,,,,,,,,,,,,,,,,,,,,,,,,,,,,,,,,,,,,,,,,,,,,,,,,,,,,,,,,,,,,,,,,,,,,,,,,
375,5000004162,2017,1,1,0,0,0,333,,HEXNT,SC00,RM00,,,,,,,,,0,0,,H,USD,500.88,0,500.88,,,,393,LB,393,LB,393,LB,,,,,0,,,0,X,,,,,,NA00,,,,,,,,,,,,2017,,,US00,,0,,0,0,0,,0,2,,,,,,,,,B,,,,0,,,,,0,0,0,,,,,0,,0,0,0,,,,,0,,,,0,0,0,,,,,,,,,,,,,,,,,,,,,,,,,,,,,,,,,,,,,,,,,,,,,,,,,,,,,,,,,,,,,,,,,,,,,,,,,,,,,,,,,,,,,,,,,,,,
375,5000004163,2017,1,1,0,0,0,333,,HEXNT,SC00,RM00,,,,,,,,,0,0,,H,USD,541.67,0,541.67,,,,425,LB,425,LB,425,LB,,,,,0,,,0,X,,,,,,NA00,,,,,,,,,,,,2017,,,US00,,0,,0,0,0,,0,2,,,,,,,,,B,,,,0,,,,,0,0,0,,,,,0,,0,0,0,,,,,0,,,,0,0,0,,,,,,,,,,,,,,,,,,,,,,,,,,,,,,,,,,,,,,,,,,,,,,,,,,,,,,,,,,,,,,,,,,,,,,,,,,,,,,,,,,,,,,,,,,,,
375,5000004164,2017,1,1,0,0,0,333,,HEXNT,SC00,RM00,,,,,,,,,0,0,,H,USD,346.67,0,346.67,,,,272,LB,272,LB,272,LB,,,,,0,,,0,X,,,,,,NA00,,,,,,,,,,,,2017,,,US00,,0,,0,0,0,,0,2,,,,,,,,,B,,,,0,,,,,0,0,0,,,,,0,,0,0,0,,,,,0,,,,0,0,0,,,,,,,,,,,,,,,,,,,,,,,,,,,,,,,,,,,,,,,,,,,,,,,,,,,,,,,,,,,,,,,,,,,,,,,,,,,,,,,,,,,,,,,,,,,,
375,5000004165,2017,1,1,0,0,0,333,,HEXNT,SC00,RM00,,,,,,,,,0,0,,H,USD,1153.44,0,1153.44,,,,905,LB,905,LB,905,LB,,,,,0,,,0,X,,,,,,NA00,,,,,,,,,,,,2017,,,US00,,0,,0,0,0,,0,2,,,,,,,,,B,,,,0,,,,,0,0,0,,,,,0,,0,0,0,,,,,0,,,,0,0,0,,,,,,,,,,,,,,,,,,,,,,,,,,,,,,,,,,,,,,,,,,,,,,,,,,,,,,,,,,,,,,,,,,,,,,,,,,,,,,,,,,,,,,,,,,,,
375,5000004166,2017,1,1,0,0,0,333,,HEXNT,SC00,RM00,,,,,,,,,0,0,,H,USD,437.16,0,437.16,,,,343,LB,343,LB,343,LB,,,,,0,,,0,X,,,,,,NA00,,,,,,,,,,,,2017,,,US00,,0,,0,0,0,,0,2,,,,,,,,,B,,,,0,,,,,0,0,0,,,,,0,,0,0,0,,,,,0,,,,0,0,0,,,,,,,,,,,,,,,,,,,,,,,,,,,,,,,,,,,,,,,,,,,,,,,,,,,,,,,,,,,,,,,,,,,,,,,,,,,,,,,,,,,,,,,,,,,,
375,5000004167,2017,1,1,0,0,0,333,,HEXNT,SC00,RM00,,,,,,,,,0,0,,H,USD,949.51,0,949.51,,,,745,LB,745,LB,745,LB,,,,,0,,,0,X,,,,,,NA00,,,,,,,,,,,,2017,,,US00,,0,,0,0,0,,0,2,,,,,,,,,B,,,,0,,,,,0,0,0,,,,,0,,0,0,0,,,,,0,,,,0,0,0,,,,,,,,,,,,,,,,,,,,,,,,,,,,,,,,,,,,,,,,,,,,,,,,,,,,,,,,,,,,,,,,,,,,,,,,,,,,,,,,,,,,,,,,,,,,
375,5000004168,2017,1,1,0,0,0,333,,ICAN HEADMASK,SC00,RM00,,,,,,,,,0,0,,H,USD,1120.45,0,1120.45,,,,1,EA,1,EA,1,EA,,,,,0,,,0,X,,,,,,NA00,,,,,,,,,,,,2017,,,US00,,0,,0,0,0,,0,2,,,,,,,,,B,,,,0,,,,,0,0,0,,,,,0,,0,0,0,,,,,0,,,,0,0,0,,,,,,,,,,,,,,,,,,,,,,,,,,,,,,,,,,,,,,,,,,,,,,,,,,,,,,,,,,,,,,,,,,,,,,,,,,,,,,,,,,,,,,,,,,,,
375,5000004169,2017,1,1,0,0,0,333,,ICAN HEADMASK,SC00,RM00,,,,,,,,,0,0,,H,USD,6722.69,0,6722.69,,,,6,EA,6,EA,6,EA,,,,,0,,,0,X,,,,,,NA00,,,,,,,,,,,,2017,,,US00,,0,,0,0,0,,0,2,,,,,,,,,B,,,,0,,,,,0,0,0,,,,,0,,0,0,0,,,,,0,,,,0,0,0,,,,,,,,,,,,,,,,,,,,,,,,,,,,,,,,,,,,,,,,,,,,,,,,,,,,,,,,,,,,,,,,,,,,,,,,,,,,,,,,,,,,,,,,,,,,
375,5000004170,2017,1,1,0,0,0,333,,ICAN HEADMASK,SC00,RM00,,,,,,,,,0,0,,H,USD,1120.45,0,1120.45,,,,1,EA,1,EA,1,EA,,,,,0,,,0,X,,,,,,NA00,,,,,,,,,,,,2017,,,US00,,0,,0,0,0,,0,2,,,,,,,,,B,,,,0,,,,,0,0,0,,,,,0,,0,0,0,,,,,0,,,,0,0,0,,,,,,,,,,,,,,,,,,,,,,,,,,,,,,,,,,,,,,,,,,,,,,,,,,,,,,,,,,,,,,,,,,,,,,,,,,,,,,,,,,,,,,,,,,,,
375,5000004171,2017,1,1,0,0,0,333,,ICAN HEADMASK,SC00,RM00,,,,,,,,,0,0,,H,USD,1120.45,0,1120.45,,,,1,EA,1,EA,1,EA,,,,,0,,,0,X,,,,,,NA00,,,,,,,,,,,,2017,,,US00,,0,,0,0,0,,0,2,,,,,,,,,B,,,,0,,,,,0,0,0,,,,,0,,0,0,0,,,,,0,,,,0,0,0,,,,,,,,,,,,,,,,,,,,,,,,,,,,,,,,,,,,,,,,,,,,,,,,,,,,,,,,,,,,,,,,,,,,,,,,,,,,,,,,,,,,,,,,,,,,
375,5000004172,2017,1,1,0,0,0,333,,ICAN HEADMASK,SC00,RM00,,,,,,,,,0,0,,H,USD,16806.72,0,16806.72,,,,15,EA,15,EA,15,EA,,,,,0,,,0,X,,,,,,NA00,,,,,,,,,,,,2017,,,US00,,0,,0,0,0,,0,2,,,,,,,,,B,,,,0,,,,,0,0,0,,,,,0,,0,0,0,,,,,0,,,,0,0,0,,,,,,,,,,,,,,,,,,,,,,,,,,,,,,,,,,,,,,,,,,,,,,,,,,,,,,,,,,,,,,,,,,,,,,,,,,,,,,,,,,,,,,,,,,,,
375,5000004173,2017,1,1,0,0,0,333,,ICAN HEADMASK,SC00,RM00,,,,,,,,,0,0,,H,USD,4481.79,0,4481.79,,,,4,EA,4,EA,4,EA,,,,,0,,,0,X,,,,,,NA00,,,,,,,,,,,,2017,,,US00,,0,,0,0,0,,0,2,,,,,,,,,B,,,,0,,,,,0,0,0,,,,,0,,0,0,0,,,,,0,,,,0,0,0,,,,,,,,,,,,,,,,,,,,,,,,,,,,,,,,,,,,,,,,,,,,,,,,,,,,,,,,,,,,,,,,,,,,,,,,,,,,,,,,,,,,,,,,,,,,
375,5000004174,2017,1,1,0,0,0,333,,ICAN HEADMASK,SC00,RM00,,,,,,,,,0,0,,H,USD,1120.45,0,1120.45,,,,1,EA,1,EA,1,EA,,,,,0,,,0,X,,,,,,NA00,,,,,,,,,,,,2017,,,US00,,0,,0,0,0,,0,2,,,,,,,,,B,,,,0,,,,,0,0,0,,,,,0,,0,0,0,,,,,0,,,,0,0,0,,,,,,,,,,,,,,,,,,,,,,,,,,,,,,,,,,,,,,,,,,,,,,,,,,,,,,,,,,,,,,,,,,,,,,,,,,,,,,,,,,,,,,,,,,,,
375,5000004175,2017,1,1,0,0,0,333,,ICAN HEADMASK,SC00,RM00,,,,,,,,,0,0,,H,USD,11204.48,0,11204.48,,,,10,EA,10,EA,10,EA,,,,,0,,,0,X,,,,,,NA00,,,,,,,,,,,,2017,,,US00,,0,,0,0,0,,0,2,,,,,,,,,B,,,,0,,,,,0,0,0,,,,,0,,0,0,0,,,,,0,,,,0,0,0,,,,,,,,,,,,,,,,,,,,,,,,,,,,,,,,,,,,,,,,,,,,,,,,,,,,,,,,,,,,,,,,,,,,,,,,,,,,,,,,,,,,,,,,,,,,
375,5000004176,2017,1,1,0,0,0,333,,IRON,SC00,RM00,,,,,,,,,0,0,,H,USD,49.24,0,49.24,,,,97,LB,97,LB,97,LB,,,,,0,,,0,X,,,,,,NA00,,,,,,,,,,,,2017,,,US00,,0,,0,0,0,,0,2,,,,,,,,,B,,,,0,,,,,0,0,0,,,,,0,,0,0,0,,,,,0,,,,0,0,0,,,,,,,,,,,,,,,,,,,,,,,,,,,,,,,,,,,,,,,,,,,,,,,,,,,,,,,,,,,,,,,,,,,,,,,,,,,,,,,,,,,,,,,,,,,,
375,5000004177,2017,1,1,0,0,0,333,,IRON,SC00,RM00,,,,,,,,,0,0,,H,USD,63.45,0,63.45,,,,125,LB,125,LB,125,LB,,,,,0,,,0,X,,,,,,NA00,,,,,,,,,,,,2017,,,US00,,0,,0,0,0,,0,2,,,,,,,,,B,,,,0,,,,,0,0,0,,,,,0,,0,0,0,,,,,0,,,,0,0,0,,,,,,,,,,,,,,,,,,,,,,,,,,,,,,,,,,,,,,,,,,,,,,,,,,,,,,,,,,,,,,,,,,,,,,,,,,,,,,,,,,,,,,,,,,,,
375,5000004178,2017,1,1,0,0,0,333,,IRON,SC00,RM00,,,,,,,,,0,0,,H,USD,117.76,0,117.76,,,,232,LB,232,LB,232,LB,,,,,0,,,0,X,,,,,,NA00,,,,,,,,,,,,2017,,,US00,,0,,0,0,0,,0,2,,,,,,,,,B,,,,0,,,,,0,0,0,,,,,0,,0,0,0,,,,,0,,,,0,0,0,,,,,,,,,,,,,,,,,,,,,,,,,,,,,,,,,,,,,,,,,,,,,,,,,,,,,,,,,,,,,,,,,,,,,,,,,,,,,,,,,,,,,,,,,,,,
375,5000004179,2017,1,1,0,0,0,333,,IRON,SC00,RM00,,,,,,,,,0,0,,H,USD,55.84,0,55.84,,,,110,LB,110,LB,110,LB,,,,,0,,,0,X,,,,,,NA00,,,,,,,,,,,,2017,,,US00,,0,,0,0,0,,0,2,,,,,,,,,B,,,,0,,,,,0,0,0,,,,,0,,0,0,0,,,,,0,,,,0,0,0,,,,,,,,,,,,,,,,,,,,,,,,,,,,,,,,,,,,,,,,,,,,,,,,,,,,,,,,,,,,,,,,,,,,,,,,,,,,,,,,,,,,,,,,,,,,
375,5000004180,2017,1,1,0,0,0,333,,IRON,SC00,RM00,,,,,,,,,0,0,,H,USD,107.10,0,107.10,,,,211,LB,211,LB,211,LB,,,,,0,,,0,X,,,,,,NA00,,,,,,,,,,,,2017,,,US00,,0,,0,0,0,,0,2,,,,,,,,,B,,,,0,,,,,0,0,0,,,,,0,,0,0,0,,,,,0,,,,0,0,0,,,,,,,,,,,,,,,,,,,,,,,,,,,,,,,,,,,,,,,,,,,,,,,,,,,,,,,,,,,,,,,,,,,,,,,,,,,,,,,,,,,,,,,,,,,,
375,5000004181,2017,1,1,0,0,0,333,,IRON,SC00,RM00,,,,,,,,,0,0,,H,USD,206.09,0,206.09,,,,406,LB,406,LB,406,LB,,,,,0,,,0,X,,,,,,NA00,,,,,,,,,,,,2017,,,US00,,0,,0,0,0,,0,2,,,,,,,,,B,,,,0,,,,,0,0,0,,,,,0,,0,0,0,,,,,0,,,,0,0,0,,,,,,,,,,,,,,,,,,,,,,,,,,,,,,,,,,,,,,,,,,,,,,,,,,,,,,,,,,,,,,,,,,,,,,,,,,,,,,,,,,,,,,,,,,,,
375,5000004182,2017,1,1,0,0,0,333,,KRYPTONITE,SC00,RM00,,,,,,,,,0,0,,H,USD,97723.94,0,97723.94,,,,3330,LB,3330,LB,3330,LB,,,,,0,,,0,X,,,,,,NA00,,,,,,,,,,,,2017,,,US00,,0,,0,0,0,,0,2,,,,,,,,,B,,,,0,,,,,0,0,0,,,,,0,,0,0,0,,,,,0,,,,0,0,0,,,,,,,,,,,,,,,,,,,,,,,,,,,,,,,,,,,,,,,,,,,,,,,,,,,,,,,,,,,,,,,,,,,,,,,,,,,,,,,,,,,,,,,,,,,,
375,5000004183,2017,1,1,0,0,0,333,,KRYPTONITE,SC00,RM00,,,,,,,,,0,0,,H,USD,207362.57,0,207362.57,,,,7066,LB,7066,LB,7066,LB,,,,,0,,,0,X,,,,,,NA00,,,,,,,,,,,,2017,,,US00,,0,,0,0,0,,0,2,,,,,,,,,B,,,,0,,,,,0,0,0,,,,,0,,0,0,0,,,,,0,,,,0,0,0,,,,,,,,,,,,,,,,,,,,,,,,,,,,,,,,,,,,,,,,,,,,,,,,,,,,,,,,,,,,,,,,,,,,,,,,,,,,,,,,,,,,,,,,,,,,
375,5000004184,2017,1,1,0,0,0,333,,KRYPTONITE,SC00,RM00,,,,,,,,,0,0,,H,USD,48421.77,0,48421.77,,,,1650,LB,1650,LB,1650,LB,,,,,0,,,0,X,,,,,,NA00,,,,,,,,,,,,2017,,,US00,,0,,0,0,0,,0,2,,,,,,,,,B,,,,0,,,,,0,0,0,,,,,0,,0,0,0,,,,,0,,,,0,0,0,,,,,,,,,,,,,,,,,,,,,,,,,,,,,,,,,,,,,,,,,,,,,,,,,,,,,,,,,,,,,,,,,,,,,,,,,,,,,,,,,,,,,,,,,,,,
375,5000004185,2017,1,1,0,0,0,333,,KRYPTONITE,SC00,RM00,,,,,,,,,0,0,,H,USD,91473.13,0,91473.13,,,,3117,LB,3117,LB,3117,LB,,,,,0,,,0,X,,,,,,NA00,,,,,,,,,,,,2017,,,US00,,0,,0,0,0,,0,2,,,,,,,,,B,,,,0,,,,,0,0,0,,,,,0,,0,0,0,,,,,0,,,,0,0,0,,,,,,,,,,,,,,,,,,,,,,,,,,,,,,,,,,,,,,,,,,,,,,,,,,,,,,,,,,,,,,,,,,,,,,,,,,,,,,,,,,,,,,,,,,,,
375,5000004186,2017,1,1,0,0,0,333,,KRYPTONITE,SC00,RM00,,,,,,,,,0,0,,H,USD,92060.06,0,92060.06,,,,3137,LB,3137,LB,3137,LB,,,,,0,,,0,X,,,,,,NA00,,,,,,,,,,,,2017,,,US00,,0,,0,0,0,,0,2,,,,,,,,,B,,,,0,,,,,0,0,0,,,,,0,,0,0,0,,,,,0,,,,0,0,0,,,,,,,,,,,,,,,,,,,,,,,,,,,,,,,,,,,,,,,,,,,,,,,,,,,,,,,,,,,,,,,,,,,,,,,,,,,,,,,,,,,,,,,,,,,,
375,5000004187,2017,1,1,0,0,0,333,,KRYPTONITE,SC00,RM00,,,,,,,,,0,0,,H,USD,17784.00,0,17784.00,,,,606,LB,606,LB,606,LB,,,,,0,,,0,X,,,,,,NA00,,,,,,,,,,,,2017,,,US00,,0,,0,0,0,,0,2,,,,,,,,,B,,,,0,,,,,0,0,0,,,,,0,,0,0,0,,,,,0,,,,0,0,0,,,,,,,,,,,,,,,,,,,,,,,,,,,,,,,,,,,,,,,,,,,,,,,,,,,,,,,,,,,,,,,,,,,,,,,,,,,,,,,,,,,,,,,,,,,,
375,5000004188,2017,1,1,0,0,0,333,,MAGICDUST,SC00,RM00,,,,,,,,,0,0,,H,USD,661.61,0,661.61,,,,19,LB,19,LB,19,LB,,,,,0,,,0,X,,,,,,NA00,,,,,,,,,,,,2017,,,US00,,0,,0,0,0,,0,2,,,,,,,,,B,,,,0,,,,,0,0,0,,,,,0,,0,0,0,,,,,0,,,,0,0,0,,,,,,,,,,,,,,,,,,,,,,,,,,,,,,,,,,,,,,,,,,,,,,,,,,,,,,,,,,,,,,,,,,,,,,,,,,,,,,,,,,,,,,,,,,,,
375,5000004189,2017,1,1,0,0,0,333,,MAGICDUST,SC00,RM00,,,,,,,,,0,0,,H,USD,1114.29,0,1114.29,,,,32,LB,32,LB,32,LB,,,,,0,,,0,X,,,,,,NA00,,,,,,,,,,,,2017,,,US00,,0,,0,0,0,,0,2,,,,,,,,,B,,,,0,,,,,0,0,0,,,,,0,,0,0,0,,,,,0,,,,0,0,0,,,,,,,,,,,,,,,,,,,,,,,,,,,,,,,,,,,,,,,,,,,,,,,,,,,,,,,,,,,,,,,,,,,,,,,,,,,,,,,,,,,,,,,,,,,,
375,5000004190,2017,1,1,0,0,0,333,,MAGICDUST,SC00,RM00,,,,,,,,,0,0,,H,USD,243.75,0,243.75,,,,7,LB,7,LB,7,LB,,,,,0,,,0,X,,,,,,NA00,,,,,,,,,,,,2017,,,US00,,0,,0,0,0,,0,2,,,,,,,,,B,,,,0,,,,,0,0,0,,,,,0,,0,0,0,,,,,0,,,,0,0,0,,,,,,,,,,,,,,,,,,,,,,,,,,,,,,,,,,,,,,,,,,,,,,,,,,,,,,,,,,,,,,,,,,,,,,,,,,,,,,,,,,,,,,,,,,,,
375,5000004191,2017,1,1,0,0,0,333,,MAGICDUST,SC00,RM00,,,,,,,,,0,0,,H,USD,243.75,0,243.75,,,,7,LB,7,LB,7,LB,,,,,0,,,0,X,,,,,,NA00,,,,,,,,,,,,2017,,,US00,,0,,0,0,0,,0,2,,,,,,,,,B,,,,0,,,,,0,0,0,,,,,0,,0,0,0,,,,,0,,,,0,0,0,,,,,,,,,,,,,,,,,,,,,,,,,,,,,,,,,,,,,,,,,,,,,,,,,,,,,,,,,,,,,,,,,,,,,,,,,,,,,,,,,,,,,,,,,,,,
375,5000004192,2017,1,1,0,0,0,333,,MAGICDUST,SC00,RM00,,,,,,,,,0,0,,H,USD,313.39,0,313.39,,,,9,LB,9,LB,9,LB,,,,,0,,,0,X,,,,,,NA00,,,,,,,,,,,,2017,,,US00,,0,,0,0,0,,0,2,,,,,,,,,B,,,,0,,,,,0,0,0,,,,,0,,0,0,0,,,,,0,,,,0,0,0,,,,,,,,,,,,,,,,,,,,,,,,,,,,,,,,,,,,,,,,,,,,,,,,,,,,,,,,,,,,,,,,,,,,,,,,,,,,,,,,,,,,,,,,,,,,
375,5000004193,2017,1,1,0,0,0,333,,MAGICDUST,SC00,RM00,,,,,,,,,0,0,,H,USD,1079.47,0,1079.47,,,,31,LB,31,LB,31,LB,,,,,0,,,0,X,,,,,,NA00,,,,,,,,,,,,2017,,,US00,,0,,0,0,0,,0,2,,,,,,,,,B,,,,0,,,,,0,0,0,,,,,0,,0,0,0,,,,,0,,,,0,0,0,,,,,,,,,,,,,,,,,,,,,,,,,,,,,,,,,,,,,,,,,,,,,,,,,,,,,,,,,,,,,,,,,,,,,,,,,,,,,,,,,,,,,,,,,,,,
375,5000004194,2017,1,1,0,0,0,333,,MAGICDUST,SC00,RM00,,,,,,,,,0,0,,H,USD,2890.20,0,2890.20,,,,83,LB,83,LB,83,LB,,,,,0,,,0,X,,,,,,NA00,,,,,,,,,,,,2017,,,US00,,0,,0,0,0,,0,2,,,,,,,,,B,,,,0,,,,,0,0,0,,,,,0,,0,0,0,,,,,0,,,,0,0,0,,,,,,,,,,,,,,,,,,,,,,,,,,,,,,,,,,,,,,,,,,,,,,,,,,,,,,,,,,,,,,,,,,,,,,,,,,,,,,,,,,,,,,,,,,,,
375,5000004195,2017,1,1,0,0,0,333,,ORANGE,SC00,RM00,,,,,,,,,0,0,,H,USD,71954.03,0,71954.03,,,,216,TO,216,TO,216,TO,,,,,0,,,0,X,,,,,,NA00,,,,,,,,,,,,2017,,,US00,,0,,0,0,0,,0,2,,,,,,,,,B,,,,0,,,,,0,0,0,,,,,0,,0,0,0,,,,,0,,,,0,0,0,,,,,,,,,,,,,,,,,,,,,,,,,,,,,,,,,,,,,,,,,,,,,,,,,,,,,,,,,,,,,,,,,,,,,,,,,,,,,,,,,,,,,,,,,,,,
375,5000004196,2017,1,1,0,0,0,333,,ORANGE,SC00,RM00,,,,,,,,,0,0,,H,USD,57962.97,0,57962.97,,,,174,TO,174,TO,174,TO,,,,,0,,,0,X,,,,,,NA00,,,,,,,,,,,,2017,,,US00,,0,,0,0,0,,0,2,,,,,,,,,B,,,,0,,,,,0,0,0,,,,,0,,0,0,0,,,,,0,,,,0,0,0,,,,,,,,,,,,,,,,,,,,,,,,,,,,,,,,,,,,,,,,,,,,,,,,,,,,,,,,,,,,,,,,,,,,,,,,,,,,,,,,,,,,,,,,,,,,
375,5000004197,2017,1,1,0,0,0,333,,ORANGE,SC00,RM00,,,,,,,,,0,0,,H,USD,25650.28,0,25650.28,,,,77,TO,77,TO,77,TO,,,,,0,,,0,X,,,,,,NA00,,,,,,,,,,,,2017,,,US00,,0,,0,0,0,,0,2,,,,,,,,,B,,,,0,,,,,0,0,0,,,,,0,,0,0,0,,,,,0,,,,0,0,0,,,,,,,,,,,,,,,,,,,,,,,,,,,,,,,,,,,,,,,,,,,,,,,,,,,,,,,,,,,,,,,,,,,,,,,,,,,,,,,,,,,,,,,,,,,,
375,5000004198,2017,1,1,0,0,0,333,,ORANGE,SC00,RM00,,,,,,,,,0,0,,H,USD,47303.11,0,47303.11,,,,142,TO,142,TO,142,TO,,,,,0,,,0,X,,,,,,NA00,,,,,,,,,,,,2017,,,US00,,0,,0,0,0,,0,2,,,,,,,,,B,,,,0,,,,,0,0,0,,,,,0,,0,0,0,,,,,0,,,,0,0,0,,,,,,,,,,,,,,,,,,,,,,,,,,,,,,,,,,,,,,,,,,,,,,,,,,,,,,,,,,,,,,,,,,,,,,,,,,,,,,,,,,,,,,,,,,,,
375,5000004199,2017,1,1,0,0,0,333,,ORANGE,SC00,RM00,,,,,,,,,0,0,,H,USD,66624.10,0,66624.10,,,,200,TO,200,TO,200,TO,,,,,0,,,0,X,,,,,,NA00,,,,,,,,,,,,2017,,,US00,,0,,0,0,0,,0,2,,,,,,,,,B,,,,0,,,,,0,0,0,,,,,0,,0,0,0,,,,,0,,,,0,0,0,,,,,,,,,,,,,,,,,,,,,,,,,,,,,,,,,,,,,,,,,,,,,,,,,,,,,,,,,,,,,,,,,,,,,,,,,,,,,,,,,,,,,,,,,,,,
375,5000004200,2017,1,1,0,0,0,333,,PALLADIUM,SC00,RM00,,,,,,,,,0,0,,H,USD,10.16,0,10.16,,,,2,G,2,G,2,G,,,,,0,,,0,X,,,,,,NA00,,,,,,,,,,,,2017,,,US00,,0,,0,0,0,,0,2,,,,,,,,,B,,,,0,,,,,0,0,0,,,,,0,,0,0,0,,,,,0,,,,0,0,0,,,,,,,,,,,,,,,,,,,,,,,,,,,,,,,,,,,,,,,,,,,,,,,,,,,,,,,,,,,,,,,,,,,,,,,,,,,,,,,,,,,,,,,,,,,,
375,5000004201,2017,1,1,0,0,0,333,,PALLADIUM,SC00,RM00,,,,,,,,,0,0,,H,USD,55.87,0,55.87,,,,11,G,11,G,11,G,,,,,0,,,0,X,,,,,,NA00,,,,,,,,,,,,2017,,,US00,,0,,0,0,0,,0,2,,,,,,,,,B,,,,0,,,,,0,0,0,,,,,0,,0,0,0,,,,,0,,,,0,0,0,,,,,,,,,,,,,,,,,,,,,,,,,,,,,,,,,,,,,,,,,,,,,,,,,,,,,,,,,,,,,,,,,,,,,,,,,,,,,,,,,,,,,,,,,,,,
375,5000004202,2017,1,1,0,0,0,333,,PALLADIUM,SC00,RM00,,,,,,,,,0,0,,H,USD,20.31,0,20.31,,,,4,G,4,G,4,G,,,,,0,,,0,X,,,,,,NA00,,,,,,,,,,,,2017,,,US00,,0,,0,0,0,,0,2,,,,,,,,,B,,,,0,,,,,0,0,0,,,,,0,,0,0,0,,,,,0,,,,0,0,0,,,,,,,,,,,,,,,,,,,,,,,,,,,,,,,,,,,,,,,,,,,,,,,,,,,,,,,,,,,,,,,,,,,,,,,,,,,,,,,,,,,,,,,,,,,,
375,5000004203,2017,1,1,0,0,0,333,,PALLADIUM,SC00,RM00,,,,,,,,,0,0,,H,USD,30.47,0,30.47,,,,6,G,6,G,6,G,,,,,0,,,0,X,,,,,,NA00,,,,,,,,,,,,2017,,,US00,,0,,0,0,0,,0,2,,,,,,,,,B,,,,0,,,,,0,0,0,,,,,0,,0,0,0,,,,,0,,,,0,0,0,,,,,,,,,,,,,,,,,,,,,,,,,,,,,,,,,,,,,,,,,,,,,,,,,,,,,,,,,,,,,,,,,,,,,,,,,,,,,,,,,,,,,,,,,,,,
375,5000004204,2017,1,1,0,0,0,333,,PALLADIUM,SC00,RM00,,,,,,,,,0,0,,H,USD,20.31,0,20.31,,,,4,G,4,G,4,G,,,,,0,,,0,X,,,,,,NA00,,,,,,,,,,,,2017,,,US00,,0,,0,0,0,,0,2,,,,,,,,,B,,,,0,,,,,0,0,0,,,,,0,,0,0,0,,,,,0,,,,0,0,0,,,,,,,,,,,,,,,,,,,,,,,,,,,,,,,,,,,,,,,,,,,,,,,,,,,,,,,,,,,,,,,,,,,,,,,,,,,,,,,,,,,,,,,,,,,,
375,5000004205,2017,1,1,0,0,0,333,,PALLADIUM,SC00,RM00,,,,,,,,,0,0,,H,USD,40.63,0,40.63,,,,8,G,8,G,8,G,,,,,0,,,0,X,,,,,,NA00,,,,,,,,,,,,2017,,,US00,,0,,0,0,0,,0,2,,,,,,,,,B,,,,0,,,,,0,0,0,,,,,0,,0,0,0,,,,,0,,,,0,0,0,,,,,,,,,,,,,,,,,,,,,,,,,,,,,,,,,,,,,,,,,,,,,,,,,,,,,,,,,,,,,,,,,,,,,,,,,,,,,,,,,,,,,,,,,,,,
375,5000004206,2017,1,1,0,0,0,333,,PALLADIUM,SC00,RM00,,,,,,,,,0,0,,H,USD,10.16,0,10.16,,,,2,G,2,G,2,G,,,,,0,,,0,X,,,,,,NA00,,,,,,,,,,,,2017,,,US00,,0,,0,0,0,,0,2,,,,,,,,,B,,,,0,,,,,0,0,0,,,,,0,,0,0,0,,,,,0,,,,0,0,0,,,,,,,,,,,,,,,,,,,,,,,,,,,,,,,,,,,,,,,,,,,,,,,,,,,,,,,,,,,,,,,,,,,,,,,,,,,,,,,,,,,,,,,,,,,,
375,5000004207,2017,1,1,0,0,0,333,,PAPER,SC00,RM00,,,,,,,,,0,0,,H,USD,0.39,0,0.39,,,,156,LB,156,LB,156,LB,,,,,0,,,0,X,,,,,,NA00,,,,,,,,,,,,2017,,,US00,,0,,0,0,0,,0,2,,,,,,,,,B,,,,0,,,,,0,0,0,,,,,0,,0,0,0,,,,,0,,,,0,0,0,,,,,,,,,,,,,,,,,,,,,,,,,,,,,,,,,,,,,,,,,,,,,,,,,,,,,,,,,,,,,,,,,,,,,,,,,,,,,,,,,,,,,,,,,,,,
375,5000004208,2017,1,1,0,0,0,333,,PAPER,SC00,RM00,,,,,,,,,0,0,,H,USD,0.05,0,0.05,,,,19,LB,19,LB,19,LB,,,,,0,,,0,X,,,,,,NA00,,,,,,,,,,,,2017,,,US00,,0,,0,0,0,,0,2,,,,,,,,,B,,,,0,,,,,0,0,0,,,,,0,,0,0,0,,,,,0,,,,0,0,0,,,,,,,,,,,,,,,,,,,,,,,,,,,,,,,,,,,,,,,,,,,,,,,,,,,,,,,,,,,,,,,,,,,,,,,,,,,,,,,,,,,,,,,,,,,,
375,5000004209,2017,1,1,0,0,0,333,,PAPER,SC00,RM00,,,,,,,,,0,0,,H,USD,0.27,0,0.27,,,,107,LB,107,LB,107,LB,,,,,0,,,0,X,,,,,,NA00,,,,,,,,,,,,2017,,,US00,,0,,0,0,0,,0,2,,,,,,,,,B,,,,0,,,,,0,0,0,,,,,0,,0,0,0,,,,,0,,,,0,0,0,,,,,,,,,,,,,,,,,,,,,,,,,,,,,,,,,,,,,,,,,,,,,,,,,,,,,,,,,,,,,,,,,,,,,,,,,,,,,,,,,,,,,,,,,,,,
375,5000004210,2017,1,1,0,0,0,333,,PAPER,SC00,RM00,,,,,,,,,0,0,,H,USD,0.01,0,0.01,,,,2,LB,2,LB,2,LB,,,,,0,,,0,X,,,,,,NA00,,,,,,,,,,,,2017,,,US00,,0,,0,0,0,,0,2,,,,,,,,,B,,,,0,,,,,0,0,0,,,,,0,,0,0,0,,,,,0,,,,0,0,0,,,,,,,,,,,,,,,,,,,,,,,,,,,,,,,,,,,,,,,,,,,,,,,,,,,,,,,,,,,,,,,,,,,,,,,,,,,,,,,,,,,,,,,,,,,,
375,5000004211,2017,1,1,0,0,0,333,,PAPER,SC00,RM00,,,,,,,,,0,0,,H,USD,0.00,0,0.00,,,,1,LB,1,LB,1,LB,,,,,0,,,0,X,,,,,,NA00,,,,,,,,,,,,2017,,,US00,,0,,0,0,0,,0,2,,,,,,,,,B,,,,0,,,,,0,0,0,,,,,0,,0,0,0,,,,,0,,,,0,0,0,,,,,,,,,,,,,,,,,,,,,,,,,,,,,,,,,,,,,,,,,,,,,,,,,,,,,,,,,,,,,,,,,,,,,,,,,,,,,,,,,,,,,,,,,,,,
375,5000004212,2017,1,1,0,0,0,333,,ROMANIAN RUBY,SC00,RM00,,,,,,,,,0,0,,H,USD,70762.49,0,70762.49,,,,10,G,10,G,10,G,,,,,0,,,0,X,,,,,,NA00,,,,,,,,,,,,2017,,,US00,,0,,0,0,0,,0,2,,,,,,,,,B,,,,0,,,,,0,0,0,,,,,0,,0,0,0,,,,,0,,,,0,0,0,,,,,,,,,,,,,,,,,,,,,,,,,,,,,,,,,,,,,,,,,,,,,,,,,,,,,,,,,,,,,,,,,,,,,,,,,,,,,,,,,,,,,,,,,,,,
375,5000004213,2017,1,1,0,0,0,333,,ROMANIAN RUBY,SC00,RM00,,,,,,,,,0,0,,H,USD,56609.99,0,56609.99,,,,8,G,8,G,8,G,,,,,0,,,0,X,,,,,,NA00,,,,,,,,,,,,2017,,,US00,,0,,0,0,0,,0,2,,,,,,,,,B,,,,0,,,,,0,0,0,,,,,0,,0,0,0,,,,,0,,,,0,0,0,,,,,,,,,,,,,,,,,,,,,,,,,,,,,,,,,,,,,,,,,,,,,,,,,,,,,,,,,,,,,,,,,,,,,,,,,,,,,,,,,,,,,,,,,,,,
375,5000004214,2017,1,1,0,0,0,333,,ROMANIAN RUBY,SC00,RM00,,,,,,,,,0,0,,H,USD,42457.49,0,42457.49,,,,6,G,6,G,6,G,,,,,0,,,0,X,,,,,,NA00,,,,,,,,,,,,2017,,,US00,,0,,0,0,0,,0,2,,,,,,,,,B,,,,0,,,,,0,0,0,,,,,0,,0,0,0,,,,,0,,,,0,0,0,,,,,,,,,,,,,,,,,,,,,,,,,,,,,,,,,,,,,,,,,,,,,,,,,,,,,,,,,,,,,,,,,,,,,,,,,,,,,,,,,,,,,,,,,,,,
375,5000004215,2017,1,1,0,0,0,333,,ROSE ESSENTIAL OIL,SC00,RM00,,,,,,,,,0,0,,H,USD,137.38,0,137.38,,,,44,L,44,L,44,L,,,,,0,,,0,X,,,,,,NA00,,,,,,,,,,,,2017,,,US00,,0,,0,0,0,,0,2,,,,,,,,,B,,,,0,,,,,0,0,0,,,,,0,,0,0,0,,,,,0,,,,0,0,0,,,,,,,,,,,,,,,,,,,,,,,,,,,,,,,,,,,,,,,,,,,,,,,,,,,,,,,,,,,,,,,,,,,,,,,,,,,,,,,,,,,,,,,,,,,,
375,5000004216,2017,1,1,0,0,0,333,,ROSE ESSENTIAL OIL,SC00,RM00,,,,,,,,,0,0,,H,USD,18.73,0,18.73,,,,6,L,6,L,6,L,,,,,0,,,0,X,,,,,,NA00,,,,,,,,,,,,2017,,,US00,,0,,0,0,0,,0,2,,,,,,,,,B,,,,0,,,,,0,0,0,,,,,0,,0,0,0,,,,,0,,,,0,0,0,,,,,,,,,,,,,,,,,,,,,,,,,,,,,,,,,,,,,,,,,,,,,,,,,,,,,,,,,,,,,,,,,,,,,,,,,,,,,,,,,,,,,,,,,,,,
375,5000004217,2017,1,1,0,0,0,333,,ROSE ESSENTIAL OIL,SC00,RM00,,,,,,,,,0,0,,H,USD,46.83,0,46.83,,,,15,L,15,L,15,L,,,,,0,,,0,X,,,,,,NA00,,,,,,,,,,,,2017,,,US00,,0,,0,0,0,,0,2,,,,,,,,,B,,,,0,,,,,0,0,0,,,,,0,,0,0,0,,,,,0,,,,0,0,0,,,,,,,,,,,,,,,,,,,,,,,,,,,,,,,,,,,,,,,,,,,,,,,,,,,,,,,,,,,,,,,,,,,,,,,,,,,,,,,,,,,,,,,,,,,,
375,5000004218,2017,1,1,0,0,0,333,,ROSE ESSENTIAL OIL,SC00,RM00,,,,,,,,,0,0,,H,USD,74.93,0,74.93,,,,24,L,24,L,24,L,,,,,0,,,0,X,,,,,,NA00,,,,,,,,,,,,2017,,,US00,,0,,0,0,0,,0,2,,,,,,,,,B,,,,0,,,,,0,0,0,,,,,0,,0,0,0,,,,,0,,,,0,0,0,,,,,,,,,,,,,,,,,,,,,,,,,,,,,,,,,,,,,,,,,,,,,,,,,,,,,,,,,,,,,,,,,,,,,,,,,,,,,,,,,,,,,,,,,,,,
375,5000004219,2017,1,1,0,0,0,333,,ROSE ESSENTIAL OIL,SC00,RM00,,,,,,,,,0,0,,H,USD,9.37,0,9.37,,,,3,L,3,L,3,L,,,,,0,,,0,X,,,,,,NA00,,,,,,,,,,,,2017,,,US00,,0,,0,0,0,,0,2,,,,,,,,,B,,,,0,,,,,0,0,0,,,,,0,,0,0,0,,,,,0,,,,0,0,0,,,,,,,,,,,,,,,,,,,,,,,,,,,,,,,,,,,,,,,,,,,,,,,,,,,,,,,,,,,,,,,,,,,,,,,,,,,,,,,,,,,,,,,,,,,,
375,5000004220,2017,1,1,0,0,0,333,,ROSE ESSENTIAL OIL,SC00,RM00,,,,,,,,,0,0,,H,USD,6.24,0,6.24,,,,2,L,2,L,2,L,,,,,0,,,0,X,,,,,,NA00,,,,,,,,,,,,2017,,,US00,,0,,0,0,0,,0,2,,,,,,,,,B,,,,0,,,,,0,0,0,,,,,0,,0,0,0,,,,,0,,,,0,0,0,,,,,,,,,,,,,,,,,,,,,,,,,,,,,,,,,,,,,,,,,,,,,,,,,,,,,,,,,,,,,,,,,,,,,,,,,,,,,,,,,,,,,,,,,,,,
375,5000004221,2017,1,1,0,0,0,333,,ROSE ESSENTIAL OIL,SC00,RM00,,,,,,,,,0,0,,H,USD,149.87,0,149.87,,,,48,L,48,L,48,L,,,,,0,,,0,X,,,,,,NA00,,,,,,,,,,,,2017,,,US00,,0,,0,0,0,,0,2,,,,,,,,,B,,,,0,,,,,0,0,0,,,,,0,,0,0,0,,,,,0,,,,0,0,0,,,,,,,,,,,,,,,,,,,,,,,,,,,,,,,,,,,,,,,,,,,,,,,,,,,,,,,,,,,,,,,,,,,,,,,,,,,,,,,,,,,,,,,,,,,,
375,5000004222,2017,1,1,0,0,0,333,,RUBY,SC00,RM00,,,,,,,,,0,0,,H,USD,581.40,0,581.40,,,,1,G,1,G,1,G,,,,,0,,,0,X,,,,,,NA00,,,,,,,,,,,,2017,,,US00,,0,,0,0,0,,0,2,,,,,,,,,B,,,,0,,,,,0,0,0,,,,,0,,0,0,0,,,,,0,,,,0,0,0,,,,,,,,,,,,,,,,,,,,,,,,,,,,,,,,,,,,,,,,,,,,,,,,,,,,,,,,,,,,,,,,,,,,,,,,,,,,,,,,,,,,,,,,,,,,
375,5000004223,2017,1,1,0,0,0,333,,RUSSIAN RUBY,SC00,RM00,,,,,,,,,0,0,,H,USD,147915.89,0,147915.89,,,,49,G,49,G,49,G,,,,,0,,,0,X,,,,,,NA00,,,,,,,,,,,,2017,,,US00,,0,,0,0,0,,0,2,,,,,,,,,B,,,,0,,,,,0,0,0,,,,,0,,0,0,0,,,,,0,,,,0,0,0,,,,,,,,,,,,,,,,,,,,,,,,,,,,,,,,,,,,,,,,,,,,,,,,,,,,,,,,,,,,,,,,,,,,,,,,,,,,,,,,,,,,,,,,,,,,
375,5000004224,2017,1,1,0,0,0,333,,RUSSIAN RUBY,SC00,RM00,,,,,,,,,0,0,,H,USD,6037.38,0,6037.38,,,,2,G,2,G,2,G,,,,,0,,,0,X,,,,,,NA00,,,,,,,,,,,,2017,,,US00,,0,,0,0,0,,0,2,,,,,,,,,B,,,,0,,,,,0,0,0,,,,,0,,0,0,0,,,,,0,,,,0,0,0,,,,,,,,,,,,,,,,,,,,,,,,,,,,,,,,,,,,,,,,,,,,,,,,,,,,,,,,,,,,,,,,,,,,,,,,,,,,,,,,,,,,,,,,,,,,
375,5000004225,2017,1,1,0,0,0,333,,RUSSIAN RUBY,SC00,RM00,,,,,,,,,0,0,,H,USD,27168.22,0,27168.22,,,,9,G,9,G,9,G,,,,,0,,,0,X,,,,,,NA00,,,,,,,,,,,,2017,,,US00,,0,,0,0,0,,0,2,,,,,,,,,B,,,,0,,,,,0,0,0,,,,,0,,0,0,0,,,,,0,,,,0,0,0,,,,,,,,,,,,,,,,,,,,,,,,,,,,,,,,,,,,,,,,,,,,,,,,,,,,,,,,,,,,,,,,,,,,,,,,,,,,,,,,,,,,,,,,,,,,
375,5000004226,2017,1,1,0,0,0,333,,RUSSIAN RUBY,SC00,RM00,,,,,,,,,0,0,,H,USD,6037.38,0,6037.38,,,,2,G,2,G,2,G,,,,,0,,,0,X,,,,,,NA00,,,,,,,,,,,,2017,,,US00,,0,,0,0,0,,0,2,,,,,,,,,B,,,,0,,,,,0,0,0,,,,,0,,0,0,0,,,,,0,,,,0,0,0,,,,,,,,,,,,,,,,,,,,,,,,,,,,,,,,,,,,,,,,,,,,,,,,,,,,,,,,,,,,,,,,,,,,,,,,,,,,,,,,,,,,,,,,,,,,
375,5000004227,2017,1,1,0,0,0,333,,RUSSIAN RUBY,SC00,RM00,,,,,,,,,0,0,,H,USD,9056.07,0,9056.07,,,,3,G,3,G,3,G,,,,,0,,,0,X,,,,,,NA00,,,,,,,,,,,,2017,,,US00,,0,,0,0,0,,0,2,,,,,,,,,B,,,,0,,,,,0,0,0,,,,,0,,0,0,0,,,,,0,,,,0,0,0,,,,,,,,,,,,,,,,,,,,,,,,,,,,,,,,,,,,,,,,,,,,,,,,,,,,,,,,,,,,,,,,,,,,,,,,,,,,,,,,,,,,,,,,,,,,
375,5000004228,2017,1,1,0,0,0,333,,RUSSIAN RUBY,SC00,RM00,,,,,,,,,0,0,,H,USD,144897.19,0,144897.19,,,,48,G,48,G,48,G,,,,,0,,,0,X,,,,,,NA00,,,,,,,,,,,,2017,,,US00,,0,,0,0,0,,0,2,,,,,,,,,B,,,,0,,,,,0,0,0,,,,,0,,0,0,0,,,,,0,,,,0,0,0,,,,,,,,,,,,,,,,,,,,,,,,,,,,,,,,,,,,,,,,,,,,,,,,,,,,,,,,,,,,,,,,,,,,,,,,,,,,,,,,,,,,,,,,,,,,
375,5000004229,2017,1,1,0,0,0,333,,SA SAPPHIRE,SC00,RM00,,,,,,,,,0,0,,H,USD,6480.22,0,6480.22,,,,2,G,2,G,2,G,,,,,0,,,0,X,,,,,,NA00,,,,,,,,,,,,2017,,,US00,,0,,0,0,0,,0,2,,,,,,,,,B,,,,0,,,,,0,0,0,,,,,0,,0,0,0,,,,,0,,,,0,0,0,,,,,,,,,,,,,,,,,,,,,,,,,,,,,,,,,,,,,,,,,,,,,,,,,,,,,,,,,,,,,,,,,,,,,,,,,,,,,,,,,,,,,,,,,,,,
375,5000004230,2017,1,1,0,0,0,333,,SA SAPPHIRE,SC00,RM00,,,,,,,,,0,0,,H,USD,6480.22,0,6480.22,,,,2,G,2,G,2,G,,,,,0,,,0,X,,,,,,NA00,,,,,,,,,,,,2017,,,US00,,0,,0,0,0,,0,2,,,,,,,,,B,,,,0,,,,,0,0,0,,,,,0,,0,0,0,,,,,0,,,,0,0,0,,,,,,,,,,,,,,,,,,,,,,,,,,,,,,,,,,,,,,,,,,,,,,,,,,,,,,,,,,,,,,,,,,,,,,,,,,,,,,,,,,,,,,,,,,,,
375,5000004231,2017,1,1,0,0,0,333,,SA SAPPHIRE,SC00,RM00,,,,,,,,,0,0,,H,USD,64802.19,0,64802.19,,,,20,G,20,G,20,G,,,,,0,,,0,X,,,,,,NA00,,,,,,,,,,,,2017,,,US00,,0,,0,0,0,,0,2,,,,,,,,,B,,,,0,,,,,0,0,0,,,,,0,,0,0,0,,,,,0,,,,0,0,0,,,,,,,,,,,,,,,,,,,,,,,,,,,,,,,,,,,,,,,,,,,,,,,,,,,,,,,,,,,,,,,,,,,,,,,,,,,,,,,,,,,,,,,,,,,,
375,5000004232,2017,1,1,0,0,0,333,,SA SAPPHIRE,SC00,RM00,,,,,,,,,0,0,,H,USD,61562.08,0,61562.08,,,,19,G,19,G,19,G,,,,,0,,,0,X,,,,,,NA00,,,,,,,,,,,,2017,,,US00,,0,,0,0,0,,0,2,,,,,,,,,B,,,,0,,,,,0,0,0,,,,,0,,0,0,0,,,,,0,,,,0,0,0,,,,,,,,,,,,,,,,,,,,,,,,,,,,,,,,,,,,,,,,,,,,,,,,,,,,,,,,,,,,,,,,,,,,,,,,,,,,,,,,,,,,,,,,,,,,
375,5000004233,2017,1,1,0,0,0,333,,SA SAPPHIRE,SC00,RM00,,,,,,,,,0,0,,H,USD,38881.31,0,38881.31,,,,12,G,12,G,12,G,,,,,0,,,0,X,,,,,,NA00,,,,,,,,,,,,2017,,,US00,,0,,0,0,0,,0,2,,,,,,,,,B,,,,0,,,,,0,0,0,,,,,0,,0,0,0,,,,,0,,,,0,0,0,,,,,,,,,,,,,,,,,,,,,,,,,,,,,,,,,,,,,,,,,,,,,,,,,,,,,,,,,,,,,,,,,,,,,,,,,,,,,,,,,,,,,,,,,,,,
375,5000004234,2017,1,1,0,0,0,333,,SA SAPPHIRE,SC00,RM00,,,,,,,,,0,0,,H,USD,106923.61,0,106923.61,,,,33,G,33,G,33,G,,,,,0,,,0,X,,,,,,NA00,,,,,,,,,,,,2017,,,US00,,0,,0,0,0,,0,2,,,,,,,,,B,,,,0,,,,,0,0,0,,,,,0,,0,0,0,,,,,0,,,,0,0,0,,,,,,,,,,,,,,,,,,,,,,,,,,,,,,,,,,,,,,,,,,,,,,,,,,,,,,,,,,,,,,,,,,,,,,,,,,,,,,,,,,,,,,,,,,,,
375,5000004235,2017,1,1,0,0,0,333,,SILVER,SC00,RM00,,,,,,,,,0,0,,H,USD,236.36,0,236.36,,,,12,LB,12,LB,12,LB,,,,,0,,,0,X,,,,,,NA00,,,,,,,,,,,,2017,,,US00,,0,,0,0,0,,0,2,,,,,,,,,B,,,,0,,,,,0,0,0,,,,,0,,0,0,0,,,,,0,,,,0,0,0,,,,,,,,,,,,,,,,,,,,,,,,,,,,,,,,,,,,,,,,,,,,,,,,,,,,,,,,,,,,,,,,,,,,,,,,,,,,,,,,,,,,,,,,,,,,
375,5000004236,2017,1,1,0,0,0,333,,SILVER,SC00,RM00,,,,,,,,,0,0,,H,USD,1103.01,0,1103.01,,,,56,LB,56,LB,56,LB,,,,,0,,,0,X,,,,,,NA00,,,,,,,,,,,,2017,,,US00,,0,,0,0,0,,0,2,,,,,,,,,B,,,,0,,,,,0,0,0,,,,,0,,0,0,0,,,,,0,,,,0,0,0,,,,,,,,,,,,,,,,,,,,,,,,,,,,,,,,,,,,,,,,,,,,,,,,,,,,,,,,,,,,,,,,,,,,,,,,,,,,,,,,,,,,,,,,,,,,
375,5000004237,2017,1,1,0,0,0,333,,SILVER,SC00,RM00,,,,,,,,,0,0,,H,USD,590.90,0,590.90,,,,30,LB,30,LB,30,LB,,,,,0,,,0,X,,,,,,NA00,,,,,,,,,,,,2017,,,US00,,0,,0,0,0,,0,2,,,,,,,,,B,,,,0,,,,,0,0,0,,,,,0,,0,0,0,,,,,0,,,,0,0,0,,,,,,,,,,,,,,,,,,,,,,,,,,,,,,,,,,,,,,,,,,,,,,,,,,,,,,,,,,,,,,,,,,,,,,,,,,,,,,,,,,,,,,,,,,,,
375,5000004238,2017,1,1,0,0,0,333,,SILVER,SC00,RM00,,,,,,,,,0,0,,H,USD,689.38,0,689.38,,,,35,LB,35,LB,35,LB,,,,,0,,,0,X,,,,,,NA00,,,,,,,,,,,,2017,,,US00,,0,,0,0,0,,0,2,,,,,,,,,B,,,,0,,,,,0,0,0,,,,,0,,0,0,0,,,,,0,,,,0,0,0,,,,,,,,,,,,,,,,,,,,,,,,,,,,,,,,,,,,,,,,,,,,,,,,,,,,,,,,,,,,,,,,,,,,,,,,,,,,,,,,,,,,,,,,,,,,
375,5000004239,2017,1,1,0,0,0,333,,SILVER,SC00,RM00,,,,,,,,,0,0,,H,USD,492.42,0,492.42,,,,25,LB,25,LB,25,LB,,,,,0,,,0,X,,,,,,NA00,,,,,,,,,,,,2017,,,US00,,0,,0,0,0,,0,2,,,,,,,,,B,,,,0,,,,,0,0,0,,,,,0,,0,0,0,,,,,0,,,,0,0,0,,,,,,,,,,,,,,,,,,,,,,,,,,,,,,,,,,,,,,,,,,,,,,,,,,,,,,,,,,,,,,,,,,,,,,,,,,,,,,,,,,,,,,,,,,,,
375,5000004240,2017,1,1,0,0,0,333,,SILVER,SC00,RM00,,,,,,,,,0,0,,H,USD,1969.67,0,1969.67,,,,100,LB,100,LB,100,LB,,,,,0,,,0,X,,,,,,NA00,,,,,,,,,,,,2017,,,US00,,0,,0,0,0,,0,2,,,,,,,,,B,,,,0,,,,,0,0,0,,,,,0,,0,0,0,,,,,0,,,,0,0,0,,,,,,,,,,,,,,,,,,,,,,,,,,,,,,,,,,,,,,,,,,,,,,,,,,,,,,,,,,,,,,,,,,,,,,,,,,,,,,,,,,,,,,,,,,,,
375,5000004241,2017,1,1,0,0,0,333,,SILVER,SC00,RM00,,,,,,,,,0,0,,H,USD,571.20,0,571.20,,,,29,LB,29,LB,29,LB,,,,,0,,,0,X,,,,,,NA00,,,,,,,,,,,,2017,,,US00,,0,,0,0,0,,0,2,,,,,,,,,B,,,,0,,,,,0,0,0,,,,,0,,0,0,0,,,,,0,,,,0,0,0,,,,,,,,,,,,,,,,,,,,,,,,,,,,,,,,,,,,,,,,,,,,,,,,,,,,,,,,,,,,,,,,,,,,,,,,,,,,,,,,,,,,,,,,,,,,
375,5000004242,2017,1,1,0,0,0,333,,TEST,SC00,RM00,,,,,,,,,0,0,,H,USD,645.53,0,645.53,,,,73,LB,73,LB,73,LB,,,,,0,,,0,X,,,,,,NA00,,,,,,,,,,,,2017,,,US00,,0,,0,0,0,,0,2,,,,,,,,,B,,,,0,,,,,0,0,0,,,,,0,,0,0,0,,,,,0,,,,0,0,0,,,,,,,,,,,,,,,,,,,,,,,,,,,,,,,,,,,,,,,,,,,,,,,,,,,,,,,,,,,,,,,,,,,,,,,,,,,,,,,,,,,,,,,,,,,,
375,5000004243,2017,1,1,0,0,0,333,,TEST,SC00,RM00,,,,,,,,,0,0,,H,USD,185.70,0,185.70,,,,21,LB,21,LB,21,LB,,,,,0,,,0,X,,,,,,NA00,,,,,,,,,,,,2017,,,US00,,0,,0,0,0,,0,2,,,,,,,,,B,,,,0,,,,,0,0,0,,,,,0,,0,0,0,,,,,0,,,,0,0,0,,,,,,,,,,,,,,,,,,,,,,,,,,,,,,,,,,,,,,,,,,,,,,,,,,,,,,,,,,,,,,,,,,,,,,,,,,,,,,,,,,,,,,,,,,,,
375,5000004244,2017,1,1,0,0,0,333,,TEST,SC00,RM00,,,,,,,,,0,0,,H,USD,3174.60,0,3174.60,,,,359,LB,359,LB,359,LB,,,,,0,,,0,X,,,,,,NA00,,,,,,,,,,,,2017,,,US00,,0,,0,0,0,,0,2,,,,,,,,,B,,,,0,,,,,0,0,0,,,,,0,,0,0,0,,,,,0,,,,0,0,0,,,,,,,,,,,,,,,,,,,,,,,,,,,,,,,,,,,,,,,,,,,,,,,,,,,,,,,,,,,,,,,,,,,,,,,,,,,,,,,,,,,,,,,,,,,,
375,5000004245,2017,1,1,0,0,0,333,,WALLET,SC00,RM00,,,,,,,,,0,0,,H,USD,0.38,0,0.38,,,,27,LB,27,LB,27,LB,,,,,0,,,0,X,,,,,,NA00,,,,,,,,,,,,2017,,,US00,,0,,0,0,0,,0,2,,,,,,,,,B,,,,0,,,,,0,0,0,,,,,0,,0,0,0,,,,,0,,,,0,0,0,,,,,,,,,,,,,,,,,,,,,,,,,,,,,,,,,,,,,,,,,,,,,,,,,,,,,,,,,,,,,,,,,,,,,,,,,,,,,,,,,,,,,,,,,,,,
375,5000004246,2017,1,1,0,0,0,333,,WALLET,SC00,RM00,,,,,,,,,0,0,,H,USD,0.27,0,0.27,,,,19,LB,19,LB,19,LB,,,,,0,,,0,X,,,,,,NA00,,,,,,,,,,,,2017,,,US00,,0,,0,0,0,,0,2,,,,,,,,,B,,,,0,,,,,0,0,0,,,,,0,,0,0,0,,,,,0,,,,0,0,0,,,,,,,,,,,,,,,,,,,,,,,,,,,,,,,,,,,,,,,,,,,,,,,,,,,,,,,,,,,,,,,,,,,,,,,,,,,,,,,,,,,,,,,,,,,,
375,5000004247,2017,1,1,0,0,0,333,,WALLET,SC00,RM00,,,,,,,,,0,0,,H,USD,0.13,0,0.13,,,,9,LB,9,LB,9,LB,,,,,0,,,0,X,,,,,,NA00,,,,,,,,,,,,2017,,,US00,,0,,0,0,0,,0,2,,,,,,,,,B,,,,0,,,,,0,0,0,,,,,0,,0,0,0,,,,,0,,,,0,0,0,,,,,,,,,,,,,,,,,,,,,,,,,,,,,,,,,,,,,,,,,,,,,,,,,,,,,,,,,,,,,,,,,,,,,,,,,,,,,,,,,,,,,,,,,,,,
375,5000004248,2017,1,1,0,0,0,333,,WALLET,SC00,RM00,,,,,,,,,0,0,,H,USD,0.46,0,0.46,,,,33,LB,33,LB,33,LB,,,,,0,,,0,X,,,,,,NA00,,,,,,,,,,,,2017,,,US00,,0,,0,0,0,,0,2,,,,,,,,,B,,,,0,,,,,0,0,0,,,,,0,,0,0,0,,,,,0,,,,0,0,0,,,,,,,,,,,,,,,,,,,,,,,,,,,,,,,,,,,,,,,,,,,,,,,,,,,,,,,,,,,,,,,,,,,,,,,,,,,,,,,,,,,,,,,,,,,,
375,5000004249,2017,1,1,0,0,0,333,,WALLET,SC00,RM00,,,,,,,,,0,0,,H,USD,0.14,0,0.14,,,,10,LB,10,LB,10,LB,,,,,0,,,0,X,,,,,,NA00,,,,,,,,,,,,2017,,,US00,,0,,0,0,0,,0,2,,,,,,,,,B,,,,0,,,,,0,0,0,,,,,0,,0,0,0,,,,,0,,,,0,0,0,,,,,,,,,,,,,,,,,,,,,,,,,,,,,,,,,,,,,,,,,,,,,,,,,,,,,,,,,,,,,,,,,,,,,,,,,,,,,,,,,,,,,,,,,,,,
375,5000004250,2017,1,1,0,0,0,333,,WALLET,SC00,RM00,,,,,,,,,0,0,,H,USD,0.60,0,0.60,,,,43,LB,43,LB,43,LB,,,,,0,,,0,X,,,,,,NA00,,,,,,,,,,,,2017,,,US00,,0,,0,0,0,,0,2,,,,,,,,,B,,,,0,,,,,0,0,0,,,,,0,,0,0,0,,,,,0,,,,0,0,0,,,,,,,,,,,,,,,,,,,,,,,,,,,,,,,,,,,,,,,,,,,,,,,,,,,,,,,,,,,,,,,,,,,,,,,,,,,,,,,,,,,,,,,,,,,,
375,5000004251,2017,1,1,0,0,0,333,,ZTESTHEXNT,SC00,RM00,,,,,,,,,0,0,,H,USD,1829.73,0,1829.73,,,,441,LB,441,LB,441,LB,,,,,0,,,0,X,,,,,,NA00,,,,,,,,,,,,2017,,,US00,,0,,0,0,0,,0,2,,,,,,,,,B,,,,0,,,,,0,0,0,,,,,0,,0,0,0,,,,,0,,,,0,0,0,,,,,,,,,,,,,,,,,,,,,,,,,,,,,,,,,,,,,,,,,,,,,,,,,,,,,,,,,,,,,,,,,,,,,,,,,,,,,,,,,,,,,,,,,,,,
375,5000004252,2017,1,1,0,0,0,333,,ZTESTHEXNT,SC00,RM00,,,,,,,,,0,0,,H,USD,3970.64,0,3970.64,,,,957,LB,957,LB,957,LB,,,,,0,,,0,X,,,,,,NA00,,,,,,,,,,,,2017,,,US00,,0,,0,0,0,,0,2,,,,,,,,,B,,,,0,,,,,0,0,0,,,,,0,,0,0,0,,,,,0,,,,0,0,0,,,,,,,,,,,,,,,,,,,,,,,,,,,,,,,,,,,,,,,,,,,,,,,,,,,,,,,,,,,,,,,,,,,,,,,,,,,,,,,,,,,,,,,,,,,,
375,5000004253,2017,1,1,0,0,0,333,,ZTESTHEXNT,SC00,RM00,,,,,,,,,0,0,,H,USD,6248.47,0,6248.47,,,,1506,LB,1506,LB,1506,LB,,,,,0,,,0,X,,,,,,NA00,,,,,,,,,,,,2017,,,US00,,0,,0,0,0,,0,2,,,,,,,,,B,,,,0,,,,,0,0,0,,,,,0,,0,0,0,,,,,0,,,,0,0,0,,,,,,,,,,,,,,,,,,,,,,,,,,,,,,,,,,,,,,,,,,,,,,,,,,,,,,,,,,,,,,,,,,,,,,,,,,,,,,,,,,,,,,,,,,,,
375,5000004254,2017,1,1,0,0,0,333,,AAA LUBE,SD00,RM00,,,,,,,,,0,0,,H,USD,15750.00,0,15750.00,,,,3,DR,3,DR,3,DR,,,,,0,,,0,X,,,,,,NA00,,,,,,,,,,,,2017,,,US00,,0,,0,0,0,,0,2,,,,,,,,,B,,,,0,,,,,0,0,0,,,,,0,,0,0,0,,,,,0,,,,0,0,0,,,,,,,,,,,,,,,,,,,,,,,,,,,,,,,,,,,,,,,,,,,,,,,,,,,,,,,,,,,,,,,,,,,,,,,,,,,,,,,,,,,,,,,,,,,,
375,5000004255,2017,1,1,0,0,0,333,,AAA LUBE,SD00,RM00,,,,,,,,,0,0,,H,USD,10500.00,0,10500.00,,,,2,DR,2,DR,2,DR,,,,,0,,,0,X,,,,,,NA00,,,,,,,,,,,,2017,,,US00,,0,,0,0,0,,0,2,,,,,,,,,B,,,,0,,,,,0,0,0,,,,,0,,0,0,0,,,,,0,,,,0,0,0,,,,,,,,,,,,,,,,,,,,,,,,,,,,,,,,,,,,,,,,,,,,,,,,,,,,,,,,,,,,,,,,,,,,,,,,,,,,,,,,,,,,,,,,,,,,
375,5000004256,2017,1,1,0,0,0,333,,AAA LUBE,SD00,RM00,,,,,,,,,0,0,,H,USD,21000.00,0,21000.00,,,,4,DR,4,DR,4,DR,,,,,0,,,0,X,,,,,,NA00,,,,,,,,,,,,2017,,,US00,,0,,0,0,0,,0,2,,,,,,,,,B,,,,0,,,,,0,0,0,,,,,0,,0,0,0,,,,,0,,,,0,0,0,,,,,,,,,,,,,,,,,,,,,,,,,,,,,,,,,,,,,,,,,,,,,,,,,,,,,,,,,,,,,,,,,,,,,,,,,,,,,,,,,,,,,,,,,,,,
375,5000004257,2017,1,1,0,0,0,333,,AAA LUBE,SD00,RM00,,,,,,,,,0,0,,H,USD,26250.00,0,26250.00,,,,5,DR,5,DR,5,DR,,,,,0,,,0,X,,,,,,NA00,,,,,,,,,,,,2017,,,US00,,0,,0,0,0,,0,2,,,,,,,,,B,,,,0,,,,,0,0,0,,,,,0,,0,0,0,,,,,0,,,,0,0,0,,,,,,,,,,,,,,,,,,,,,,,,,,,,,,,,,,,,,,,,,,,,,,,,,,,,,,,,,,,,,,,,,,,,,,,,,,,,,,,,,,,,,,,,,,,,
375,5000004258,2017,1,1,0,0,0,333,,AAA LUBE,SD00,RM00,,,,,,,,,0,0,,H,USD,5250.00,0,5250.00,,,,1,DR,1,DR,1,DR,,,,,0,,,0,X,,,,,,NA00,,,,,,,,,,,,2017,,,US00,,0,,0,0,0,,0,2,,,,,,,,,B,,,,0,,,,,0,0,0,,,,,0,,0,0,0,,,,,0,,,,0,0,0,,,,,,,,,,,,,,,,,,,,,,,,,,,,,,,,,,,,,,,,,,,,,,,,,,,,,,,,,,,,,,,,,,,,,,,,,,,,,,,,,,,,,,,,,,,,
375,5000004259,2017,1,1,0,0,0,333,,AAA LUBE,SD00,RM00,,,,,,,,,0,0,,H,USD,84000.00,0,84000.00,,,,16,DR,16,DR,16,DR,,,,,0,,,0,X,,,,,,NA00,,,,,,,,,,,,2017,,,US00,,0,,0,0,0,,0,2,,,,,,,,,B,,,,0,,,,,0,0,0,,,,,0,,0,0,0,,,,,0,,,,0,0,0,,,,,,,,,,,,,,,,,,,,,,,,,,,,,,,,,,,,,,,,,,,,,,,,,,,,,,,,,,,,,,,,,,,,,,,,,,,,,,,,,,,,,,,,,,,,
375,5000004260,2017,1,1,0,0,0,333,,ADAMANTIUM,SD00,RM00,,,,,,,,,0,0,,H,USD,23373.33,0,23373.33,,,,114,LB,114,LB,114,LB,,,,,0,,,0,X,,,,,,NA00,,,,,,,,,,,,2017,,,US00,,0,,0,0,0,,0,2,,,,,,,,,B,,,,0,,,,,0,0,0,,,,,0,,0,0,0,,,,,0,,,,0,0,0,,,,,,,,,,,,,,,,,,,,,,,,,,,,,,,,,,,,,,,,,,,,,,,,,,,,,,,,,,,,,,,,,,,,,,,,,,,,,,,,,,,,,,,,,,,,
375,5000004261,2017,1,1,0,0,0,333,,ADAMANTIUM,SD00,RM00,,,,,,,,,0,0,,H,USD,127118.12,0,127118.12,,,,620,LB,620,LB,620,LB,,,,,0,,,0,X,,,,,,NA00,,,,,,,,,,,,2017,,,US00,,0,,0,0,0,,0,2,,,,,,,,,B,,,,0,,,,,0,0,0,,,,,0,,0,0,0,,,,,0,,,,0,0,0,,,,,,,,,,,,,,,,,,,,,,,,,,,,,,,,,,,,,,,,,,,,,,,,,,,,,,,,,,,,,,,,,,,,,,,,,,,,,,,,,,,,,,,,,,,,
375,5000004262,2017,1,1,0,0,0,333,,ADAMANTIUM,SD00,RM00,,,,,,,,,0,0,,H,USD,19272.75,0,19272.75,,,,94,LB,94,LB,94,LB,,,,,0,,,0,X,,,,,,NA00,,,,,,,,,,,,2017,,,US00,,0,,0,0,0,,0,2,,,,,,,,,B,,,,0,,,,,0,0,0,,,,,0,,0,0,0,,,,,0,,,,0,0,0,,,,,,,,,,,,,,,,,,,,,,,,,,,,,,,,,,,,,,,,,,,,,,,,,,,,,,,,,,,,,,,,,,,,,,,,,,,,,,,,,,,,,,,,,,,,
375,5000004263,2017,1,1,0,0,0,333,,ANGOLAN AMETHYST,SD00,RM00,,,,,,,,,0,0,,H,USD,8696.60,0,8696.60,,,,4,G,4,G,4,G,,,,,0,,,0,X,,,,,,NA00,,,,,,,,,,,,2017,,,US00,,0,,0,0,0,,0,2,,,,,,,,,B,,,,0,,,,,0,0,0,,,,,0,,0,0,0,,,,,0,,,,0,0,0,,,,,,,,,,,,,,,,,,,,,,,,,,,,,,,,,,,,,,,,,,,,,,,,,,,,,,,,,,,,,,,,,,,,,,,,,,,,,,,,,,,,,,,,,,,,
375,5000004264,2017,1,1,0,0,0,333,,ANGOLAN AMETHYST,SD00,RM00,,,,,,,,,0,0,,H,USD,41308.85,0,41308.85,,,,19,G,19,G,19,G,,,,,0,,,0,X,,,,,,NA00,,,,,,,,,,,,2017,,,US00,,0,,0,0,0,,0,2,,,,,,,,,B,,,,0,,,,,0,0,0,,,,,0,,0,0,0,,,,,0,,,,0,0,0,,,,,,,,,,,,,,,,,,,,,,,,,,,,,,,,,,,,,,,,,,,,,,,,,,,,,,,,,,,,,,,,,,,,,,,,,,,,,,,,,,,,,,,,,,,,
375,5000004265,2017,1,1,0,0,0,333,,ANGOLAN AMETHYST,SD00,RM00,,,,,,,,,0,0,,H,USD,4348.30,0,4348.30,,,,2,G,2,G,2,G,,,,,0,,,0,X,,,,,,NA00,,,,,,,,,,,,2017,,,US00,,0,,0,0,0,,0,2,,,,,,,,,B,,,,0,,,,,0,0,0,,,,,0,,0,0,0,,,,,0,,,,0,0,0,,,,,,,,,,,,,,,,,,,,,,,,,,,,,,,,,,,,,,,,,,,,,,,,,,,,,,,,,,,,,,,,,,,,,,,,,,,,,,,,,,,,,,,,,,,,
375,5000004266,2017,1,1,0,0,0,333,,ANGOLAN AMETHYST,SD00,RM00,,,,,,,,,0,0,,H,USD,19567.35,0,19567.35,,,,9,G,9,G,9,G,,,,,0,,,0,X,,,,,,NA00,,,,,,,,,,,,2017,,,US00,,0,,0,0,0,,0,2,,,,,,,,,B,,,,0,,,,,0,0,0,,,,,0,,0,0,0,,,,,0,,,,0,0,0,,,,,,,,,,,,,,,,,,,,,,,,,,,,,,,,,,,,,,,,,,,,,,,,,,,,,,,,,,,,,,,,,,,,,,,,,,,,,,,,,,,,,,,,,,,,
375,5000004267,2017,1,1,0,0,0,333,,ANGOLAN AMETHYST,SD00,RM00,,,,,,,,,0,0,,H,USD,4348.30,0,4348.30,,,,2,G,2,G,2,G,,,,,0,,,0,X,,,,,,NA00,,,,,,,,,,,,2017,,,US00,,0,,0,0,0,,0,2,,,,,,,,,B,,,,0,,,,,0,0,0,,,,,0,,0,0,0,,,,,0,,,,0,0,0,,,,,,,,,,,,,,,,,,,,,,,,,,,,,,,,,,,,,,,,,,,,,,,,,,,,,,,,,,,,,,,,,,,,,,,,,,,,,,,,,,,,,,,,,,,,
375,5000004268,2017,1,1,0,0,0,333,,ANGOLAN AMETHYST,SD00,RM00,,,,,,,,,0,0,,H,USD,47831.30,0,47831.30,,,,22,G,22,G,22,G,,,,,0,,,0,X,,,,,,NA00,,,,,,,,,,,,2017,,,US00,,0,,0,0,0,,0,2,,,,,,,,,B,,,,0,,,,,0,0,0,,,,,0,,0,0,0,,,,,0,,,,0,0,0,,,,,,,,,,,,,,,,,,,,,,,,,,,,,,,,,,,,,,,,,,,,,,,,,,,,,,,,,,,,,,,,,,,,,,,,,,,,,,,,,,,,,,,,,,,,
375,5000004269,2017,1,1,0,0,0,333,,AUSTRALIAN AMETHYST,SD00,RM00,,,,,,,,,0,0,,H,USD,48611.11,0,48611.11,,,,2,G,2,G,2,G,,,,,0,,,0,X,,,,,,NA00,,,,,,,,,,,,2017,,,US00,,0,,0,0,0,,0,2,,,,,,,,,B,,,,0,,,,,0,0,0,,,,,0,,0,0,0,,,,,0,,,,0,0,0,,,,,,,,,,,,,,,,,,,,,,,,,,,,,,,,,,,,,,,,,,,,,,,,,,,,,,,,,,,,,,,,,,,,,,,,,,,,,,,,,,,,,,,,,,,,
375,5000004270,2017,1,1,0,0,0,333,,AUSTRALIAN AMETHYST,SD00,RM00,,,,,,,,,0,0,,H,USD,48611.11,0,48611.11,,,,2,G,2,G,2,G,,,,,0,,,0,X,,,,,,NA00,,,,,,,,,,,,2017,,,US00,,0,,0,0,0,,0,2,,,,,,,,,B,,,,0,,,,,0,0,0,,,,,0,,0,0,0,,,,,0,,,,0,0,0,,,,,,,,,,,,,,,,,,,,,,,,,,,,,,,,,,,,,,,,,,,,,,,,,,,,,,,,,,,,,,,,,,,,,,,,,,,,,,,,,,,,,,,,,,,,
375,5000004271,2017,1,1,0,0,0,333,,BLUEPAINT,SD00,RM00,,,,,,,,,0,0,,H,USD,912.57,0,912.57,,,,24,L,24,L,24,L,,,,,0,,,0,X,,,,,,NA00,,,,,,,,,,,,2017,,,US00,,0,,0,0,0,,0,2,,,,,,,,,B,,,,0,,,,,0,0,0,,,,,0,,0,0,0,,,,,0,,,,0,0,0,,,,,,,,,,,,,,,,,,,,,,,,,,,,,,,,,,,,,,,,,,,,,,,,,,,,,,,,,,,,,,,,,,,,,,,,,,,,,,,,,,,,,,,,,,,,
375,5000004272,2017,1,1,0,0,0,333,,BLUEPAINT,SD00,RM00,,,,,,,,,0,0,,H,USD,5095.17,0,5095.17,,,,134,L,134,L,134,L,,,,,0,,,0,X,,,,,,NA00,,,,,,,,,,,,2017,,,US00,,0,,0,0,0,,0,2,,,,,,,,,B,,,,0,,,,,0,0,0,,,,,0,,0,0,0,,,,,0,,,,0,0,0,,,,,,,,,,,,,,,,,,,,,,,,,,,,,,,,,,,,,,,,,,,,,,,,,,,,,,,,,,,,,,,,,,,,,,,,,,,,,,,,,,,,,,,,,,,,
375,5000004273,2017,1,1,0,0,0,333,,BLUEPAINT,SD00,RM00,,,,,,,,,0,0,,H,USD,456.28,0,456.28,,,,12,L,12,L,12,L,,,,,0,,,0,X,,,,,,NA00,,,,,,,,,,,,2017,,,US00,,0,,0,0,0,,0,2,,,,,,,,,B,,,,0,,,,,0,0,0,,,,,0,,0,0,0,,,,,0,,,,0,0,0,,,,,,,,,,,,,,,,,,,,,,,,,,,,,,,,,,,,,,,,,,,,,,,,,,,,,,,,,,,,,,,,,,,,,,,,,,,,,,,,,,,,,,,,,,,,
375,5000004274,2017,1,1,0,0,0,333,,BLUEPAINT,SD00,RM00,,,,,,,,,0,0,,H,USD,342.21,0,342.21,,,,9,L,9,L,9,L,,,,,0,,,0,X,,,,,,NA00,,,,,,,,,,,,2017,,,US00,,0,,0,0,0,,0,2,,,,,,,,,B,,,,0,,,,,0,0,0,,,,,0,,0,0,0,,,,,0,,,,0,0,0,,,,,,,,,,,,,,,,,,,,,,,,,,,,,,,,,,,,,,,,,,,,,,,,,,,,,,,,,,,,,,,,,,,,,,,,,,,,,,,,,,,,,,,,,,,,
375,5000004275,2017,1,1,0,0,0,333,,BLUEPAINT,SD00,RM00,,,,,,,,,0,0,,H,USD,418.26,0,418.26,,,,11,L,11,L,11,L,,,,,0,,,0,X,,,,,,NA00,,,,,,,,,,,,2017,,,US00,,0,,0,0,0,,0,2,,,,,,,,,B,,,,0,,,,,0,0,0,,,,,0,,0,0,0,,,,,0,,,,0,0,0,,,,,,,,,,,,,,,,,,,,,,,,,,,,,,,,,,,,,,,,,,,,,,,,,,,,,,,,,,,,,,,,,,,,,,,,,,,,,,,,,,,,,,,,,,,,
375,5000004276,2017,1,1,0,0,0,333,,BLUEPAINT,SD00,RM00,,,,,,,,,0,0,,H,USD,10266.39,0,10266.39,,,,270,L,270,L,270,L,,,,,0,,,0,X,,,,,,NA00,,,,,,,,,,,,2017,,,US00,,0,,0,0,0,,0,2,,,,,,,,,B,,,,0,,,,,0,0,0,,,,,0,,0,0,0,,,,,0,,,,0,0,0,,,,,,,,,,,,,,,,,,,,,,,,,,,,,,,,,,,,,,,,,,,,,,,,,,,,,,,,,,,,,,,,,,,,,,,,,,,,,,,,,,,,,,,,,,,,
375,5000004277,2017,1,1,0,0,0,333,,BLUEPAINT,SD00,RM00,,,,,,,,,0,0,,H,USD,10038.25,0,10038.25,,,,264,L,264,L,264,L,,,,,0,,,0,X,,,,,,NA00,,,,,,,,,,,,2017,,,US00,,0,,0,0,0,,0,2,,,,,,,,,B,,,,0,,,,,0,0,0,,,,,0,,0,0,0,,,,,0,,,,0,0,0,,,,,,,,,,,,,,,,,,,,,,,,,,,,,,,,,,,,,,,,,,,,,,,,,,,,,,,,,,,,,,,,,,,,,,,,,,,,,,,,,,,,,,,,,,,,
375,5000004278,2017,1,1,0,0,0,333,,BLUEPAINT,SD00,RM00,,,,,,,,,0,0,,H,USD,8403.23,0,8403.23,,,,221,L,221,L,221,L,,,,,0,,,0,X,,,,,,NA00,,,,,,,,,,,,2017,,,US00,,0,,0,0,0,,0,2,,,,,,,,,B,,,,0,,,,,0,0,0,,,,,0,,0,0,0,,,,,0,,,,0,0,0,,,,,,,,,,,,,,,,,,,,,,,,,,,,,,,,,,,,,,,,,,,,,,,,,,,,,,,,,,,,,,,,,,,,,,,,,,,,,,,,,,,,,,,,,,,,
375,5000004279,2017,1,1,0,0,0,333,,BOLT1000,SD00,RM00,,,,,,,,,0,0,,H,USD,12.22,0,12.22,,,,10,EA,10,EA,10,EA,,,,,0,,,0,X,,,,,,NA00,,,,,,,,,,,,2017,,,US00,,0,,0,0,0,,0,2,,,,,,,,,B,,,,0,,,,,0,0,0,,,,,0,,0,0,0,,,,,0,,,,0,0,0,,,,,,,,,,,,,,,,,,,,,,,,,,,,,,,,,,,,,,,,,,,,,,,,,,,,,,,,,,,,,,,,,,,,,,,,,,,,,,,,,,,,,,,,,,,,
375,5000004280,2017,1,1,0,0,0,333,,BOLT1000,SD00,RM00,,,,,,,,,0,0,,H,USD,1.22,0,1.22,,,,1,EA,1,EA,1,EA,,,,,0,,,0,X,,,,,,NA00,,,,,,,,,,,,2017,,,US00,,0,,0,0,0,,0,2,,,,,,,,,B,,,,0,,,,,0,0,0,,,,,0,,0,0,0,,,,,0,,,,0,0,0,,,,,,,,,,,,,,,,,,,,,,,,,,,,,,,,,,,,,,,,,,,,,,,,,,,,,,,,,,,,,,,,,,,,,,,,,,,,,,,,,,,,,,,,,,,,
375,5000004281,2017,1,1,0,0,0,333,,BOLT1000,SD00,RM00,,,,,,,,,0,0,,H,USD,1.22,0,1.22,,,,1,EA,1,EA,1,EA,,,,,0,,,0,X,,,,,,NA00,,,,,,,,,,,,2017,,,US00,,0,,0,0,0,,0,2,,,,,,,,,B,,,,0,,,,,0,0,0,,,,,0,,0,0,0,,,,,0,,,,0,0,0,,,,,,,,,,,,,,,,,,,,,,,,,,,,,,,,,,,,,,,,,,,,,,,,,,,,,,,,,,,,,,,,,,,,,,,,,,,,,,,,,,,,,,,,,,,,
375,5000004282,2017,1,1,0,0,0,333,,BOLT1000,SD00,RM00,,,,,,,,,0,0,,H,USD,2.44,0,2.44,,,,2,EA,2,EA,2,EA,,,,,0,,,0,X,,,,,,NA00,,,,,,,,,,,,2017,,,US00,,0,,0,0,0,,0,2,,,,,,,,,B,,,,0,,,,,0,0,0,,,,,0,,0,0,0,,,,,0,,,,0,0,0,,,,,,,,,,,,,,,,,,,,,,,,,,,,,,,,,,,,,,,,,,,,,,,,,,,,,,,,,,,,,,,,,,,,,,,,,,,,,,,,,,,,,,,,,,,,
375,5000004283,2017,1,1,0,0,0,333,,BOTSWANA BLACK PE,SD00,RM00,,,,,,,,,0,0,,H,USD,695249.76,0,695249.76,,,,33,G,33,G,33,G,,,,,0,,,0,X,,,,,,NA00,,,,,,,,,,,,2017,,,US00,,0,,0,0,0,,0,2,,,,,,,,,B,,,,0,,,,,0,0,0,,,,,0,,0,0,0,,,,,0,,,,0,0,0,,,,,,,,,,,,,,,,,,,,,,,,,,,,,,,,,,,,,,,,,,,,,,,,,,,,,,,,,,,,,,,,,,,,,,,,,,,,,,,,,,,,,,,,,,,,
375,5000004284,2017,1,1,0,0,0,333,,BOTSWANA BLACK PE,SD00,RM00,,,,,,,,,0,0,,H,USD,273886.27,0,273886.27,,,,13,G,13,G,13,G,,,,,0,,,0,X,,,,,,NA00,,,,,,,,,,,,2017,,,US00,,0,,0,0,0,,0,2,,,,,,,,,B,,,,0,,,,,0,0,0,,,,,0,,0,0,0,,,,,0,,,,0,0,0,,,,,,,,,,,,,,,,,,,,,,,,,,,,,,,,,,,,,,,,,,,,,,,,,,,,,,,,,,,,,,,,,,,,,,,,,,,,,,,,,,,,,,,,,,,,
375,5000004285,2017,1,1,0,0,0,333,,BOTSWANA BLACK PE,SD00,RM00,,,,,,,,,0,0,,H,USD,400295.32,0,400295.32,,,,19,G,19,G,19,G,,,,,0,,,0,X,,,,,,NA00,,,,,,,,,,,,2017,,,US00,,0,,0,0,0,,0,2,,,,,,,,,B,,,,0,,,,,0,0,0,,,,,0,,0,0,0,,,,,0,,,,0,0,0,,,,,,,,,,,,,,,,,,,,,,,,,,,,,,,,,,,,,,,,,,,,,,,,,,,,,,,,,,,,,,,,,,,,,,,,,,,,,,,,,,,,,,,,,,,,
375,5000004286,2017,1,1,0,0,0,333,,CANADIAN CRYSTAL,SD00,RM00,,,,,,,,,0,0,,H,USD,107913.67,0,107913.67,,,,3,G,3,G,3,G,,,,,0,,,0,X,,,,,,NA00,,,,,,,,,,,,2017,,,US00,,0,,0,0,0,,0,2,,,,,,,,,B,,,,0,,,,,0,0,0,,,,,0,,0,0,0,,,,,0,,,,0,0,0,,,,,,,,,,,,,,,,,,,,,,,,,,,,,,,,,,,,,,,,,,,,,,,,,,,,,,,,,,,,,,,,,,,,,,,,,,,,,,,,,,,,,,,,,,,,
375,5000004287,2017,1,1,0,0,0,333,,CANADIAN CRYSTAL,SD00,RM00,,,,,,,,,0,0,,H,USD,35971.22,0,35971.22,,,,1,G,1,G,1,G,,,,,0,,,0,X,,,,,,NA00,,,,,,,,,,,,2017,,,US00,,0,,0,0,0,,0,2,,,,,,,,,B,,,,0,,,,,0,0,0,,,,,0,,0,0,0,,,,,0,,,,0,0,0,,,,,,,,,,,,,,,,,,,,,,,,,,,,,,,,,,,,,,,,,,,,,,,,,,,,,,,,,,,,,,,,,,,,,,,,,,,,,,,,,,,,,,,,,,,,
375,5000004288,2017,1,1,0,0,0,333,,CANADIAN CRYSTAL,SD00,RM00,,,,,,,,,0,0,,H,USD,107913.67,0,107913.67,,,,3,G,3,G,3,G,,,,,0,,,0,X,,,,,,NA00,,,,,,,,,,,,2017,,,US00,,0,,0,0,0,,0,2,,,,,,,,,B,,,,0,,,,,0,0,0,,,,,0,,0,0,0,,,,,0,,,,0,0,0,,,,,,,,,,,,,,,,,,,,,,,,,,,,,,,,,,,,,,,,,,,,,,,,,,,,,,,,,,,,,,,,,,,,,,,,,,,,,,,,,,,,,,,,,,,,
375,5000004289,2017,1,1,0,0,0,333,,CHRONIUM,SD00,RM00,,,,,,,,,0,0,,H,USD,85.09,0,85.09,,,,237,LB,237,LB,237,LB,,,,,0,,,0,X,,,,,,NA00,,,,,,,,,,,,2017,,,US00,,0,,0,0,0,,0,2,,,,,,,,,B,,,,0,,,,,0,0,0,,,,,0,,0,0,0,,,,,0,,,,0,0,0,,,,,,,,,,,,,,,,,,,,,,,,,,,,,,,,,,,,,,,,,,,,,,,,,,,,,,,,,,,,,,,,,,,,,,,,,,,,,,,,,,,,,,,,,,,,
375,5000004290,2017,1,1,0,0,0,333,,CHRONIUM,SD00,RM00,,,,,,,,,0,0,,H,USD,8.26,0,8.26,,,,23,LB,23,LB,23,LB,,,,,0,,,0,X,,,,,,NA00,,,,,,,,,,,,2017,,,US00,,0,,0,0,0,,0,2,,,,,,,,,B,,,,0,,,,,0,0,0,,,,,0,,0,0,0,,,,,0,,,,0,0,0,,,,,,,,,,,,,,,,,,,,,,,,,,,,,,,,,,,,,,,,,,,,,,,,,,,,,,,,,,,,,,,,,,,,,,,,,,,,,,,,,,,,,,,,,,,,
375,5000004291,2017,1,1,0,0,0,333,,CHRONIUM,SD00,RM00,,,,,,,,,0,0,,H,USD,19.03,0,19.03,,,,53,LB,53,LB,53,LB,,,,,0,,,0,X,,,,,,NA00,,,,,,,,,,,,2017,,,US00,,0,,0,0,0,,0,2,,,,,,,,,B,,,,0,,,,,0,0,0,,,,,0,,0,0,0,,,,,0,,,,0,0,0,,,,,,,,,,,,,,,,,,,,,,,,,,,,,,,,,,,,,,,,,,,,,,,,,,,,,,,,,,,,,,,,,,,,,,,,,,,,,,,,,,,,,,,,,,,,
375,5000004292,2017,1,1,0,0,0,333,,CHRONIUM,SD00,RM00,,,,,,,,,0,0,,H,USD,58.52,0,58.52,,,,163,LB,163,LB,163,LB,,,,,0,,,0,X,,,,,,NA00,,,,,,,,,,,,2017,,,US00,,0,,0,0,0,,0,2,,,,,,,,,B,,,,0,,,,,0,0,0,,,,,0,,0,0,0,,,,,0,,,,0,0,0,,,,,,,,,,,,,,,,,,,,,,,,,,,,,,,,,,,,,,,,,,,,,,,,,,,,,,,,,,,,,,,,,,,,,,,,,,,,,,,,,,,,,,,,,,,,
375,5000004293,2017,1,1,0,0,0,333,,CHRONIUM,SD00,RM00,,,,,,,,,0,0,,H,USD,90.11,0,90.11,,,,251,LB,251,LB,251,LB,,,,,0,,,0,X,,,,,,NA00,,,,,,,,,,,,2017,,,US00,,0,,0,0,0,,0,2,,,,,,,,,B,,,,0,,,,,0,0,0,,,,,0,,0,0,0,,,,,0,,,,0,0,0,,,,,,,,,,,,,,,,,,,,,,,,,,,,,,,,,,,,,,,,,,,,,,,,,,,,,,,,,,,,,,,,,,,,,,,,,,,,,,,,,,,,,,,,,,,,
375,5000004294,2017,1,1,0,0,0,333,,CONCRETE,SD00,RM00,,,,,,,,,0,0,,H,USD,2079.24,0,2079.24,,,,24,YD3,24,YD3,24,YD3,,,,,0,,,0,X,,,,,,NA00,,,,,,,,,,,,2017,,,US00,,0,,0,0,0,,0,2,,,,,,,,,B,,,,0,,,,,0,0,0,,,,,0,,0,0,0,,,,,0,,,,0,0,0,,,,,,,,,,,,,,,,,,,,,,,,,,,,,,,,,,,,,,,,,,,,,,,,,,,,,,,,,,,,,,,,,,,,,,,,,,,,,,,,,,,,,,,,,,,,
375,5000004295,2017,1,1,0,0,0,333,,CONCRETE,SD00,RM00,,,,,,,,,0,0,,H,USD,1212.89,0,1212.89,,,,14,YD3,14,YD3,14,YD3,,,,,0,,,0,X,,,,,,NA00,,,,,,,,,,,,2017,,,US00,,0,,0,0,0,,0,2,,,,,,,,,B,,,,0,,,,,0,0,0,,,,,0,,0,0,0,,,,,0,,,,0,0,0,,,,,,,,,,,,,,,,,,,,,,,,,,,,,,,,,,,,,,,,,,,,,,,,,,,,,,,,,,,,,,,,,,,,,,,,,,,,,,,,,,,,,,,,,,,,
375,5000004296,2017,1,1,0,0,0,333,,CONCRETE,SD00,RM00,,,,,,,,,0,0,,H,USD,779.71,0,779.71,,,,9,YD3,9,YD3,9,YD3,,,,,0,,,0,X,,,,,,NA00,,,,,,,,,,,,2017,,,US00,,0,,0,0,0,,0,2,,,,,,,,,B,,,,0,,,,,0,0,0,,,,,0,,0,0,0,,,,,0,,,,0,0,0,,,,,,,,,,,,,,,,,,,,,,,,,,,,,,,,,,,,,,,,,,,,,,,,,,,,,,,,,,,,,,,,,,,,,,,,,,,,,,,,,,,,,,,,,,,,
375,5000004297,2017,1,1,0,0,0,333,,CONCRETE,SD00,RM00,,,,,,,,,0,0,,H,USD,866.35,0,866.35,,,,10,YD3,10,YD3,10,YD3,,,,,0,,,0,X,,,,,,NA00,,,,,,,,,,,,2017,,,US00,,0,,0,0,0,,0,2,,,,,,,,,B,,,,0,,,,,0,0,0,,,,,0,,0,0,0,,,,,0,,,,0,0,0,,,,,,,,,,,,,,,,,,,,,,,,,,,,,,,,,,,,,,,,,,,,,,,,,,,,,,,,,,,,,,,,,,,,,,,,,,,,,,,,,,,,,,,,,,,,
375,5000004298,2017,1,1,0,0,0,333,,CONCRETE,SD00,RM00,,,,,,,,,0,0,,H,USD,693.08,0,693.08,,,,8,YD3,8,YD3,8,YD3,,,,,0,,,0,X,,,,,,NA00,,,,,,,,,,,,2017,,,US00,,0,,0,0,0,,0,2,,,,,,,,,B,,,,0,,,,,0,0,0,,,,,0,,0,0,0,,,,,0,,,,0,0,0,,,,,,,,,,,,,,,,,,,,,,,,,,,,,,,,,,,,,,,,,,,,,,,,,,,,,,,,,,,,,,,,,,,,,,,,,,,,,,,,,,,,,,,,,,,,
375,5000004299,2017,1,1,0,0,0,333,,CONCRETE,SD00,RM00,,,,,,,,,0,0,,H,USD,1299.52,0,1299.52,,,,15,YD3,15,YD3,15,YD3,,,,,0,,,0,X,,,,,,NA00,,,,,,,,,,,,2017,,,US00,,0,,0,0,0,,0,2,,,,,,,,,B,,,,0,,,,,0,0,0,,,,,0,,0,0,0,,,,,0,,,,0,0,0,,,,,,,,,,,,,,,,,,,,,,,,,,,,,,,,,,,,,,,,,,,,,,,,,,,,,,,,,,,,,,,,,,,,,,,,,,,,,,,,,,,,,,,,,,,,
375,5000004300,2017,1,1,0,0,0,333,,CONCRETE,SD00,RM00,,,,,,,,,0,0,,H,USD,1992.60,0,1992.60,,,,23,YD3,23,YD3,23,YD3,,,,,0,,,0,X,,,,,,NA00,,,,,,,,,,,,2017,,,US00,,0,,0,0,0,,0,2,,,,,,,,,B,,,,0,,,,,0,0,0,,,,,0,,0,0,0,,,,,0,,,,0,0,0,,,,,,,,,,,,,,,,,,,,,,,,,,,,,,,,,,,,,,,,,,,,,,,,,,,,,,,,,,,,,,,,,,,,,,,,,,,,,,,,,,,,,,,,,,,,
375,5000004301,2017,1,1,0,0,0,333,,CONGOCRYSTAL,SD00,RM00,,,,,,,,,0,0,,H,USD,105136.83,0,105136.83,,,,17,G,17,G,17,G,,,,,0,,,0,X,,,,,,NA00,,,,,,,,,,,,2017,,,US00,,0,,0,0,0,,0,2,,,,,,,,,B,,,,0,,,,,0,0,0,,,,,0,,0,0,0,,,,,0,,,,0,0,0,,,,,,,,,,,,,,,,,,,,,,,,,,,,,,,,,,,,,,,,,,,,,,,,,,,,,,,,,,,,,,,,,,,,,,,,,,,,,,,,,,,,,,,,,,,,
375,5000004302,2017,1,1,0,0,0,333,,CONGOCRYSTAL,SD00,RM00,,,,,,,,,0,0,,H,USD,30922.60,0,30922.60,,,,5,G,5,G,5,G,,,,,0,,,0,X,,,,,,NA00,,,,,,,,,,,,2017,,,US00,,0,,0,0,0,,0,2,,,,,,,,,B,,,,0,,,,,0,0,0,,,,,0,,0,0,0,,,,,0,,,,0,0,0,,,,,,,,,,,,,,,,,,,,,,,,,,,,,,,,,,,,,,,,,,,,,,,,,,,,,,,,,,,,,,,,,,,,,,,,,,,,,,,,,,,,,,,,,,,,
375,5000004303,2017,1,1,0,0,0,333,,CONGOCRYSTAL,SD00,RM00,,,,,,,,,0,0,,H,USD,18553.56,0,18553.56,,,,3,G,3,G,3,G,,,,,0,,,0,X,,,,,,NA00,,,,,,,,,,,,2017,,,US00,,0,,0,0,0,,0,2,,,,,,,,,B,,,,0,,,,,0,0,0,,,,,0,,0,0,0,,,,,0,,,,0,0,0,,,,,,,,,,,,,,,,,,,,,,,,,,,,,,,,,,,,,,,,,,,,,,,,,,,,,,,,,,,,,,,,,,,,,,,,,,,,,,,,,,,,,,,,,,,,
375,5000004304,2017,1,1,0,0,0,333,,CONGOCRYSTAL,SD00,RM00,,,,,,,,,0,0,,H,USD,253565.30,0,253565.30,,,,41,G,41,G,41,G,,,,,0,,,0,X,,,,,,NA00,,,,,,,,,,,,2017,,,US00,,0,,0,0,0,,0,2,,,,,,,,,B,,,,0,,,,,0,0,0,,,,,0,,0,0,0,,,,,0,,,,0,0,0,,,,,,,,,,,,,,,,,,,,,,,,,,,,,,,,,,,,,,,,,,,,,,,,,,,,,,,,,,,,,,,,,,,,,,,,,,,,,,,,,,,,,,,,,,,,
375,5000004305,2017,1,1,0,0,0,333,,DIAMOND,SD00,RM00,,,,,,,,,0,0,,H,USD,294.60,0,294.60,,,,2,LB,2,LB,2,LB,,,,,0,,,0,X,,,,,,NA00,,,,,,,,,,,,2017,,,US00,,0,,0,0,0,,0,2,,,,,,,,,B,,,,0,,,,,0,0,0,,,,,0,,0,0,0,,,,,0,,,,0,0,0,,,,,,,,,,,,,,,,,,,,,,,,,,,,,,,,,,,,,,,,,,,,,,,,,,,,,,,,,,,,,,,,,,,,,,,,,,,,,,,,,,,,,,,,,,,,
375,5000004306,2017,1,1,0,0,0,333,,DIAMOND,SD00,RM00,,,,,,,,,0,0,,H,USD,441.90,0,441.90,,,,3,LB,3,LB,3,LB,,,,,0,,,0,X,,,,,,NA00,,,,,,,,,,,,2017,,,US00,,0,,0,0,0,,0,2,,,,,,,,,B,,,,0,,,,,0,0,0,,,,,0,,0,0,0,,,,,0,,,,0,0,0,,,,,,,,,,,,,,,,,,,,,,,,,,,,,,,,,,,,,,,,,,,,,,,,,,,,,,,,,,,,,,,,,,,,,,,,,,,,,,,,,,,,,,,,,,,,
375,5000004307,2017,1,1,0,0,0,333,,DIAMOND,SD00,RM00,,,,,,,,,0,0,,H,USD,1620.29,0,1620.29,,,,11,LB,11,LB,11,LB,,,,,0,,,0,X,,,,,,NA00,,,,,,,,,,,,2017,,,US00,,0,,0,0,0,,0,2,,,,,,,,,B,,,,0,,,,,0,0,0,,,,,0,,0,0,0,,,,,0,,,,0,0,0,,,,,,,,,,,,,,,,,,,,,,,,,,,,,,,,,,,,,,,,,,,,,,,,,,,,,,,,,,,,,,,,,,,,,,,,,,,,,,,,,,,,,,,,,,,,
375,5000004308,2017,1,1,0,0,0,333,,GOLD,SD00,RM00,,,,,,,,,0,0,,H,USD,12372.30,0,12372.30,,,,50,G,50,G,50,G,,,,,0,,,0,X,,,,,,NA00,,,,,,,,,,,,2017,,,US00,,0,,0,0,0,,0,2,,,,,,,,,B,,,,0,,,,,0,0,0,,,,,0,,0,0,0,,,,,0,,,,0,0,0,,,,,,,,,,,,,,,,,,,,,,,,,,,,,,,,,,,,,,,,,,,,,,,,,,,,,,,,,,,,,,,,,,,,,,,,,,,,,,,,,,,,,,,,,,,,
375,5000004309,2017,1,1,0,0,0,333,,GOLD,SD00,RM00,,,,,,,,,0,0,,H,USD,5691.26,0,5691.26,,,,23,G,23,G,23,G,,,,,0,,,0,X,,,,,,NA00,,,,,,,,,,,,2017,,,US00,,0,,0,0,0,,0,2,,,,,,,,,B,,,,0,,,,,0,0,0,,,,,0,,0,0,0,,,,,0,,,,0,0,0,,,,,,,,,,,,,,,,,,,,,,,,,,,,,,,,,,,,,,,,,,,,,,,,,,,,,,,,,,,,,,,,,,,,,,,,,,,,,,,,,,,,,,,,,,,,
375,5000004310,2017,1,1,0,0,0,333,,GOLD,SD00,RM00,,,,,,,,,0,0,,H,USD,2721.91,0,2721.91,,,,11,G,11,G,11,G,,,,,0,,,0,X,,,,,,NA00,,,,,,,,,,,,2017,,,US00,,0,,0,0,0,,0,2,,,,,,,,,B,,,,0,,,,,0,0,0,,,,,0,,0,0,0,,,,,0,,,,0,0,0,,,,,,,,,,,,,,,,,,,,,,,,,,,,,,,,,,,,,,,,,,,,,,,,,,,,,,,,,,,,,,,,,,,,,,,,,,,,,,,,,,,,,,,,,,,,
375,5000004311,2017,1,1,0,0,0,333,,GOLD,SD00,RM00,,,,,,,,,0,0,,H,USD,4948.92,0,4948.92,,,,20,G,20,G,20,G,,,,,0,,,0,X,,,,,,NA00,,,,,,,,,,,,2017,,,US00,,0,,0,0,0,,0,2,,,,,,,,,B,,,,0,,,,,0,0,0,,,,,0,,0,0,0,,,,,0,,,,0,0,0,,,,,,,,,,,,,,,,,,,,,,,,,,,,,,,,,,,,,,,,,,,,,,,,,,,,,,,,,,,,,,,,,,,,,,,,,,,,,,,,,,,,,,,,,,,,
375,5000004312,2017,1,1,0,0,0,333,,GOLD,SD00,RM00,,,,,,,,,0,0,,H,USD,3959.14,0,3959.14,,,,16,G,16,G,16,G,,,,,0,,,0,X,,,,,,NA00,,,,,,,,,,,,2017,,,US00,,0,,0,0,0,,0,2,,,,,,,,,B,,,,0,,,,,0,0,0,,,,,0,,0,0,0,,,,,0,,,,0,0,0,,,,,,,,,,,,,,,,,,,,,,,,,,,,,,,,,,,,,,,,,,,,,,,,,,,,,,,,,,,,,,,,,,,,,,,,,,,,,,,,,,,,,,,,,,,,
375,5000004313,2017,1,1,0,0,0,333,,GOLD,SD00,RM00,,,,,,,,,0,0,,H,USD,17073.77,0,17073.77,,,,69,G,69,G,69,G,,,,,0,,,0,X,,,,,,NA00,,,,,,,,,,,,2017,,,US00,,0,,0,0,0,,0,2,,,,,,,,,B,,,,0,,,,,0,0,0,,,,,0,,0,0,0,,,,,0,,,,0,0,0,,,,,,,,,,,,,,,,,,,,,,,,,,,,,,,,,,,,,,,,,,,,,,,,,,,,,,,,,,,,,,,,,,,,,,,,,,,,,,,,,,,,,,,,,,,,
375,5000004314,2017,1,1,0,0,0,333,,GOLD,SD00,RM00,,,,,,,,,0,0,,H,USD,4701.47,0,4701.47,,,,19,G,19,G,19,G,,,,,0,,,0,X,,,,,,NA00,,,,,,,,,,,,2017,,,US00,,0,,0,0,0,,0,2,,,,,,,,,B,,,,0,,,,,0,0,0,,,,,0,,0,0,0,,,,,0,,,,0,0,0,,,,,,,,,,,,,,,,,,,,,,,,,,,,,,,,,,,,,,,,,,,,,,,,,,,,,,,,,,,,,,,,,,,,,,,,,,,,,,,,,,,,,,,,,,,,
375,5000004315,2017,1,1,0,0,0,333,,HEXNT,SD00,RM00,,,,,,,,,0,0,,H,USD,1614.24,0,1614.24,,,,1325,LB,1325,LB,1325,LB,,,,,0,,,0,X,,,,,,NA00,,,,,,,,,,,,2017,,,US00,,0,,0,0,0,,0,2,,,,,,,,,B,,,,0,,,,,0,0,0,,,,,0,,0,0,0,,,,,0,,,,0,0,0,,,,,,,,,,,,,,,,,,,,,,,,,,,,,,,,,,,,,,,,,,,,,,,,,,,,,,,,,,,,,,,,,,,,,,,,,,,,,,,,,,,,,,,,,,,,
375,5000004316,2017,1,1,0,0,0,333,,HEXNT,SD00,RM00,,,,,,,,,0,0,,H,USD,520.21,0,520.21,,,,427,LB,427,LB,427,LB,,,,,0,,,0,X,,,,,,NA00,,,,,,,,,,,,2017,,,US00,,0,,0,0,0,,0,2,,,,,,,,,B,,,,0,,,,,0,0,0,,,,,0,,0,0,0,,,,,0,,,,0,0,0,,,,,,,,,,,,,,,,,,,,,,,,,,,,,,,,,,,,,,,,,,,,,,,,,,,,,,,,,,,,,,,,,,,,,,,,,,,,,,,,,,,,,,,,,,,,
375,5000004317,2017,1,1,0,0,0,333,,HEXNT,SD00,RM00,,,,,,,,,0,0,,H,USD,60.91,0,60.91,,,,50,LB,50,LB,50,LB,,,,,0,,,0,X,,,,,,NA00,,,,,,,,,,,,2017,,,US00,,0,,0,0,0,,0,2,,,,,,,,,B,,,,0,,,,,0,0,0,,,,,0,,0,0,0,,,,,0,,,,0,0,0,,,,,,,,,,,,,,,,,,,,,,,,,,,,,,,,,,,,,,,,,,,,,,,,,,,,,,,,,,,,,,,,,,,,,,,,,,,,,,,,,,,,,,,,,,,,
375,5000004318,2017,1,1,0,0,0,333,,HEXNT,SD00,RM00,,,,,,,,,0,0,,H,USD,1697.09,0,1697.09,,,,1393,LB,1393,LB,1393,LB,,,,,0,,,0,X,,,,,,NA00,,,,,,,,,,,,2017,,,US00,,0,,0,0,0,,0,2,,,,,,,,,B,,,,0,,,,,0,0,0,,,,,0,,0,0,0,,,,,0,,,,0,0,0,,,,,,,,,,,,,,,,,,,,,,,,,,,,,,,,,,,,,,,,,,,,,,,,,,,,,,,,,,,,,,,,,,,,,,,,,,,,,,,,,,,,,,,,,,,,
375,5000004319,2017,1,1,0,0,0,333,,HEXNT,SD00,RM00,,,,,,,,,0,0,,H,USD,349.65,0,349.65,,,,287,LB,287,LB,287,LB,,,,,0,,,0,X,,,,,,NA00,,,,,,,,,,,,2017,,,US00,,0,,0,0,0,,0,2,,,,,,,,,B,,,,0,,,,,0,0,0,,,,,0,,0,0,0,,,,,0,,,,0,0,0,,,,,,,,,,,,,,,,,,,,,,,,,,,,,,,,,,,,,,,,,,,,,,,,,,,,,,,,,,,,,,,,,,,,,,,,,,,,,,,,,,,,,,,,,,,,
375,5000004320,2017,1,1,0,0,0,333,,ICAN HEADMASK,SD00,RM00,,,,,,,,,0,0,,H,USD,3827.75,0,3827.75,,,,2,EA,2,EA,2,EA,,,,,0,,,0,X,,,,,,NA00,,,,,,,,,,,,2017,,,US00,,0,,0,0,0,,0,2,,,,,,,,,B,,,,0,,,,,0,0,0,,,,,0,,0,0,0,,,,,0,,,,0,0,0,,,,,,,,,,,,,,,,,,,,,,,,,,,,,,,,,,,,,,,,,,,,,,,,,,,,,,,,,,,,,,,,,,,,,,,,,,,,,,,,,,,,,,,,,,,,
375,5000004321,2017,1,1,0,0,0,333,,ICAN HEADMASK,SD00,RM00,,,,,,,,,0,0,,H,USD,1913.88,0,1913.88,,,,1,EA,1,EA,1,EA,,,,,0,,,0,X,,,,,,NA00,,,,,,,,,,,,2017,,,US00,,0,,0,0,0,,0,2,,,,,,,,,B,,,,0,,,,,0,0,0,,,,,0,,0,0,0,,,,,0,,,,0,0,0,,,,,,,,,,,,,,,,,,,,,,,,,,,,,,,,,,,,,,,,,,,,,,,,,,,,,,,,,,,,,,,,,,,,,,,,,,,,,,,,,,,,,,,,,,,,
375,5000004322,2017,1,1,0,0,0,333,,ICAN HEADMASK,SD00,RM00,,,,,,,,,0,0,,H,USD,1913.88,0,1913.88,,,,1,EA,1,EA,1,EA,,,,,0,,,0,X,,,,,,NA00,,,,,,,,,,,,2017,,,US00,,0,,0,0,0,,0,2,,,,,,,,,B,,,,0,,,,,0,0,0,,,,,0,,0,0,0,,,,,0,,,,0,0,0,,,,,,,,,,,,,,,,,,,,,,,,,,,,,,,,,,,,,,,,,,,,,,,,,,,,,,,,,,,,,,,,,,,,,,,,,,,,,,,,,,,,,,,,,,,,
375,5000004323,2017,1,1,0,0,0,333,,ICAN HEADMASK,SD00,RM00,,,,,,,,,0,0,,H,USD,15311.00,0,15311.00,,,,8,EA,8,EA,8,EA,,,,,0,,,0,X,,,,,,NA00,,,,,,,,,,,,2017,,,US00,,0,,0,0,0,,0,2,,,,,,,,,B,,,,0,,,,,0,0,0,,,,,0,,0,0,0,,,,,0,,,,0,0,0,,,,,,,,,,,,,,,,,,,,,,,,,,,,,,,,,,,,,,,,,,,,,,,,,,,,,,,,,,,,,,,,,,,,,,,,,,,,,,,,,,,,,,,,,,,,
375,5000004324,2017,1,1,0,0,0,333,,IRON,SD00,RM00,,,,,,,,,0,0,,H,USD,235.62,0,235.62,,,,232,LB,232,LB,232,LB,,,,,0,,,0,X,,,,,,NA00,,,,,,,,,,,,2017,,,US00,,0,,0,0,0,,0,2,,,,,,,,,B,,,,0,,,,,0,0,0,,,,,0,,0,0,0,,,,,0,,,,0,0,0,,,,,,,,,,,,,,,,,,,,,,,,,,,,,,,,,,,,,,,,,,,,,,,,,,,,,,,,,,,,,,,,,,,,,,,,,,,,,,,,,,,,,,,,,,,,
375,5000004325,2017,1,1,0,0,0,333,,IRON,SD00,RM00,,,,,,,,,0,0,,H,USD,108.67,0,108.67,,,,107,LB,107,LB,107,LB,,,,,0,,,0,X,,,,,,NA00,,,,,,,,,,,,2017,,,US00,,0,,0,0,0,,0,2,,,,,,,,,B,,,,0,,,,,0,0,0,,,,,0,,0,0,0,,,,,0,,,,0,0,0,,,,,,,,,,,,,,,,,,,,,,,,,,,,,,,,,,,,,,,,,,,,,,,,,,,,,,,,,,,,,,,,,,,,,,,,,,,,,,,,,,,,,,,,,,,,
375,5000004326,2017,1,1,0,0,0,333,,IRON,SD00,RM00,,,,,,,,,0,0,,H,USD,48.75,0,48.75,,,,48,LB,48,LB,48,LB,,,,,0,,,0,X,,,,,,NA00,,,,,,,,,,,,2017,,,US00,,0,,0,0,0,,0,2,,,,,,,,,B,,,,0,,,,,0,0,0,,,,,0,,0,0,0,,,,,0,,,,0,0,0,,,,,,,,,,,,,,,,,,,,,,,,,,,,,,,,,,,,,,,,,,,,,,,,,,,,,,,,,,,,,,,,,,,,,,,,,,,,,,,,,,,,,,,,,,,,
375,5000004327,2017,1,1,0,0,0,333,,IRON,SD00,RM00,,,,,,,,,0,0,,H,USD,57.89,0,57.89,,,,57,LB,57,LB,57,LB,,,,,0,,,0,X,,,,,,NA00,,,,,,,,,,,,2017,,,US00,,0,,0,0,0,,0,2,,,,,,,,,B,,,,0,,,,,0,0,0,,,,,0,,0,0,0,,,,,0,,,,0,0,0,,,,,,,,,,,,,,,,,,,,,,,,,,,,,,,,,,,,,,,,,,,,,,,,,,,,,,,,,,,,,,,,,,,,,,,,,,,,,,,,,,,,,,,,,,,,
375,5000004328,2017,1,1,0,0,0,333,,IRON,SD00,RM00,,,,,,,,,0,0,,H,USD,12.19,0,12.19,,,,12,LB,12,LB,12,LB,,,,,0,,,0,X,,,,,,NA00,,,,,,,,,,,,2017,,,US00,,0,,0,0,0,,0,2,,,,,,,,,B,,,,0,,,,,0,0,0,,,,,0,,0,0,0,,,,,0,,,,0,0,0,,,,,,,,,,,,,,,,,,,,,,,,,,,,,,,,,,,,,,,,,,,,,,,,,,,,,,,,,,,,,,,,,,,,,,,,,,,,,,,,,,,,,,,,,,,,
375,5000004329,2017,1,1,0,0,0,333,,IRON,SD00,RM00,,,,,,,,,0,0,,H,USD,47.73,0,47.73,,,,47,LB,47,LB,47,LB,,,,,0,,,0,X,,,,,,NA00,,,,,,,,,,,,2017,,,US00,,0,,0,0,0,,0,2,,,,,,,,,B,,,,0,,,,,0,0,0,,,,,0,,0,0,0,,,,,0,,,,0,0,0,,,,,,,,,,,,,,,,,,,,,,,,,,,,,,,,,,,,,,,,,,,,,,,,,,,,,,,,,,,,,,,,,,,,,,,,,,,,,,,,,,,,,,,,,,,,
375,5000004330,2017,1,1,0,0,0,333,,IRON,SD00,RM00,,,,,,,,,0,0,,H,USD,71.09,0,71.09,,,,70,LB,70,LB,70,LB,,,,,0,,,0,X,,,,,,NA00,,,,,,,,,,,,2017,,,US00,,0,,0,0,0,,0,2,,,,,,,,,B,,,,0,,,,,0,0,0,,,,,0,,0,0,0,,,,,0,,,,0,0,0,,,,,,,,,,,,,,,,,,,,,,,,,,,,,,,,,,,,,,,,,,,,,,,,,,,,,,,,,,,,,,,,,,,,,,,,,,,,,,,,,,,,,,,,,,,,
375,5000004331,2017,1,1,0,0,0,333,,IRON,SD00,RM00,,,,,,,,,0,0,,H,USD,14.22,0,14.22,,,,14,LB,14,LB,14,LB,,,,,0,,,0,X,,,,,,NA00,,,,,,,,,,,,2017,,,US00,,0,,0,0,0,,0,2,,,,,,,,,B,,,,0,,,,,0,0,0,,,,,0,,0,0,0,,,,,0,,,,0,0,0,,,,,,,,,,,,,,,,,,,,,,,,,,,,,,,,,,,,,,,,,,,,,,,,,,,,,,,,,,,,,,,,,,,,,,,,,,,,,,,,,,,,,,,,,,,,
375,5000004332,2017,1,1,0,0,0,333,,KRYPTONITE,SD00,RM00,,,,,,,,,0,0,,H,USD,52087.59,0,52087.59,,,,2142,LB,2142,LB,2142,LB,,,,,0,,,0,X,,,,,,NA00,,,,,,,,,,,,2017,,,US00,,0,,0,0,0,,0,2,,,,,,,,,B,,,,0,,,,,0,0,0,,,,,0,,0,0,0,,,,,0,,,,0,0,0,,,,,,,,,,,,,,,,,,,,,,,,,,,,,,,,,,,,,,,,,,,,,,,,,,,,,,,,,,,,,,,,,,,,,,,,,,,,,,,,,,,,,,,,,,,,
375,5000004333,2017,1,1,0,0,0,333,,KRYPTONITE,SD00,RM00,,,,,,,,,0,0,,H,USD,89171.43,0,89171.43,,,,3667,LB,3667,LB,3667,LB,,,,,0,,,0,X,,,,,,NA00,,,,,,,,,,,,2017,,,US00,,0,,0,0,0,,0,2,,,,,,,,,B,,,,0,,,,,0,0,0,,,,,0,,0,0,0,,,,,0,,,,0,0,0,,,,,,,,,,,,,,,,,,,,,,,,,,,,,,,,,,,,,,,,,,,,,,,,,,,,,,,,,,,,,,,,,,,,,,,,,,,,,,,,,,,,,,,,,,,,
375,5000004334,2017,1,1,0,0,0,333,,KRYPTONITE,SD00,RM00,,,,,,,,,0,0,,H,USD,40318.03,0,40318.03,,,,1658,LB,1658,LB,1658,LB,,,,,0,,,0,X,,,,,,NA00,,,,,,,,,,,,2017,,,US00,,0,,0,0,0,,0,2,,,,,,,,,B,,,,0,,,,,0,0,0,,,,,0,,0,0,0,,,,,0,,,,0,0,0,,,,,,,,,,,,,,,,,,,,,,,,,,,,,,,,,,,,,,,,,,,,,,,,,,,,,,,,,,,,,,,,,,,,,,,,,,,,,,,,,,,,,,,,,,,,
375,5000004335,2017,1,1,0,0,0,333,,KRYPTONITE,SD00,RM00,,,,,,,,,0,0,,H,USD,25192.69,0,25192.69,,,,1036,LB,1036,LB,1036,LB,,,,,0,,,0,X,,,,,,NA00,,,,,,,,,,,,2017,,,US00,,0,,0,0,0,,0,2,,,,,,,,,B,,,,0,,,,,0,0,0,,,,,0,,0,0,0,,,,,0,,,,0,0,0,,,,,,,,,,,,,,,,,,,,,,,,,,,,,,,,,,,,,,,,,,,,,,,,,,,,,,,,,,,,,,,,,,,,,,,,,,,,,,,,,,,,,,,,,,,,
375,5000004336,2017,1,1,0,0,0,333,,KRYPTONITE,SD00,RM00,,,,,,,,,0,0,,H,USD,38153.80,0,38153.80,,,,1569,LB,1569,LB,1569,LB,,,,,0,,,0,X,,,,,,NA00,,,,,,,,,,,,2017,,,US00,,0,,0,0,0,,0,2,,,,,,,,,B,,,,0,,,,,0,0,0,,,,,0,,0,0,0,,,,,0,,,,0,0,0,,,,,,,,,,,,,,,,,,,,,,,,,,,,,,,,,,,,,,,,,,,,,,,,,,,,,,,,,,,,,,,,,,,,,,,,,,,,,,,,,,,,,,,,,,,,
375,5000004337,2017,1,1,0,0,0,333,,LIQUID,SD00,RM00,,,,,,,,,0,0,,H,USD,329.03,0,329.03,,,,3,FOZ,3,FOZ,3,FOZ,,,,,0,,,0,X,,,,,,NA00,,,,,,,,,,,,2017,,,US00,,0,,0,0,0,,0,2,,,,,,,,,B,,,,0,,,,,0,0,0,,,,,0,,0,0,0,,,,,0,,,,0,0,0,,,,,,,,,,,,,,,,,,,,,,,,,,,,,,,,,,,,,,,,,,,,,,,,,,,,,,,,,,,,,,,,,,,,,,,,,,,,,,,,,,,,,,,,,,,,
375,5000004338,2017,1,1,0,0,0,333,,MAGICDUST,SD00,RM00,,,,,,,,,0,0,,H,USD,721.00,0,721.00,,,,66,LB,66,LB,66,LB,,,,,0,,,0,X,,,,,,NA00,,,,,,,,,,,,2017,,,US00,,0,,0,0,0,,0,2,,,,,,,,,B,,,,0,,,,,0,0,0,,,,,0,,0,0,0,,,,,0,,,,0,0,0,,,,,,,,,,,,,,,,,,,,,,,,,,,,,,,,,,,,,,,,,,,,,,,,,,,,,,,,,,,,,,,,,,,,,,,,,,,,,,,,,,,,,,,,,,,,
375,5000004339,2017,1,1,0,0,0,333,,MAGICDUST,SD00,RM00,,,,,,,,,0,0,,H,USD,710.07,0,710.07,,,,65,LB,65,LB,65,LB,,,,,0,,,0,X,,,,,,NA00,,,,,,,,,,,,2017,,,US00,,0,,0,0,0,,0,2,,,,,,,,,B,,,,0,,,,,0,0,0,,,,,0,,0,0,0,,,,,0,,,,0,0,0,,,,,,,,,,,,,,,,,,,,,,,,,,,,,,,,,,,,,,,,,,,,,,,,,,,,,,,,,,,,,,,,,,,,,,,,,,,,,,,,,,,,,,,,,,,,
375,5000004340,2017,1,1,0,0,0,333,,MAGICDUST,SD00,RM00,,,,,,,,,0,0,,H,USD,1289.05,0,1289.05,,,,118,LB,118,LB,118,LB,,,,,0,,,0,X,,,,,,NA00,,,,,,,,,,,,2017,,,US00,,0,,0,0,0,,0,2,,,,,,,,,B,,,,0,,,,,0,0,0,,,,,0,,0,0,0,,,,,0,,,,0,0,0,,,,,,,,,,,,,,,,,,,,,,,,,,,,,,,,,,,,,,,,,,,,,,,,,,,,,,,,,,,,,,,,,,,,,,,,,,,,,,,,,,,,,,,,,,,,
375,5000004341,2017,1,1,0,0,0,333,,MAGICDUST,SD00,RM00,,,,,,,,,0,0,,H,USD,1573.08,0,1573.08,,,,144,LB,144,LB,144,LB,,,,,0,,,0,X,,,,,,NA00,,,,,,,,,,,,2017,,,US00,,0,,0,0,0,,0,2,,,,,,,,,B,,,,0,,,,,0,0,0,,,,,0,,0,0,0,,,,,0,,,,0,0,0,,,,,,,,,,,,,,,,,,,,,,,,,,,,,,,,,,,,,,,,,,,,,,,,,,,,,,,,,,,,,,,,,,,,,,,,,,,,,,,,,,,,,,,,,,,,
375,5000004342,2017,1,1,0,0,0,333,,MAGICDUST,SD00,RM00,,,,,,,,,0,0,,H,USD,142.01,0,142.01,,,,13,LB,13,LB,13,LB,,,,,0,,,0,X,,,,,,NA00,,,,,,,,,,,,2017,,,US00,,0,,0,0,0,,0,2,,,,,,,,,B,,,,0,,,,,0,0,0,,,,,0,,0,0,0,,,,,0,,,,0,0,0,,,,,,,,,,,,,,,,,,,,,,,,,,,,,,,,,,,,,,,,,,,,,,,,,,,,,,,,,,,,,,,,,,,,,,,,,,,,,,,,,,,,,,,,,,,,
375,5000004343,2017,1,1,0,0,0,333,,MAGICDUST,SD00,RM00,,,,,,,,,0,0,,H,USD,535.29,0,535.29,,,,49,LB,49,LB,49,LB,,,,,0,,,0,X,,,,,,NA00,,,,,,,,,,,,2017,,,US00,,0,,0,0,0,,0,2,,,,,,,,,B,,,,0,,,,,0,0,0,,,,,0,,0,0,0,,,,,0,,,,0,0,0,,,,,,,,,,,,,,,,,,,,,,,,,,,,,,,,,,,,,,,,,,,,,,,,,,,,,,,,,,,,,,,,,,,,,,,,,,,,,,,,,,,,,,,,,,,,
375,5000004344,2017,1,1,0,0,0,333,,MAGICDUST,SD00,RM00,,,,,,,,,0,0,,H,USD,961.33,0,961.33,,,,88,LB,88,LB,88,LB,,,,,0,,,0,X,,,,,,NA00,,,,,,,,,,,,2017,,,US00,,0,,0,0,0,,0,2,,,,,,,,,B,,,,0,,,,,0,0,0,,,,,0,,0,0,0,,,,,0,,,,0,0,0,,,,,,,,,,,,,,,,,,,,,,,,,,,,,,,,,,,,,,,,,,,,,,,,,,,,,,,,,,,,,,,,,,,,,,,,,,,,,,,,,,,,,,,,,,,,
375,5000004345,2017,1,1,0,0,0,333,,MAGICDUST,SD00,RM00,,,,,,,,,0,0,,H,USD,1201.66,0,1201.66,,,,110,LB,110,LB,110,LB,,,,,0,,,0,X,,,,,,NA00,,,,,,,,,,,,2017,,,US00,,0,,0,0,0,,0,2,,,,,,,,,B,,,,0,,,,,0,0,0,,,,,0,,0,0,0,,,,,0,,,,0,0,0,,,,,,,,,,,,,,,,,,,,,,,,,,,,,,,,,,,,,,,,,,,,,,,,,,,,,,,,,,,,,,,,,,,,,,,,,,,,,,,,,,,,,,,,,,,,
375,5000004346,2017,1,1,0,0,0,333,,MAGICDUST,SD00,RM00,,,,,,,,,0,0,,H,USD,480.66,0,480.66,,,,44,LB,44,LB,44,LB,,,,,0,,,0,X,,,,,,NA00,,,,,,,,,,,,2017,,,US00,,0,,0,0,0,,0,2,,,,,,,,,B,,,,0,,,,,0,0,0,,,,,0,,0,0,0,,,,,0,,,,0,0,0,,,,,,,,,,,,,,,,,,,,,,,,,,,,,,,,,,,,,,,,,,,,,,,,,,,,,,,,,,,,,,,,,,,,,,,,,,,,,,,,,,,,,,,,,,,,
375,5000004347,2017,1,1,0,0,0,333,,ORANGE,SD00,RM00,,,,,,,,,0,0,,H,USD,73595.87,0,73595.87,,,,228,TO,228,TO,228,TO,,,,,0,,,0,X,,,,,,NA00,,,,,,,,,,,,2017,,,US00,,0,,0,0,0,,0,2,,,,,,,,,B,,,,0,,,,,0,0,0,,,,,0,,0,0,0,,,,,0,,,,0,0,0,,,,,,,,,,,,,,,,,,,,,,,,,,,,,,,,,,,,,,,,,,,,,,,,,,,,,,,,,,,,,,,,,,,,,,,,,,,,,,,,,,,,,,,,,,,,
375,5000004348,2017,1,1,0,0,0,333,,ORANGE,SD00,RM00,,,,,,,,,0,0,,H,USD,18076.18,0,18076.18,,,,56,TO,56,TO,56,TO,,,,,0,,,0,X,,,,,,NA00,,,,,,,,,,,,2017,,,US00,,0,,0,0,0,,0,2,,,,,,,,,B,,,,0,,,,,0,0,0,,,,,0,,0,0,0,,,,,0,,,,0,0,0,,,,,,,,,,,,,,,,,,,,,,,,,,,,,,,,,,,,,,,,,,,,,,,,,,,,,,,,,,,,,,,,,,,,,,,,,,,,,,,,,,,,,,,,,,,,
375,5000004349,2017,1,1,0,0,0,333,,ORANGE,SD00,RM00,,,,,,,,,0,0,,H,USD,49386.70,0,49386.70,,,,153,TO,153,TO,153,TO,,,,,0,,,0,X,,,,,,NA00,,,,,,,,,,,,2017,,,US00,,0,,0,0,0,,0,2,,,,,,,,,B,,,,0,,,,,0,0,0,,,,,0,,0,0,0,,,,,0,,,,0,0,0,,,,,,,,,,,,,,,,,,,,,,,,,,,,,,,,,,,,,,,,,,,,,,,,,,,,,,,,,,,,,,,,,,,,,,,,,,,,,,,,,,,,,,,,,,,,
375,5000004350,2017,1,1,0,0,0,333,,ORANGE,SD00,RM00,,,,,,,,,0,0,,H,USD,9038.09,0,9038.09,,,,28,TO,28,TO,28,TO,,,,,0,,,0,X,,,,,,NA00,,,,,,,,,,,,2017,,,US00,,0,,0,0,0,,0,2,,,,,,,,,B,,,,0,,,,,0,0,0,,,,,0,,0,0,0,,,,,0,,,,0,0,0,,,,,,,,,,,,,,,,,,,,,,,,,,,,,,,,,,,,,,,,,,,,,,,,,,,,,,,,,,,,,,,,,,,,,,,,,,,,,,,,,,,,,,,,,,,,
375,5000004351,2017,1,1,0,0,0,333,,ORANGE,SD00,RM00,,,,,,,,,0,0,,H,USD,13557.13,0,13557.13,,,,42,TO,42,TO,42,TO,,,,,0,,,0,X,,,,,,NA00,,,,,,,,,,,,2017,,,US00,,0,,0,0,0,,0,2,,,,,,,,,B,,,,0,,,,,0,0,0,,,,,0,,0,0,0,,,,,0,,,,0,0,0,,,,,,,,,,,,,,,,,,,,,,,,,,,,,,,,,,,,,,,,,,,,,,,,,,,,,,,,,,,,,,,,,,,,,,,,,,,,,,,,,,,,,,,,,,,,
375,5000004352,2017,1,1,0,0,0,333,,ORANGE,SD00,RM00,,,,,,,,,0,0,,H,USD,81342.80,0,81342.80,,,,252,TO,252,TO,252,TO,,,,,0,,,0,X,,,,,,NA00,,,,,,,,,,,,2017,,,US00,,0,,0,0,0,,0,2,,,,,,,,,B,,,,0,,,,,0,0,0,,,,,0,,0,0,0,,,,,0,,,,0,0,0,,,,,,,,,,,,,,,,,,,,,,,,,,,,,,,,,,,,,,,,,,,,,,,,,,,,,,,,,,,,,,,,,,,,,,,,,,,,,,,,,,,,,,,,,,,,
375,5000004353,2017,1,1,0,0,0,333,,ORANGE,SD00,RM00,,,,,,,,,0,0,,H,USD,20335.70,0,20335.70,,,,63,TO,63,TO,63,TO,,,,,0,,,0,X,,,,,,NA00,,,,,,,,,,,,2017,,,US00,,0,,0,0,0,,0,2,,,,,,,,,B,,,,0,,,,,0,0,0,,,,,0,,0,0,0,,,,,0,,,,0,0,0,,,,,,,,,,,,,,,,,,,,,,,,,,,,,,,,,,,,,,,,,,,,,,,,,,,,,,,,,,,,,,,,,,,,,,,,,,,,,,,,,,,,,,,,,,,,
375,5000004354,2017,1,1,0,0,0,333,,ORANGE,SD00,RM00,,,,,,,,,0,0,,H,USD,36152.36,0,36152.36,,,,112,TO,112,TO,112,TO,,,,,0,,,0,X,,,,,,NA00,,,,,,,,,,,,2017,,,US00,,0,,0,0,0,,0,2,,,,,,,,,B,,,,0,,,,,0,0,0,,,,,0,,0,0,0,,,,,0,,,,0,0,0,,,,,,,,,,,,,,,,,,,,,,,,,,,,,,,,,,,,,,,,,,,,,,,,,,,,,,,,,,,,,,,,,,,,,,,,,,,,,,,,,,,,,,,,,,,,
375,5000004355,2017,1,1,0,0,0,333,,ORANGE,SD00,RM00,,,,,,,,,0,0,,H,USD,8392.51,0,8392.51,,,,26,TO,26,TO,26,TO,,,,,0,,,0,X,,,,,,NA00,,,,,,,,,,,,2017,,,US00,,0,,0,0,0,,0,2,,,,,,,,,B,,,,0,,,,,0,0,0,,,,,0,,0,0,0,,,,,0,,,,0,0,0,,,,,,,,,,,,,,,,,,,,,,,,,,,,,,,,,,,,,,,,,,,,,,,,,,,,,,,,,,,,,,,,,,,,,,,,,,,,,,,,,,,,,,,,,,,,
375,5000004356,2017,1,1,0,0,0,333,,PALLADIUM,SD00,RM00,,,,,,,,,0,0,,H,USD,61.92,0,61.92,,,,10,G,10,G,10,G,,,,,0,,,0,X,,,,,,NA00,,,,,,,,,,,,2017,,,US00,,0,,0,0,0,,0,2,,,,,,,,,B,,,,0,,,,,0,0,0,,,,,0,,0,0,0,,,,,0,,,,0,0,0,,,,,,,,,,,,,,,,,,,,,,,,,,,,,,,,,,,,,,,,,,,,,,,,,,,,,,,,,,,,,,,,,,,,,,,,,,,,,,,,,,,,,,,,,,,,
375,5000004357,2017,1,1,0,0,0,333,,PALLADIUM,SD00,RM00,,,,,,,,,0,0,,H,USD,18.58,0,18.58,,,,3,G,3,G,3,G,,,,,0,,,0,X,,,,,,NA00,,,,,,,,,,,,2017,,,US00,,0,,0,0,0,,0,2,,,,,,,,,B,,,,0,,,,,0,0,0,,,,,0,,0,0,0,,,,,0,,,,0,0,0,,,,,,,,,,,,,,,,,,,,,,,,,,,,,,,,,,,,,,,,,,,,,,,,,,,,,,,,,,,,,,,,,,,,,,,,,,,,,,,,,,,,,,,,,,,,
375,5000004358,2017,1,1,0,0,0,333,,PALLADIUM,SD00,RM00,,,,,,,,,0,0,,H,USD,55.73,0,55.73,,,,9,G,9,G,9,G,,,,,0,,,0,X,,,,,,NA00,,,,,,,,,,,,2017,,,US00,,0,,0,0,0,,0,2,,,,,,,,,B,,,,0,,,,,0,0,0,,,,,0,,0,0,0,,,,,0,,,,0,0,0,,,,,,,,,,,,,,,,,,,,,,,,,,,,,,,,,,,,,,,,,,,,,,,,,,,,,,,,,,,,,,,,,,,,,,,,,,,,,,,,,,,,,,,,,,,,
375,5000004359,2017,1,1,0,0,0,333,,PALLADIUM,SD00,RM00,,,,,,,,,0,0,,H,USD,43.34,0,43.34,,,,7,G,7,G,7,G,,,,,0,,,0,X,,,,,,NA00,,,,,,,,,,,,2017,,,US00,,0,,0,0,0,,0,2,,,,,,,,,B,,,,0,,,,,0,0,0,,,,,0,,0,0,0,,,,,0,,,,0,0,0,,,,,,,,,,,,,,,,,,,,,,,,,,,,,,,,,,,,,,,,,,,,,,,,,,,,,,,,,,,,,,,,,,,,,,,,,,,,,,,,,,,,,,,,,,,,
375,5000004360,2017,1,1,0,0,0,333,,PALLADIUM,SD00,RM00,,,,,,,,,0,0,,H,USD,43.34,0,43.34,,,,7,G,7,G,7,G,,,,,0,,,0,X,,,,,,NA00,,,,,,,,,,,,2017,,,US00,,0,,0,0,0,,0,2,,,,,,,,,B,,,,0,,,,,0,0,0,,,,,0,,0,0,0,,,,,0,,,,0,0,0,,,,,,,,,,,,,,,,,,,,,,,,,,,,,,,,,,,,,,,,,,,,,,,,,,,,,,,,,,,,,,,,,,,,,,,,,,,,,,,,,,,,,,,,,,,,
375,5000004361,2017,1,1,0,0,0,333,,ROMANIAN RUBY,SD00,RM00,,,,,,,,,0,0,,H,USD,72842.09,0,72842.09,,,,7,G,7,G,7,G,,,,,0,,,0,X,,,,,,NA00,,,,,,,,,,,,2017,,,US00,,0,,0,0,0,,0,2,,,,,,,,,B,,,,0,,,,,0,0,0,,,,,0,,0,0,0,,,,,0,,,,0,0,0,,,,,,,,,,,,,,,,,,,,,,,,,,,,,,,,,,,,,,,,,,,,,,,,,,,,,,,,,,,,,,,,,,,,,,,,,,,,,,,,,,,,,,,,,,,,
375,5000004362,2017,1,1,0,0,0,333,,ROMANIAN RUBY,SD00,RM00,,,,,,,,,0,0,,H,USD,62436.07,0,62436.07,,,,6,G,6,G,6,G,,,,,0,,,0,X,,,,,,NA00,,,,,,,,,,,,2017,,,US00,,0,,0,0,0,,0,2,,,,,,,,,B,,,,0,,,,,0,0,0,,,,,0,,0,0,0,,,,,0,,,,0,0,0,,,,,,,,,,,,,,,,,,,,,,,,,,,,,,,,,,,,,,,,,,,,,,,,,,,,,,,,,,,,,,,,,,,,,,,,,,,,,,,,,,,,,,,,,,,,
375,5000004363,2017,1,1,0,0,0,333,,ROMANIAN RUBY,SD00,RM00,,,,,,,,,0,0,,H,USD,10406.01,0,10406.01,,,,1,G,1,G,1,G,,,,,0,,,0,X,,,,,,NA00,,,,,,,,,,,,2017,,,US00,,0,,0,0,0,,0,2,,,,,,,,,B,,,,0,,,,,0,0,0,,,,,0,,0,0,0,,,,,0,,,,0,0,0,,,,,,,,,,,,,,,,,,,,,,,,,,,,,,,,,,,,,,,,,,,,,,,,,,,,,,,,,,,,,,,,,,,,,,,,,,,,,,,,,,,,,,,,,,,,
375,5000004364,2017,1,1,0,0,0,333,,ROMANIAN RUBY,SD00,RM00,,,,,,,,,0,0,,H,USD,31218.04,0,31218.04,,,,3,G,3,G,3,G,,,,,0,,,0,X,,,,,,NA00,,,,,,,,,,,,2017,,,US00,,0,,0,0,0,,0,2,,,,,,,,,B,,,,0,,,,,0,0,0,,,,,0,,0,0,0,,,,,0,,,,0,0,0,,,,,,,,,,,,,,,,,,,,,,,,,,,,,,,,,,,,,,,,,,,,,,,,,,,,,,,,,,,,,,,,,,,,,,,,,,,,,,,,,,,,,,,,,,,,
375,5000004365,2017,1,1,0,0,0,333,,ROMANIAN RUBY,SD00,RM00,,,,,,,,,0,0,,H,USD,10406.01,0,10406.01,,,,1,G,1,G,1,G,,,,,0,,,0,X,,,,,,NA00,,,,,,,,,,,,2017,,,US00,,0,,0,0,0,,0,2,,,,,,,,,B,,,,0,,,,,0,0,0,,,,,0,,0,0,0,,,,,0,,,,0,0,0,,,,,,,,,,,,,,,,,,,,,,,,,,,,,,,,,,,,,,,,,,,,,,,,,,,,,,,,,,,,,,,,,,,,,,,,,,,,,,,,,,,,,,,,,,,,
375,5000004366,2017,1,1,0,0,0,333,,ROMANIAN RUBY,SD00,RM00,,,,,,,,,0,0,,H,USD,10406.01,0,10406.01,,,,1,G,1,G,1,G,,,,,0,,,0,X,,,,,,NA00,,,,,,,,,,,,2017,,,US00,,0,,0,0,0,,0,2,,,,,,,,,B,,,,0,,,,,0,0,0,,,,,0,,0,0,0,,,,,0,,,,0,0,0,,,,,,,,,,,,,,,,,,,,,,,,,,,,,,,,,,,,,,,,,,,,,,,,,,,,,,,,,,,,,,,,,,,,,,,,,,,,,,,,,,,,,,,,,,,,
375,5000004367,2017,1,1,0,0,0,333,,ROMANIAN RUBY,SD00,RM00,,,,,,,,,0,0,,H,USD,20812.02,0,20812.02,,,,2,G,2,G,2,G,,,,,0,,,0,X,,,,,,NA00,,,,,,,,,,,,2017,,,US00,,0,,0,0,0,,0,2,,,,,,,,,B,,,,0,,,,,0,0,0,,,,,0,,0,0,0,,,,,0,,,,0,0,0,,,,,,,,,,,,,,,,,,,,,,,,,,,,,,,,,,,,,,,,,,,,,,,,,,,,,,,,,,,,,,,,,,,,,,,,,,,,,,,,,,,,,,,,,,,,
375,5000004368,2017,1,1,0,0,0,333,,ROMANIAN RUBY,SD00,RM00,,,,,,,,,0,0,,H,USD,20812.02,0,20812.02,,,,2,G,2,G,2,G,,,,,0,,,0,X,,,,,,NA00,,,,,,,,,,,,2017,,,US00,,0,,0,0,0,,0,2,,,,,,,,,B,,,,0,,,,,0,0,0,,,,,0,,0,0,0,,,,,0,,,,0,0,0,,,,,,,,,,,,,,,,,,,,,,,,,,,,,,,,,,,,,,,,,,,,,,,,,,,,,,,,,,,,,,,,,,,,,,,,,,,,,,,,,,,,,,,,,,,,
375,5000004369,2017,1,1,0,0,0,333,,ROSE ESSENTIAL OIL,SD00,RM00,,,,,,,,,0,0,,H,USD,18.29,0,18.29,,,,6,L,6,L,6,L,,,,,0,,,0,X,,,,,,NA00,,,,,,,,,,,,2017,,,US00,,0,,0,0,0,,0,2,,,,,,,,,B,,,,0,,,,,0,0,0,,,,,0,,0,0,0,,,,,0,,,,0,0,0,,,,,,,,,,,,,,,,,,,,,,,,,,,,,,,,,,,,,,,,,,,,,,,,,,,,,,,,,,,,,,,,,,,,,,,,,,,,,,,,,,,,,,,,,,,,
375,5000004370,2017,1,1,0,0,0,333,,ROSE ESSENTIAL OIL,SD00,RM00,,,,,,,,,0,0,,H,USD,97.56,0,97.56,,,,32,L,32,L,32,L,,,,,0,,,0,X,,,,,,NA00,,,,,,,,,,,,2017,,,US00,,0,,0,0,0,,0,2,,,,,,,,,B,,,,0,,,,,0,0,0,,,,,0,,0,0,0,,,,,0,,,,0,0,0,,,,,,,,,,,,,,,,,,,,,,,,,,,,,,,,,,,,,,,,,,,,,,,,,,,,,,,,,,,,,,,,,,,,,,,,,,,,,,,,,,,,,,,,,,,,
375,5000004371,2017,1,1,0,0,0,333,,ROSE ESSENTIAL OIL,SD00,RM00,,,,,,,,,0,0,,H,USD,271.33,0,271.33,,,,89,L,89,L,89,L,,,,,0,,,0,X,,,,,,NA00,,,,,,,,,,,,2017,,,US00,,0,,0,0,0,,0,2,,,,,,,,,B,,,,0,,,,,0,0,0,,,,,0,,0,0,0,,,,,0,,,,0,0,0,,,,,,,,,,,,,,,,,,,,,,,,,,,,,,,,,,,,,,,,,,,,,,,,,,,,,,,,,,,,,,,,,,,,,,,,,,,,,,,,,,,,,,,,,,,,
375,5000004372,2017,1,1,0,0,0,333,,RUBY,SD00,RM00,,,,,,,,,0,0,,H,USD,336.32,0,336.32,,,,3,G,3,G,3,G,,,,,0,,,0,X,,,,,,NA00,,,,,,,,,,,,2017,,,US00,,0,,0,0,0,,0,2,,,,,,,,,B,,,,0,,,,,0,0,0,,,,,0,,0,0,0,,,,,0,,,,0,0,0,,,,,,,,,,,,,,,,,,,,,,,,,,,,,,,,,,,,,,,,,,,,,,,,,,,,,,,,,,,,,,,,,,,,,,,,,,,,,,,,,,,,,,,,,,,,
375,5000004373,2017,1,1,0,0,0,333,,RUBY,SD00,RM00,,,,,,,,,0,0,,H,USD,224.22,0,224.22,,,,2,G,2,G,2,G,,,,,0,,,0,X,,,,,,NA00,,,,,,,,,,,,2017,,,US00,,0,,0,0,0,,0,2,,,,,,,,,B,,,,0,,,,,0,0,0,,,,,0,,0,0,0,,,,,0,,,,0,0,0,,,,,,,,,,,,,,,,,,,,,,,,,,,,,,,,,,,,,,,,,,,,,,,,,,,,,,,,,,,,,,,,,,,,,,,,,,,,,,,,,,,,,,,,,,,,
375,5000004374,2017,1,1,0,0,0,333,,RUBY,SD00,RM00,,,,,,,,,0,0,,H,USD,112.11,0,112.11,,,,1,G,1,G,1,G,,,,,0,,,0,X,,,,,,NA00,,,,,,,,,,,,2017,,,US00,,0,,0,0,0,,0,2,,,,,,,,,B,,,,0,,,,,0,0,0,,,,,0,,0,0,0,,,,,0,,,,0,0,0,,,,,,,,,,,,,,,,,,,,,,,,,,,,,,,,,,,,,,,,,,,,,,,,,,,,,,,,,,,,,,,,,,,,,,,,,,,,,,,,,,,,,,,,,,,,
375,5000004375,2017,1,1,0,0,0,333,,RUSSIAN RUBY,SD00,RM00,,,,,,,,,0,0,,H,USD,80879.38,0,80879.38,,,,26,G,26,G,26,G,,,,,0,,,0,X,,,,,,NA00,,,,,,,,,,,,2017,,,US00,,0,,0,0,0,,0,2,,,,,,,,,B,,,,0,,,,,0,0,0,,,,,0,,0,0,0,,,,,0,,,,0,0,0,,,,,,,,,,,,,,,,,,,,,,,,,,,,,,,,,,,,,,,,,,,,,,,,,,,,,,,,,,,,,,,,,,,,,,,,,,,,,,,,,,,,,,,,,,,,
375,5000004376,2017,1,1,0,0,0,333,,RUSSIAN RUBY,SD00,RM00,,,,,,,,,0,0,,H,USD,71547.14,0,71547.14,,,,23,G,23,G,23,G,,,,,0,,,0,X,,,,,,NA00,,,,,,,,,,,,2017,,,US00,,0,,0,0,0,,0,2,,,,,,,,,B,,,,0,,,,,0,0,0,,,,,0,,0,0,0,,,,,0,,,,0,0,0,,,,,,,,,,,,,,,,,,,,,,,,,,,,,,,,,,,,,,,,,,,,,,,,,,,,,,,,,,,,,,,,,,,,,,,,,,,,,,,,,,,,,,,,,,,,
375,5000004377,2017,1,1,0,0,0,333,,RUSSIAN RUBY,SD00,RM00,,,,,,,,,0,0,,H,USD,31107.45,0,31107.45,,,,10,G,10,G,10,G,,,,,0,,,0,X,,,,,,NA00,,,,,,,,,,,,2017,,,US00,,0,,0,0,0,,0,2,,,,,,,,,B,,,,0,,,,,0,0,0,,,,,0,,0,0,0,,,,,0,,,,0,0,0,,,,,,,,,,,,,,,,,,,,,,,,,,,,,,,,,,,,,,,,,,,,,,,,,,,,,,,,,,,,,,,,,,,,,,,,,,,,,,,,,,,,,,,,,,,,
375,5000004378,2017,1,1,0,0,0,333,,RUSSIAN RUBY,SD00,RM00,,,,,,,,,0,0,,H,USD,46661.18,0,46661.18,,,,15,G,15,G,15,G,,,,,0,,,0,X,,,,,,NA00,,,,,,,,,,,,2017,,,US00,,0,,0,0,0,,0,2,,,,,,,,,B,,,,0,,,,,0,0,0,,,,,0,,0,0,0,,,,,0,,,,0,0,0,,,,,,,,,,,,,,,,,,,,,,,,,,,,,,,,,,,,,,,,,,,,,,,,,,,,,,,,,,,,,,,,,,,,,,,,,,,,,,,,,,,,,,,,,,,,
375,5000004379,2017,1,1,0,0,0,333,,RUSSIAN RUBY,SD00,RM00,,,,,,,,,0,0,,H,USD,31107.45,0,31107.45,,,,10,G,10,G,10,G,,,,,0,,,0,X,,,,,,NA00,,,,,,,,,,,,2017,,,US00,,0,,0,0,0,,0,2,,,,,,,,,B,,,,0,,,,,0,0,0,,,,,0,,0,0,0,,,,,0,,,,0,0,0,,,,,,,,,,,,,,,,,,,,,,,,,,,,,,,,,,,,,,,,,,,,,,,,,,,,,,,,,,,,,,,,,,,,,,,,,,,,,,,,,,,,,,,,,,,,
375,5000004380,2017,1,1,0,0,0,333,,RUSSIAN RUBY,SD00,RM00,,,,,,,,,0,0,,H,USD,37328.94,0,37328.94,,,,12,G,12,G,12,G,,,,,0,,,0,X,,,,,,NA00,,,,,,,,,,,,2017,,,US00,,0,,0,0,0,,0,2,,,,,,,,,B,,,,0,,,,,0,0,0,,,,,0,,0,0,0,,,,,0,,,,0,0,0,,,,,,,,,,,,,,,,,,,,,,,,,,,,,,,,,,,,,,,,,,,,,,,,,,,,,,,,,,,,,,,,,,,,,,,,,,,,,,,,,,,,,,,,,,,,
375,5000004381,2017,1,1,0,0,0,333,,RUSSIAN RUBY,SD00,RM00,,,,,,,,,0,0,,H,USD,37328.94,0,37328.94,,,,12,G,12,G,12,G,,,,,0,,,0,X,,,,,,NA00,,,,,,,,,,,,2017,,,US00,,0,,0,0,0,,0,2,,,,,,,,,B,,,,0,,,,,0,0,0,,,,,0,,0,0,0,,,,,0,,,,0,0,0,,,,,,,,,,,,,,,,,,,,,,,,,,,,,,,,,,,,,,,,,,,,,,,,,,,,,,,,,,,,,,,,,,,,,,,,,,,,,,,,,,,,,,,,,,,,
375,5000004382,2017,1,1,0,0,0,333,,RUSSIAN RUBY,SD00,RM00,,,,,,,,,0,0,,H,USD,3110.75,0,3110.75,,,,1,G,1,G,1,G,,,,,0,,,0,X,,,,,,NA00,,,,,,,,,,,,2017,,,US00,,0,,0,0,0,,0,2,,,,,,,,,B,,,,0,,,,,0,0,0,,,,,0,,0,0,0,,,,,0,,,,0,0,0,,,,,,,,,,,,,,,,,,,,,,,,,,,,,,,,,,,,,,,,,,,,,,,,,,,,,,,,,,,,,,,,,,,,,,,,,,,,,,,,,,,,,,,,,,,,
375,5000004383,2017,1,1,0,0,0,333,,SA SAPPHIRE,SD00,RM00,,,,,,,,,0,0,,H,USD,3043.71,0,3043.71,,,,1,G,1,G,1,G,,,,,0,,,0,X,,,,,,NA00,,,,,,,,,,,,2017,,,US00,,0,,0,0,0,,0,2,,,,,,,,,B,,,,0,,,,,0,0,0,,,,,0,,0,0,0,,,,,0,,,,0,0,0,,,,,,,,,,,,,,,,,,,,,,,,,,,,,,,,,,,,,,,,,,,,,,,,,,,,,,,,,,,,,,,,,,,,,,,,,,,,,,,,,,,,,,,,,,,,
375,5000004384,2017,1,1,0,0,0,333,,SA SAPPHIRE,SD00,RM00,,,,,,,,,0,0,,H,USD,39568.27,0,39568.27,,,,13,G,13,G,13,G,,,,,0,,,0,X,,,,,,NA00,,,,,,,,,,,,2017,,,US00,,0,,0,0,0,,0,2,,,,,,,,,B,,,,0,,,,,0,0,0,,,,,0,,0,0,0,,,,,0,,,,0,0,0,,,,,,,,,,,,,,,,,,,,,,,,,,,,,,,,,,,,,,,,,,,,,,,,,,,,,,,,,,,,,,,,,,,,,,,,,,,,,,,,,,,,,,,,,,,,
375,5000004385,2017,1,1,0,0,0,333,,SA SAPPHIRE,SD00,RM00,,,,,,,,,0,0,,H,USD,21305.99,0,21305.99,,,,7,G,7,G,7,G,,,,,0,,,0,X,,,,,,NA00,,,,,,,,,,,,2017,,,US00,,0,,0,0,0,,0,2,,,,,,,,,B,,,,0,,,,,0,0,0,,,,,0,,0,0,0,,,,,0,,,,0,0,0,,,,,,,,,,,,,,,,,,,,,,,,,,,,,,,,,,,,,,,,,,,,,,,,,,,,,,,,,,,,,,,,,,,,,,,,,,,,,,,,,,,,,,,,,,,,
375,5000004386,2017,1,1,0,0,0,333,,SA SAPPHIRE,SD00,RM00,,,,,,,,,0,0,,H,USD,45655.70,0,45655.70,,,,15,G,15,G,15,G,,,,,0,,,0,X,,,,,,NA00,,,,,,,,,,,,2017,,,US00,,0,,0,0,0,,0,2,,,,,,,,,B,,,,0,,,,,0,0,0,,,,,0,,0,0,0,,,,,0,,,,0,0,0,,,,,,,,,,,,,,,,,,,,,,,,,,,,,,,,,,,,,,,,,,,,,,,,,,,,,,,,,,,,,,,,,,,,,,,,,,,,,,,,,,,,,,,,,,,,
375,5000004387,2017,1,1,0,0,0,333,,SA SAPPHIRE,SD00,RM00,,,,,,,,,0,0,,H,USD,21305.99,0,21305.99,,,,7,G,7,G,7,G,,,,,0,,,0,X,,,,,,NA00,,,,,,,,,,,,2017,,,US00,,0,,0,0,0,,0,2,,,,,,,,,B,,,,0,,,,,0,0,0,,,,,0,,0,0,0,,,,,0,,,,0,0,0,,,,,,,,,,,,,,,,,,,,,,,,,,,,,,,,,,,,,,,,,,,,,,,,,,,,,,,,,,,,,,,,,,,,,,,,,,,,,,,,,,,,,,,,,,,,
375,5000004388,2017,1,1,0,0,0,333,,SA SAPPHIRE,SD00,RM00,,,,,,,,,0,0,,H,USD,12174.85,0,12174.85,,,,4,G,4,G,4,G,,,,,0,,,0,X,,,,,,NA00,,,,,,,,,,,,2017,,,US00,,0,,0,0,0,,0,2,,,,,,,,,B,,,,0,,,,,0,0,0,,,,,0,,0,0,0,,,,,0,,,,0,0,0,,,,,,,,,,,,,,,,,,,,,,,,,,,,,,,,,,,,,,,,,,,,,,,,,,,,,,,,,,,,,,,,,,,,,,,,,,,,,,,,,,,,,,,,,,,,
375,5000004389,2017,1,1,0,0,0,333,,SA SAPPHIRE,SD00,RM00,,,,,,,,,0,0,,H,USD,15218.57,0,15218.57,,,,5,G,5,G,5,G,,,,,0,,,0,X,,,,,,NA00,,,,,,,,,,,,2017,,,US00,,0,,0,0,0,,0,2,,,,,,,,,B,,,,0,,,,,0,0,0,,,,,0,,0,0,0,,,,,0,,,,0,0,0,,,,,,,,,,,,,,,,,,,,,,,,,,,,,,,,,,,,,,,,,,,,,,,,,,,,,,,,,,,,,,,,,,,,,,,,,,,,,,,,,,,,,,,,,,,,
375,5000004390,2017,1,1,0,0,0,333,,SILVER,SD00,RM00,,,,,,,,,0,0,,H,USD,26.28,0,26.28,,,,4,LB,4,LB,4,LB,,,,,0,,,0,X,,,,,,NA00,,,,,,,,,,,,2017,,,US00,,0,,0,0,0,,0,2,,,,,,,,,B,,,,0,,,,,0,0,0,,,,,0,,0,0,0,,,,,0,,,,0,0,0,,,,,,,,,,,,,,,,,,,,,,,,,,,,,,,,,,,,,,,,,,,,,,,,,,,,,,,,,,,,,,,,,,,,,,,,,,,,,,,,,,,,,,,,,,,,
375,5000004391,2017,1,1,0,0,0,333,,SILVER,SD00,RM00,,,,,,,,,0,0,,H,USD,407.40,0,407.40,,,,62,LB,62,LB,62,LB,,,,,0,,,0,X,,,,,,NA00,,,,,,,,,,,,2017,,,US00,,0,,0,0,0,,0,2,,,,,,,,,B,,,,0,,,,,0,0,0,,,,,0,,0,0,0,,,,,0,,,,0,0,0,,,,,,,,,,,,,,,,,,,,,,,,,,,,,,,,,,,,,,,,,,,,,,,,,,,,,,,,,,,,,,,,,,,,,,,,,,,,,,,,,,,,,,,,,,,,
375,5000004392,2017,1,1,0,0,0,333,,SILVER,SD00,RM00,,,,,,,,,0,0,,H,USD,210.27,0,210.27,,,,32,LB,32,LB,32,LB,,,,,0,,,0,X,,,,,,NA00,,,,,,,,,,,,2017,,,US00,,0,,0,0,0,,0,2,,,,,,,,,B,,,,0,,,,,0,0,0,,,,,0,,0,0,0,,,,,0,,,,0,0,0,,,,,,,,,,,,,,,,,,,,,,,,,,,,,,,,,,,,,,,,,,,,,,,,,,,,,,,,,,,,,,,,,,,,,,,,,,,,,,,,,,,,,,,,,,,,
375,5000004393,2017,1,1,0,0,0,333,,SILVER,SD00,RM00,,,,,,,,,0,0,,H,USD,716.23,0,716.23,,,,109,LB,109,LB,109,LB,,,,,0,,,0,X,,,,,,NA00,,,,,,,,,,,,2017,,,US00,,0,,0,0,0,,0,2,,,,,,,,,B,,,,0,,,,,0,0,0,,,,,0,,0,0,0,,,,,0,,,,0,0,0,,,,,,,,,,,,,,,,,,,,,,,,,,,,,,,,,,,,,,,,,,,,,,,,,,,,,,,,,,,,,,,,,,,,,,,,,,,,,,,,,,,,,,,,,,,,
375,5000004394,2017,1,1,0,0,0,333,,SILVER,SD00,RM00,,,,,,,,,0,0,,H,USD,91.99,0,91.99,,,,14,LB,14,LB,14,LB,,,,,0,,,0,X,,,,,,NA00,,,,,,,,,,,,2017,,,US00,,0,,0,0,0,,0,2,,,,,,,,,B,,,,0,,,,,0,0,0,,,,,0,,0,0,0,,,,,0,,,,0,0,0,,,,,,,,,,,,,,,,,,,,,,,,,,,,,,,,,,,,,,,,,,,,,,,,,,,,,,,,,,,,,,,,,,,,,,,,,,,,,,,,,,,,,,,,,,,,
375,5000004395,2017,1,1,0,0,0,333,,SILVER,SD00,RM00,,,,,,,,,0,0,,H,USD,578.24,0,578.24,,,,88,LB,88,LB,88,LB,,,,,0,,,0,X,,,,,,NA00,,,,,,,,,,,,2017,,,US00,,0,,0,0,0,,0,2,,,,,,,,,B,,,,0,,,,,0,0,0,,,,,0,,0,0,0,,,,,0,,,,0,0,0,,,,,,,,,,,,,,,,,,,,,,,,,,,,,,,,,,,,,,,,,,,,,,,,,,,,,,,,,,,,,,,,,,,,,,,,,,,,,,,,,,,,,,,,,,,,
375,5000004396,2017,1,1,0,0,0,333,,SILVER,SD00,RM00,,,,,,,,,0,0,,H,USD,315.41,0,315.41,,,,48,LB,48,LB,48,LB,,,,,0,,,0,X,,,,,,NA00,,,,,,,,,,,,2017,,,US00,,0,,0,0,0,,0,2,,,,,,,,,B,,,,0,,,,,0,0,0,,,,,0,,0,0,0,,,,,0,,,,0,0,0,,,,,,,,,,,,,,,,,,,,,,,,,,,,,,,,,,,,,,,,,,,,,,,,,,,,,,,,,,,,,,,,,,,,,,,,,,,,,,,,,,,,,,,,,,,,
375,5000004397,2017,1,1,0,0,0,333,,SILVER,SD00,RM00,,,,,,,,,0,0,,H,USD,532.25,0,532.25,,,,81,LB,81,LB,81,LB,,,,,0,,,0,X,,,,,,NA00,,,,,,,,,,,,2017,,,US00,,0,,0,0,0,,0,2,,,,,,,,,B,,,,0,,,,,0,0,0,,,,,0,,0,0,0,,,,,0,,,,0,0,0,,,,,,,,,,,,,,,,,,,,,,,,,,,,,,,,,,,,,,,,,,,,,,,,,,,,,,,,,,,,,,,,,,,,,,,,,,,,,,,,,,,,,,,,,,,,
375,5000004398,2017,1,1,0,0,0,333,,SWISS SAPPHIRE,SD00,RM00,,,,,,,,,0,0,,H,USD,30864.20,0,30864.20,,,,1,G,1,G,1,G,,,,,0,,,0,X,,,,,,NA00,,,,,,,,,,,,2017,,,US00,,0,,0,0,0,,0,2,,,,,,,,,B,,,,0,,,,,0,0,0,,,,,0,,0,0,0,,,,,0,,,,0,0,0,,,,,,,,,,,,,,,,,,,,,,,,,,,,,,,,,,,,,,,,,,,,,,,,,,,,,,,,,,,,,,,,,,,,,,,,,,,,,,,,,,,,,,,,,,,,
375,5000004399,2017,1,1,0,0,0,333,,SWISS SAPPHIRE,SD00,RM00,,,,,,,,,0,0,,H,USD,30864.20,0,30864.20,,,,1,G,1,G,1,G,,,,,0,,,0,X,,,,,,NA00,,,,,,,,,,,,2017,,,US00,,0,,0,0,0,,0,2,,,,,,,,,B,,,,0,,,,,0,0,0,,,,,0,,0,0,0,,,,,0,,,,0,0,0,,,,,,,,,,,,,,,,,,,,,,,,,,,,,,,,,,,,,,,,,,,,,,,,,,,,,,,,,,,,,,,,,,,,,,,,,,,,,,,,,,,,,,,,,,,,
375,5000004400,2017,1,1,0,0,0,333,,SWISS SAPPHIRE,SD00,RM00,,,,,,,,,0,0,,H,USD,30864.20,0,30864.20,,,,1,G,1,G,1,G,,,,,0,,,0,X,,,,,,NA00,,,,,,,,,,,,2017,,,US00,,0,,0,0,0,,0,2,,,,,,,,,B,,,,0,,,,,0,0,0,,,,,0,,0,0,0,,,,,0,,,,0,0,0,,,,,,,,,,,,,,,,,,,,,,,,,,,,,,,,,,,,,,,,,,,,,,,,,,,,,,,,,,,,,,,,,,,,,,,,,,,,,,,,,,,,,,,,,,,,
375,5000004401,2017,1,1,0,0,0,333,,SWISS SAPPHIRE,SD00,RM00,,,,,,,,,0,0,,H,USD,30864.20,0,30864.20,,,,1,G,1,G,1,G,,,,,0,,,0,X,,,,,,NA00,,,,,,,,,,,,2017,,,US00,,0,,0,0,0,,0,2,,,,,,,,,B,,,,0,,,,,0,0,0,,,,,0,,0,0,0,,,,,0,,,,0,0,0,,,,,,,,,,,,,,,,,,,,,,,,,,,,,,,,,,,,,,,,,,,,,,,,,,,,,,,,,,,,,,,,,,,,,,,,,,,,,,,,,,,,,,,,,,,,
375,5000004402,2017,1,1,0,0,0,333,,TEST,SD00,RM00,,,,,,,,,0,0,,H,USD,509.78,0,509.78,,,,29,LB,29,LB,29,LB,,,,,0,,,0,X,,,,,,NA00,,,,,,,,,,,,2017,,,US00,,0,,0,0,0,,0,2,,,,,,,,,B,,,,0,,,,,0,0,0,,,,,0,,0,0,0,,,,,0,,,,0,0,0,,,,,,,,,,,,,,,,,,,,,,,,,,,,,,,,,,,,,,,,,,,,,,,,,,,,,,,,,,,,,,,,,,,,,,,,,,,,,,,,,,,,,,,,,,,,
375,5000004403,2017,1,1,0,0,0,333,,TEST,SD00,RM00,,,,,,,,,0,0,,H,USD,492.20,0,492.20,,,,28,LB,28,LB,28,LB,,,,,0,,,0,X,,,,,,NA00,,,,,,,,,,,,2017,,,US00,,0,,0,0,0,,0,2,,,,,,,,,B,,,,0,,,,,0,0,0,,,,,0,,0,0,0,,,,,0,,,,0,0,0,,,,,,,,,,,,,,,,,,,,,,,,,,,,,,,,,,,,,,,,,,,,,,,,,,,,,,,,,,,,,,,,,,,,,,,,,,,,,,,,,,,,,,,,,,,,
375,5000004404,2017,1,1,0,0,0,333,,TEST,SD00,RM00,,,,,,,,,0,0,,H,USD,580.09,0,580.09,,,,33,LB,33,LB,33,LB,,,,,0,,,0,X,,,,,,NA00,,,,,,,,,,,,2017,,,US00,,0,,0,0,0,,0,2,,,,,,,,,B,,,,0,,,,,0,0,0,,,,,0,,0,0,0,,,,,0,,,,0,0,0,,,,,,,,,,,,,,,,,,,,,,,,,,,,,,,,,,,,,,,,,,,,,,,,,,,,,,,,,,,,,,,,,,,,,,,,,,,,,,,,,,,,,,,,,,,,
375,5000004405,2017,1,1,0,0,0,333,,TEST,SD00,RM00,,,,,,,,,0,0,,H,USD,562.51,0,562.51,,,,32,LB,32,LB,32,LB,,,,,0,,,0,X,,,,,,NA00,,,,,,,,,,,,2017,,,US00,,0,,0,0,0,,0,2,,,,,,,,,B,,,,0,,,,,0,0,0,,,,,0,,0,0,0,,,,,0,,,,0,0,0,,,,,,,,,,,,,,,,,,,,,,,,,,,,,,,,,,,,,,,,,,,,,,,,,,,,,,,,,,,,,,,,,,,,,,,,,,,,,,,,,,,,,,,,,,,,
375,5000004406,2017,1,1,0,0,0,333,,TEST,SD00,RM00,,,,,,,,,0,0,,H,USD,316.41,0,316.41,,,,18,LB,18,LB,18,LB,,,,,0,,,0,X,,,,,,NA00,,,,,,,,,,,,2017,,,US00,,0,,0,0,0,,0,2,,,,,,,,,B,,,,0,,,,,0,0,0,,,,,0,,0,0,0,,,,,0,,,,0,0,0,,,,,,,,,,,,,,,,,,,,,,,,,,,,,,,,,,,,,,,,,,,,,,,,,,,,,,,,,,,,,,,,,,,,,,,,,,,,,,,,,,,,,,,,,,,,
375,5000004407,2017,1,1,0,0,0,333,,TEST,SD00,RM00,,,,,,,,,0,0,,H,USD,509.78,0,509.78,,,,29,LB,29,LB,29,LB,,,,,0,,,0,X,,,,,,NA00,,,,,,,,,,,,2017,,,US00,,0,,0,0,0,,0,2,,,,,,,,,B,,,,0,,,,,0,0,0,,,,,0,,0,0,0,,,,,0,,,,0,0,0,,,,,,,,,,,,,,,,,,,,,,,,,,,,,,,,,,,,,,,,,,,,,,,,,,,,,,,,,,,,,,,,,,,,,,,,,,,,,,,,,,,,,,,,,,,,
375,5000004408,2017,1,1,0,0,0,333,,TEST,SD00,RM00,,,,,,,,,0,0,,H,USD,316.41,0,316.41,,,,18,LB,18,LB,18,LB,,,,,0,,,0,X,,,,,,NA00,,,,,,,,,,,,2017,,,US00,,0,,0,0,0,,0,2,,,,,,,,,B,,,,0,,,,,0,0,0,,,,,0,,0,0,0,,,,,0,,,,0,0,0,,,,,,,,,,,,,,,,,,,,,,,,,,,,,,,,,,,,,,,,,,,,,,,,,,,,,,,,,,,,,,,,,,,,,,,,,,,,,,,,,,,,,,,,,,,,
375,5000004409,2017,1,1,0,0,0,333,,TEST,SD00,RM00,,,,,,,,,0,0,,H,USD,210.94,0,210.94,,,,12,LB,12,LB,12,LB,,,,,0,,,0,X,,,,,,NA00,,,,,,,,,,,,2017,,,US00,,0,,0,0,0,,0,2,,,,,,,,,B,,,,0,,,,,0,0,0,,,,,0,,0,0,0,,,,,0,,,,0,0,0,,,,,,,,,,,,,,,,,,,,,,,,,,,,,,,,,,,,,,,,,,,,,,,,,,,,,,,,,,,,,,,,,,,,,,,,,,,,,,,,,,,,,,,,,,,,
375,5000004410,2017,1,1,0,0,0,333,,WALLET,SD00,RM00,,,,,,,,,0,0,,H,USD,0.82,0,0.82,,,,34,LB,34,LB,34,LB,,,,,0,,,0,X,,,,,,NA00,,,,,,,,,,,,2017,,,US00,,0,,0,0,0,,0,2,,,,,,,,,B,,,,0,,,,,0,0,0,,,,,0,,0,0,0,,,,,0,,,,0,0,0,,,,,,,,,,,,,,,,,,,,,,,,,,,,,,,,,,,,,,,,,,,,,,,,,,,,,,,,,,,,,,,,,,,,,,,,,,,,,,,,,,,,,,,,,,,,
375,5000004411,2017,1,1,0,0,0,333,,WALLET,SD00,RM00,,,,,,,,,0,0,,H,USD,0.22,0,0.22,,,,9,LB,9,LB,9,LB,,,,,0,,,0,X,,,,,,NA00,,,,,,,,,,,,2017,,,US00,,0,,0,0,0,,0,2,,,,,,,,,B,,,,0,,,,,0,0,0,,,,,0,,0,0,0,,,,,0,,,,0,0,0,,,,,,,,,,,,,,,,,,,,,,,,,,,,,,,,,,,,,,,,,,,,,,,,,,,,,,,,,,,,,,,,,,,,,,,,,,,,,,,,,,,,,,,,,,,,
375,5000004412,2017,1,1,0,0,0,333,,WALLET,SD00,RM00,,,,,,,,,0,0,,H,USD,2.42,0,2.42,,,,100,LB,100,LB,100,LB,,,,,0,,,0,X,,,,,,NA00,,,,,,,,,,,,2017,,,US00,,0,,0,0,0,,0,2,,,,,,,,,B,,,,0,,,,,0,0,0,,,,,0,,0,0,0,,,,,0,,,,0,0,0,,,,,,,,,,,,,,,,,,,,,,,,,,,,,,,,,,,,,,,,,,,,,,,,,,,,,,,,,,,,,,,,,,,,,,,,,,,,,,,,,,,,,,,,,,,,
375,5000004413,2017,1,1,0,0,0,333,,WALLET,SD00,RM00,,,,,,,,,0,0,,H,USD,0.44,0,0.44,,,,18,LB,18,LB,18,LB,,,,,0,,,0,X,,,,,,NA00,,,,,,,,,,,,2017,,,US00,,0,,0,0,0,,0,2,,,,,,,,,B,,,,0,,,,,0,0,0,,,,,0,,0,0,0,,,,,0,,,,0,0,0,,,,,,,,,,,,,,,,,,,,,,,,,,,,,,,,,,,,,,,,,,,,,,,,,,,,,,,,,,,,,,,,,,,,,,,,,,,,,,,,,,,,,,,,,,,,
375,5000004414,2017,1,1,0,0,0,333,,WALLET,SD00,RM00,,,,,,,,,0,0,,H,USD,0.63,0,0.63,,,,26,LB,26,LB,26,LB,,,,,0,,,0,X,,,,,,NA00,,,,,,,,,,,,2017,,,US00,,0,,0,0,0,,0,2,,,,,,,,,B,,,,0,,,,,0,0,0,,,,,0,,0,0,0,,,,,0,,,,0,0,0,,,,,,,,,,,,,,,,,,,,,,,,,,,,,,,,,,,,,,,,,,,,,,,,,,,,,,,,,,,,,,,,,,,,,,,,,,,,,,,,,,,,,,,,,,,,
375,5000004415,2017,1,1,0,0,0,333,,ZTESTHEXNT,SD00,RM00,,,,,,,,,0,0,,H,USD,620.37,0,620.37,,,,113,LB,113,LB,113,LB,,,,,0,,,0,X,,,,,,NA00,,,,,,,,,,,,2017,,,US00,,0,,0,0,0,,0,2,,,,,,,,,B,,,,0,,,,,0,0,0,,,,,0,,0,0,0,,,,,0,,,,0,0,0,,,,,,,,,,,,,,,,,,,,,,,,,,,,,,,,,,,,,,,,,,,,,,,,,,,,,,,,,,,,,,,,,,,,,,,,,,,,,,,,,,,,,,,,,,,,
375,5000004416,2017,1,1,0,0,0,333,,ZTESTHEXNT,SD00,RM00,,,,,,,,,0,0,,H,USD,592.92,0,592.92,,,,108,LB,108,LB,108,LB,,,,,0,,,0,X,,,,,,NA00,,,,,,,,,,,,2017,,,US00,,0,,0,0,0,,0,2,,,,,,,,,B,,,,0,,,,,0,0,0,,,,,0,,0,0,0,,,,,0,,,,0,0,0,,,,,,,,,,,,,,,,,,,,,,,,,,,,,,,,,,,,,,,,,,,,,,,,,,,,,,,,,,,,,,,,,,,,,,,,,,,,,,,,,,,,,,,,,,,,
375,5000004417,2017,1,1,0,0,0,333,,ZTESTHEXNT,SD00,RM00,,,,,,,,,0,0,,H,USD,3332.42,0,3332.42,,,,607,LB,607,LB,607,LB,,,,,0,,,0,X,,,,,,NA00,,,,,,,,,,,,2017,,,US00,,0,,0,0,0,,0,2,,,,,,,,,B,,,,0,,,,,0,0,0,,,,,0,,0,0,0,,,,,0,,,,0,0,0,,,,,,,,,,,,,,,,,,,,,,,,,,,,,,,,,,,,,,,,,,,,,,,,,,,,,,,,,,,,,,,,,,,,,,,,,,,,,,,,,,,,,,,,,,,,
375,5000004418,2017,1,1,0,0,0,333,,ZTESTHEXNT,SD00,RM00,,,,,,,,,0,0,,H,USD,252.54,0,252.54,,,,46,LB,46,LB,46,LB,,,,,0,,,0,X,,,,,,NA00,,,,,,,,,,,,2017,,,US00,,0,,0,0,0,,0,2,,,,,,,,,B,,,,0,,,,,0,0,0,,,,,0,,0,0,0,,,,,0,,,,0,0,0,,,,,,,,,,,,,,,,,,,,,,,,,,,,,,,,,,,,,,,,,,,,,,,,,,,,,,,,,,,,,,,,,,,,,,,,,,,,,,,,,,,,,,,,,,,,